filename,filepath,tsne_dim1,tsne_dim2
xtal_1.cif,./Al13Sc3N16/__initial__/2/xtal_1.cif,5.0219374,12.750566
xtal_10.cif,./Al13Sc3N16/__initial__/2/xtal_10.cif,26.136284,91.21479
xtal_100.cif,./Al13Sc3N16/2/xtal_100.cif,13.176322,30.582901
xtal_11.cif,./Al13Sc3N16/2/xtal_11.cif,-17.384903,86.12116
xtal_12.cif,./Al13Sc3N16/2/xtal_12.cif,-25.893404,45.657967
xtal_13.cif,./Al13Sc3N16/__initial__/2/xtal_13.cif,-3.026288,-23.8129
xtal_14.cif,./Al13Sc3N16/2/xtal_14.cif,64.4814,62.45446
xtal_15.cif,./Al13Sc3N16/__initial__/2/xtal_15.cif,27.61272,40.90697
xtal_16.cif,./Al13Sc3N16/2/xtal_16.cif,55.275658,67.38597
xtal_17.cif,./Al13Sc3N16/__initial__/2/xtal_17.cif,50.265423,33.978733
xtal_18.cif,./Al13Sc3N16/__initial__/2/xtal_18.cif,-28.55245,-29.05705
xtal_19.cif,./Al13Sc3N16/2/xtal_19.cif,11.55945,41.07264
xtal_2.cif,./Al13Sc3N16/2/xtal_2.cif,13.258103,27.266222
xtal_20.cif,./Al13Sc3N16/2/xtal_20.cif,61.161396,59.50347
xtal_21.cif,./Al13Sc3N16/2/xtal_21.cif,29.580595,43.66201
xtal_22.cif,./Al13Sc3N16/__initial__/2/xtal_22.cif,28.751688,44.232567
xtal_23.cif,./Al13Sc3N16/__initial__/2/xtal_23.cif,-21.814686,-30.604996
xtal_24.cif,./Al13Sc3N16/__initial__/2/xtal_24.cif,13.523909,-8.004574
xtal_25.cif,./Al13Sc3N16/2/xtal_25.cif,32.151134,48.761494
xtal_26.cif,./Al13Sc3N16/2/xtal_26.cif,11.576357,41.102345
xtal_27.cif,./Al13Sc3N16/2/xtal_27.cif,-45.270927,-51.678825
xtal_28.cif,./Al13Sc3N16/2/xtal_28.cif,22.615597,64.58608
xtal_29.cif,./Al13Sc3N16/__initial__/2/xtal_29.cif,-48.12751,10.754352
xtal_3.cif,./Al13Sc3N16/2/xtal_3.cif,15.036589,-10.133714
xtal_30.cif,./Al13Sc3N16/2/xtal_30.cif,-78.448105,19.40584
xtal_31.cif,./Al13Sc3N16/__initial__/2/xtal_31.cif,3.789715,82.79356
xtal_32.cif,./Al13Sc3N16/2/xtal_32.cif,-7.0467114,-21.707773
xtal_33.cif,./Al13Sc3N16/__initial__/2/xtal_33.cif,1.0845174,23.047623
xtal_34.cif,./Al13Sc3N16/2/xtal_34.cif,-2.3227255,-0.7548185
xtal_35.cif,./Al13Sc3N16/__initial__/2/xtal_35.cif,48.31387,37.932186
xtal_36.cif,./Al13Sc3N16/2/xtal_36.cif,28.855438,35.790073
xtal_37.cif,./Al13Sc3N16/__initial__/2/xtal_37.cif,-33.098003,5.9354134
xtal_38.cif,./Al13Sc3N16/2/xtal_38.cif,-29.977299,-50.92728
xtal_39.cif,./Al13Sc3N16/2/xtal_39.cif,26.870293,46.43575
xtal_4.cif,./Al13Sc3N16/2/xtal_4.cif,61.251102,58.15514
xtal_40.cif,./Al13Sc3N16/2/xtal_40.cif,-35.591927,-36.46236
xtal_41.cif,./Al13Sc3N16/__initial__/2/xtal_41.cif,-34.247604,10.880263
xtal_42.cif,./Al13Sc3N16/__initial__/2/xtal_42.cif,-47.95882,-23.205076
xtal_43.cif,./Al13Sc3N16/2/xtal_43.cif,2.8418941,-18.453854
xtal_44.cif,./Al13Sc3N16/__initial__/2/xtal_44.cif,-58.70575,48.97826
xtal_45.cif,./Al13Sc3N16/__initial__/2/xtal_45.cif,-87.38209,-21.167982
xtal_46.cif,./Al13Sc3N16/2/xtal_46.cif,14.880157,51.673798
xtal_47.cif,./Al13Sc3N16/2/xtal_47.cif,27.092648,43.107807
xtal_48.cif,./Al13Sc3N16/__initial__/2/xtal_48.cif,-88.39805,-31.985062
xtal_49.cif,./Al13Sc3N16/__initial__/2/xtal_49.cif,-103.05127,-0.12912916
xtal_5.cif,./Al13Sc3N16/2/xtal_5.cif,8.638216,6.7476583
xtal_50.cif,./Al13Sc3N16/2/xtal_50.cif,-27.456894,-56.229805
xtal_51.cif,./Al13Sc3N16/__initial__/2/xtal_51.cif,14.744211,31.64956
xtal_52.cif,./Al13Sc3N16/__initial__/2/xtal_52.cif,-55.838387,-30.879911
xtal_53.cif,./Al13Sc3N16/2/xtal_53.cif,48.363224,53.69503
xtal_54.cif,./Al13Sc3N16/__initial__/2/xtal_54.cif,6.806764,27.817957
xtal_55.cif,./Al13Sc3N16/__initial__/2/xtal_55.cif,-13.767037,40.954525
xtal_56.cif,./Al13Sc3N16/2/xtal_56.cif,-32.836605,-30.39694
xtal_57.cif,./Al13Sc3N16/__initial__/2/xtal_57.cif,5.5671635,-8.724664
xtal_58.cif,./Al13Sc3N16/__initial__/2/xtal_58.cif,-31.162567,-37.929947
xtal_59.cif,./Al13Sc3N16/__initial__/2/xtal_59.cif,-38.264492,-63.52691
xtal_6.cif,./Al13Sc3N16/__initial__/2/xtal_6.cif,-31.510061,-33.718235
xtal_60.cif,./Al13Sc3N16/2/xtal_60.cif,-10.444306,3.200082
xtal_61.cif,./Al13Sc3N16/__initial__/2/xtal_61.cif,-31.022234,-29.035091
xtal_62.cif,./Al13Sc3N16/__initial__/2/xtal_62.cif,28.322407,51.917423
xtal_63.cif,./Al13Sc3N16/__initial__/2/xtal_63.cif,44.471252,72.42946
xtal_64.cif,./Al13Sc3N16/__initial__/2/xtal_64.cif,-18.785385,2.3379428
xtal_65.cif,./Al13Sc3N16/2/xtal_65.cif,33.99417,41.94213
xtal_66.cif,./Al13Sc3N16/__initial__/2/xtal_66.cif,-29.29237,-51.573433
xtal_67.cif,./Al13Sc3N16/__initial__/2/xtal_67.cif,-66.78294,25.82185
xtal_68.cif,./Al13Sc3N16/2/xtal_68.cif,-62.52841,-42.159016
xtal_69.cif,./Al13Sc3N16/__initial__/2/xtal_69.cif,55.511826,72.483574
xtal_7.cif,./Al13Sc3N16/__initial__/2/xtal_7.cif,-80.53561,5.160045
xtal_70.cif,./Al13Sc3N16/2/xtal_70.cif,29.439,40.956406
xtal_71.cif,./Al13Sc3N16/2/xtal_71.cif,55.54047,67.41263
xtal_72.cif,./Al13Sc3N16/2/xtal_72.cif,13.878326,33.48165
xtal_73.cif,./Al13Sc3N16/__initial__/2/xtal_73.cif,43.20133,28.460741
xtal_74.cif,./Al13Sc3N16/2/xtal_74.cif,0.828123,20.965536
xtal_75.cif,./Al13Sc3N16/__initial__/2/xtal_75.cif,45.010406,31.635174
xtal_76.cif,./Al13Sc3N16/2/xtal_76.cif,-23.8209,-44.700554
xtal_77.cif,./Al13Sc3N16/2/xtal_77.cif,69.33157,62.17897
xtal_78.cif,./Al13Sc3N16/__initial__/2/xtal_78.cif,0.42654723,69.87502
xtal_79.cif,./Al13Sc3N16/__initial__/2/xtal_79.cif,-7.8498774,31.05695
xtal_8.cif,./Al13Sc3N16/__initial__/2/xtal_8.cif,-34.156242,-22.647104
xtal_80.cif,./Al13Sc3N16/__initial__/2/xtal_80.cif,-30.534584,-42.072983
xtal_81.cif,./Al13Sc3N16/__initial__/2/xtal_81.cif,32.553562,19.355707
xtal_82.cif,./Al13Sc3N16/2/xtal_82.cif,12.839987,0.8956839
xtal_83.cif,./Al13Sc3N16/__initial__/2/xtal_83.cif,26.658134,37.1076
xtal_84.cif,./Al13Sc3N16/__initial__/2/xtal_84.cif,-46.688766,-33.68871
xtal_85.cif,./Al13Sc3N16/__initial__/2/xtal_85.cif,11.169236,45.216846
xtal_86.cif,./Al13Sc3N16/2/xtal_86.cif,1.3302343,8.649988
xtal_87.cif,./Al13Sc3N16/__initial__/2/xtal_87.cif,-10.906334,-30.853651
xtal_88.cif,./Al13Sc3N16/2/xtal_88.cif,-50.24969,-45.2663
xtal_89.cif,./Al13Sc3N16/2/xtal_89.cif,-8.304493,-24.387365
xtal_9.cif,./Al13Sc3N16/2/xtal_9.cif,4.754191,0.29075912
xtal_90.cif,./Al13Sc3N16/__initial__/2/xtal_90.cif,-43.98171,-44.590504
xtal_91.cif,./Al13Sc3N16/2/xtal_91.cif,0.06428612,-12.125503
xtal_92.cif,./Al13Sc3N16/2/xtal_92.cif,29.642477,39.790848
xtal_93.cif,./Al13Sc3N16/2/xtal_93.cif,-8.133769,26.079987
xtal_94.cif,./Al13Sc3N16/2/xtal_94.cif,4.1864467,2.3978612
xtal_95.cif,./Al13Sc3N16/2/xtal_95.cif,39.9464,9.549009
xtal_96.cif,./Al13Sc3N16/2/xtal_96.cif,-10.090599,-28.250608
xtal_97.cif,./Al13Sc3N16/__initial__/2/xtal_97.cif,54.333565,73.428215
xtal_98.cif,./Al13Sc3N16/__initial__/2/xtal_98.cif,42.781506,32.896503
xtal_99.cif,./Al13Sc3N16/2/xtal_99.cif,-10.57025,-31.56829
xtal_1.cif,./Al13Sc3N16/3/xtal_1.cif,-46.901337,-59.178627
xtal_10.cif,./Al13Sc3N16/__initial__/3/xtal_10.cif,51.113102,-14.137502
xtal_100.cif,./Al13Sc3N16/__initial__/3/xtal_100.cif,57.741543,-82.78009
xtal_11.cif,./Al13Sc3N16/3/xtal_11.cif,11.463348,-60.41408
xtal_12.cif,./Al13Sc3N16/3/xtal_12.cif,44.710464,-14.081926
xtal_13.cif,./Al13Sc3N16/__initial__/3/xtal_13.cif,61.32503,-44.604046
xtal_14.cif,./Al13Sc3N16/__initial__/3/xtal_14.cif,81.37604,-54.238655
xtal_15.cif,./Al13Sc3N16/3/xtal_15.cif,93.085655,-17.696798
xtal_16.cif,./Al13Sc3N16/__initial__/3/xtal_16.cif,37.529324,-78.38192
xtal_17.cif,./Al13Sc3N16/__initial__/3/xtal_17.cif,-39.921238,-45.14873
xtal_18.cif,./Al13Sc3N16/3/xtal_18.cif,77.23297,13.072475
xtal_19.cif,./Al13Sc3N16/3/xtal_19.cif,63.46994,-19.872198
xtal_2.cif,./Al13Sc3N16/__initial__/3/xtal_2.cif,83.45783,-34.533867
xtal_20.cif,./Al13Sc3N16/3/xtal_20.cif,-72.93866,-34.06649
xtal_21.cif,./Al13Sc3N16/__initial__/3/xtal_21.cif,8.921112,-57.068867
xtal_22.cif,./Al13Sc3N16/3/xtal_22.cif,44.804863,64.20498
xtal_23.cif,./Al13Sc3N16/__initial__/3/xtal_23.cif,-85.64237,-15.05407
xtal_24.cif,./Al13Sc3N16/3/xtal_24.cif,74.45351,13.12146
xtal_25.cif,./Al13Sc3N16/__initial__/3/xtal_25.cif,17.632132,24.653648
xtal_26.cif,./Al13Sc3N16/__initial__/3/xtal_26.cif,-57.27803,-61.152344
xtal_27.cif,./Al13Sc3N16/__initial__/3/xtal_27.cif,7.3158503,-57.426228
xtal_28.cif,./Al13Sc3N16/3/xtal_28.cif,79.78505,12.442349
xtal_29.cif,./Al13Sc3N16/3/xtal_29.cif,26.10243,82.68955
xtal_3.cif,./Al13Sc3N16/3/xtal_3.cif,67.15671,22.303354
xtal_30.cif,./Al13Sc3N16/__initial__/3/xtal_30.cif,83.61438,46.9372
xtal_31.cif,./Al13Sc3N16/3/xtal_31.cif,53.00955,24.584507
xtal_32.cif,./Al13Sc3N16/__initial__/3/xtal_32.cif,31.406668,43.57201
xtal_33.cif,./Al13Sc3N16/__initial__/3/xtal_33.cif,-53.868782,60.91327
xtal_34.cif,./Al13Sc3N16/3/xtal_34.cif,-45.908287,14.114463
xtal_35.cif,./Al13Sc3N16/3/xtal_35.cif,59.519043,16.806873
xtal_36.cif,./Al13Sc3N16/__initial__/3/xtal_36.cif,68.86616,42.315056
xtal_37.cif,./Al13Sc3N16/3/xtal_37.cif,84.430695,32.633804
xtal_38.cif,./Al13Sc3N16/__initial__/3/xtal_38.cif,-66.790985,-12.834609
xtal_39.cif,./Al13Sc3N16/3/xtal_39.cif,87.91094,18.258247
xtal_4.cif,./Al13Sc3N16/3/xtal_4.cif,96.599075,-11.054313
xtal_40.cif,./Al13Sc3N16/3/xtal_40.cif,50.613678,-45.611855
xtal_41.cif,./Al13Sc3N16/__initial__/3/xtal_41.cif,43.66975,-45.48367
xtal_42.cif,./Al13Sc3N16/__initial__/3/xtal_42.cif,26.273453,-68.53742
xtal_43.cif,./Al13Sc3N16/3/xtal_43.cif,78.76347,-52.05204
xtal_44.cif,./Al13Sc3N16/3/xtal_44.cif,4.6909227,0.19614518
xtal_45.cif,./Al13Sc3N16/__initial__/3/xtal_45.cif,-45.94682,-45.597004
xtal_46.cif,./Al13Sc3N16/__initial__/3/xtal_46.cif,70.08212,-32.192833
xtal_47.cif,./Al13Sc3N16/3/xtal_47.cif,67.41079,8.991878
xtal_48.cif,./Al13Sc3N16/__initial__/3/xtal_48.cif,37.24983,-6.9558463
xtal_49.cif,./Al13Sc3N16/__initial__/3/xtal_49.cif,41.032673,-65.70903
xtal_5.cif,./Al13Sc3N16/__initial__/3/xtal_5.cif,-93.42886,-34.22925
xtal_50.cif,./Al13Sc3N16/__initial__/3/xtal_50.cif,68.9374,-52.334343
xtal_51.cif,./Al13Sc3N16/__initial__/3/xtal_51.cif,70.488106,7.32386
xtal_52.cif,./Al13Sc3N16/__initial__/3/xtal_52.cif,98.96483,-14.730972
xtal_53.cif,./Al13Sc3N16/3/xtal_53.cif,-72.89174,-49.17531
xtal_54.cif,./Al13Sc3N16/3/xtal_54.cif,50.879894,-10.993084
xtal_55.cif,./Al13Sc3N16/3/xtal_55.cif,66.77732,-39.2188
xtal_56.cif,./Al13Sc3N16/__initial__/3/xtal_56.cif,79.26571,22.081264
xtal_57.cif,./Al13Sc3N16/__initial__/3/xtal_57.cif,95.411606,-2.385157
xtal_58.cif,./Al13Sc3N16/__initial__/3/xtal_58.cif,-93.120285,3.6999207
xtal_59.cif,./Al13Sc3N16/__initial__/3/xtal_59.cif,71.72379,26.155441
xtal_6.cif,./Al13Sc3N16/__initial__/3/xtal_6.cif,63.784298,-43.618572
xtal_60.cif,./Al13Sc3N16/__initial__/3/xtal_60.cif,-26.99539,-50.341938
xtal_61.cif,./Al13Sc3N16/3/xtal_61.cif,-15.762895,-63.762
xtal_62.cif,./Al13Sc3N16/3/xtal_62.cif,27.026398,-62.096436
xtal_63.cif,./Al13Sc3N16/3/xtal_63.cif,0.9440746,-69.06069
xtal_64.cif,./Al13Sc3N16/3/xtal_64.cif,36.179424,-71.66532
xtal_65.cif,./Al13Sc3N16/__initial__/3/xtal_65.cif,25.80788,71.24112
xtal_66.cif,./Al13Sc3N16/__initial__/3/xtal_66.cif,37.80007,38.54181
xtal_67.cif,./Al13Sc3N16/__initial__/3/xtal_67.cif,-67.14378,-11.488272
xtal_68.cif,./Al13Sc3N16/3/xtal_68.cif,28.497091,-60.534527
xtal_69.cif,./Al13Sc3N16/3/xtal_69.cif,-83.43093,-42.38572
xtal_7.cif,./Al13Sc3N16/__initial__/3/xtal_7.cif,-32.252464,0.90850794
xtal_70.cif,./Al13Sc3N16/__initial__/3/xtal_70.cif,16.529938,-42.086826
xtal_71.cif,./Al13Sc3N16/3/xtal_71.cif,65.35366,-18.624872
xtal_72.cif,./Al13Sc3N16/__initial__/3/xtal_72.cif,-22.086899,36.90717
xtal_73.cif,./Al13Sc3N16/__initial__/3/xtal_73.cif,-83.92877,-4.0087414
xtal_74.cif,./Al13Sc3N16/3/xtal_74.cif,70.47452,-43.37439
xtal_75.cif,./Al13Sc3N16/3/xtal_75.cif,-2.8504083,-78.1275
xtal_76.cif,./Al13Sc3N16/3/xtal_76.cif,-66.22419,-46.53591
xtal_77.cif,./Al13Sc3N16/3/xtal_77.cif,23.937931,82.32117
xtal_78.cif,./Al13Sc3N16/3/xtal_78.cif,11.019455,-56.985317
xtal_79.cif,./Al13Sc3N16/3/xtal_79.cif,59.870155,-33.996338
xtal_8.cif,./Al13Sc3N16/__initial__/3/xtal_8.cif,89.544495,-44.626244
xtal_80.cif,./Al13Sc3N16/3/xtal_80.cif,-4.5136786,-70.68403
xtal_81.cif,./Al13Sc3N16/__initial__/3/xtal_81.cif,-34.18168,66.40168
xtal_82.cif,./Al13Sc3N16/3/xtal_82.cif,23.035774,-59.80722
xtal_83.cif,./Al13Sc3N16/__initial__/3/xtal_83.cif,17.315142,-91.20075
xtal_84.cif,./Al13Sc3N16/3/xtal_84.cif,5.9795895,33.61715
xtal_85.cif,./Al13Sc3N16/__initial__/3/xtal_85.cif,102.012474,-4.2769866
xtal_86.cif,./Al13Sc3N16/3/xtal_86.cif,61.261898,-44.741074
xtal_87.cif,./Al13Sc3N16/3/xtal_87.cif,51.255314,-41.020084
xtal_88.cif,./Al13Sc3N16/3/xtal_88.cif,19.577047,-59.796417
xtal_89.cif,./Al13Sc3N16/3/xtal_89.cif,31.364073,-54.953625
xtal_9.cif,./Al13Sc3N16/__initial__/3/xtal_9.cif,81.13078,13.891526
xtal_90.cif,./Al13Sc3N16/3/xtal_90.cif,1.5275526,-75.1465
xtal_91.cif,./Al13Sc3N16/3/xtal_91.cif,76.345604,22.462563
xtal_92.cif,./Al13Sc3N16/__initial__/3/xtal_92.cif,100.57865,0.99205136
xtal_93.cif,./Al13Sc3N16/__initial__/3/xtal_93.cif,80.33903,-6.826404
xtal_94.cif,./Al13Sc3N16/__initial__/3/xtal_94.cif,9.438725,-64.14862
xtal_95.cif,./Al13Sc3N16/3/xtal_95.cif,27.180529,34.30561
xtal_96.cif,./Al13Sc3N16/__initial__/3/xtal_96.cif,-43.151676,-0.64227724
xtal_97.cif,./Al13Sc3N16/3/xtal_97.cif,-50.912975,-58.328552
xtal_98.cif,./Al13Sc3N16/3/xtal_98.cif,63.275562,4.632396
xtal_99.cif,./Al13Sc3N16/__initial__/3/xtal_99.cif,64.74029,9.373895
xtal_1.cif,./Al13Sc3N16/__initial__/4/xtal_1.cif,84.31476,-0.6891556
xtal_10.cif,./Al13Sc3N16/4/xtal_10.cif,16.547873,-39.605988
xtal_100.cif,./Al13Sc3N16/__initial__/4/xtal_100.cif,56.703987,-16.337812
xtal_11.cif,./Al13Sc3N16/__initial__/4/xtal_11.cif,57.77904,-70.72758
xtal_12.cif,./Al13Sc3N16/4/xtal_12.cif,69.5474,11.42244
xtal_13.cif,./Al13Sc3N16/4/xtal_13.cif,45.434956,-31.10685
xtal_14.cif,./Al13Sc3N16/__initial__/4/xtal_14.cif,-64.75695,-57.837578
xtal_15.cif,./Al13Sc3N16/__initial__/4/xtal_15.cif,14.523723,-21.852333
xtal_16.cif,./Al13Sc3N16/__initial__/4/xtal_16.cif,0.9249976,-17.35285
xtal_17.cif,./Al13Sc3N16/__initial__/4/xtal_17.cif,68.453606,51.783325
xtal_18.cif,./Al13Sc3N16/4/xtal_18.cif,41.655056,-43.04317
xtal_19.cif,./Al13Sc3N16/4/xtal_19.cif,76.60989,31.709558
xtal_2.cif,./Al13Sc3N16/4/xtal_2.cif,-0.6209597,-63.44145
xtal_20.cif,./Al13Sc3N16/__initial__/4/xtal_20.cif,-37.044533,-54.145466
xtal_21.cif,./Al13Sc3N16/__initial__/4/xtal_21.cif,30.610434,-43.529522
xtal_22.cif,./Al13Sc3N16/__initial__/4/xtal_22.cif,64.505615,-36.935863
xtal_23.cif,./Al13Sc3N16/4/xtal_23.cif,11.132367,-38.20289
xtal_24.cif,./Al13Sc3N16/__initial__/4/xtal_24.cif,-90.710884,-22.843458
xtal_25.cif,./Al13Sc3N16/4/xtal_25.cif,51.25086,-48.60304
xtal_26.cif,./Al13Sc3N16/__initial__/4/xtal_26.cif,91.65998,6.7159996
xtal_27.cif,./Al13Sc3N16/__initial__/4/xtal_27.cif,50.624268,-14.359184
xtal_28.cif,./Al13Sc3N16/4/xtal_28.cif,87.13165,-6.561643
xtal_29.cif,./Al13Sc3N16/__initial__/4/xtal_29.cif,-105.79724,4.1869464
xtal_3.cif,./Al13Sc3N16/4/xtal_3.cif,69.03963,12.580571
xtal_30.cif,./Al13Sc3N16/4/xtal_30.cif,5.626884,-56.91781
xtal_31.cif,./Al13Sc3N16/4/xtal_31.cif,10.281891,33.909744
xtal_32.cif,./Al13Sc3N16/__initial__/4/xtal_32.cif,51.582577,12.5651455
xtal_33.cif,./Al13Sc3N16/__initial__/4/xtal_33.cif,-26.004313,-55.101562
xtal_34.cif,./Al13Sc3N16/__initial__/4/xtal_34.cif,14.588211,-65.42467
xtal_35.cif,./Al13Sc3N16/__initial__/4/xtal_35.cif,36.804043,-8.378852
xtal_36.cif,./Al13Sc3N16/4/xtal_36.cif,43.90957,-32.585396
xtal_37.cif,./Al13Sc3N16/__initial__/4/xtal_37.cif,-35.14122,-56.52624
xtal_38.cif,./Al13Sc3N16/__initial__/4/xtal_38.cif,46.24027,-14.259532
xtal_39.cif,./Al13Sc3N16/__initial__/4/xtal_39.cif,64.09262,27.330969
xtal_4.cif,./Al13Sc3N16/4/xtal_4.cif,48.075333,-56.282825
xtal_40.cif,./Al13Sc3N16/__initial__/4/xtal_40.cif,-45.83361,-58.2012
xtal_41.cif,./Al13Sc3N16/4/xtal_41.cif,-21.183271,-52.023655
xtal_42.cif,./Al13Sc3N16/4/xtal_42.cif,10.956081,-38.245934
xtal_43.cif,./Al13Sc3N16/4/xtal_43.cif,23.050928,-64.028755
xtal_44.cif,./Al13Sc3N16/__initial__/4/xtal_44.cif,26.759735,-62.455353
xtal_45.cif,./Al13Sc3N16/4/xtal_45.cif,11.282704,-24.44225
xtal_46.cif,./Al13Sc3N16/4/xtal_46.cif,82.68987,-6.180925
xtal_47.cif,./Al13Sc3N16/__initial__/4/xtal_47.cif,31.710081,-45.85362
xtal_48.cif,./Al13Sc3N16/4/xtal_48.cif,65.60074,36.84483
xtal_49.cif,./Al13Sc3N16/__initial__/4/xtal_49.cif,67.10823,42.962444
xtal_5.cif,./Al13Sc3N16/4/xtal_5.cif,76.635544,24.508314
xtal_50.cif,./Al13Sc3N16/4/xtal_50.cif,44.142242,-17.765078
xtal_51.cif,./Al13Sc3N16/__initial__/4/xtal_51.cif,16.173462,-41.25253
xtal_52.cif,./Al13Sc3N16/4/xtal_52.cif,-5.089153,25.885683
xtal_53.cif,./Al13Sc3N16/__initial__/4/xtal_53.cif,46.522194,7.187465
xtal_54.cif,./Al13Sc3N16/4/xtal_54.cif,6.6789117,-56.615673
xtal_55.cif,./Al13Sc3N16/4/xtal_55.cif,49.846886,1.2203281
xtal_56.cif,./Al13Sc3N16/__initial__/4/xtal_56.cif,16.245321,57.555923
xtal_57.cif,./Al13Sc3N16/4/xtal_57.cif,49.978176,-38.434116
xtal_58.cif,./Al13Sc3N16/4/xtal_58.cif,-25.658857,-53.947353
xtal_59.cif,./Al13Sc3N16/4/xtal_59.cif,-10.837452,50.8511
xtal_6.cif,./Al13Sc3N16/__initial__/4/xtal_6.cif,52.50751,8.97405
xtal_60.cif,./Al13Sc3N16/__initial__/4/xtal_60.cif,61.36053,29.968344
xtal_61.cif,./Al13Sc3N16/4/xtal_61.cif,-18.427832,-45.15549
xtal_62.cif,./Al13Sc3N16/__initial__/4/xtal_62.cif,-59.839626,-47.21389
xtal_63.cif,./Al13Sc3N16/__initial__/4/xtal_63.cif,92.85687,19.216675
xtal_64.cif,./Al13Sc3N16/__initial__/4/xtal_64.cif,27.081814,-61.93652
xtal_65.cif,./Al13Sc3N16/__initial__/4/xtal_65.cif,62.50323,-12.311186
xtal_66.cif,./Al13Sc3N16/4/xtal_66.cif,47.2295,-20.971191
xtal_67.cif,./Al13Sc3N16/__initial__/4/xtal_67.cif,8.683447,-56.028004
xtal_68.cif,./Al13Sc3N16/4/xtal_68.cif,72.74876,-24.646334
xtal_69.cif,./Al13Sc3N16/4/xtal_69.cif,-74.58321,-50.464348
xtal_7.cif,./Al13Sc3N16/4/xtal_7.cif,10.423779,1.9114546
xtal_70.cif,./Al13Sc3N16/4/xtal_70.cif,16.232134,-87.913536
xtal_71.cif,./Al13Sc3N16/4/xtal_71.cif,88.05689,14.624544
xtal_72.cif,./Al13Sc3N16/4/xtal_72.cif,-1.18492,-0.036396585
xtal_73.cif,./Al13Sc3N16/4/xtal_73.cif,42.996346,-38.480656
xtal_74.cif,./Al13Sc3N16/__initial__/4/xtal_74.cif,26.314554,-63.66518
xtal_75.cif,./Al13Sc3N16/__initial__/4/xtal_75.cif,14.284579,52.595406
xtal_76.cif,./Al13Sc3N16/__initial__/4/xtal_76.cif,30.977388,14.669996
xtal_77.cif,./Al13Sc3N16/__initial__/4/xtal_77.cif,66.4876,25.358698
xtal_78.cif,./Al13Sc3N16/4/xtal_78.cif,84.84754,13.189206
xtal_79.cif,./Al13Sc3N16/4/xtal_79.cif,27.191875,-61.77523
xtal_8.cif,./Al13Sc3N16/4/xtal_8.cif,-92.54601,-33.33499
xtal_80.cif,./Al13Sc3N16/4/xtal_80.cif,-0.781659,-63.638878
xtal_81.cif,./Al13Sc3N16/__initial__/4/xtal_81.cif,60.05573,11.355099
xtal_82.cif,./Al13Sc3N16/__initial__/4/xtal_82.cif,48.855583,-52.492905
xtal_83.cif,./Al13Sc3N16/4/xtal_83.cif,92.29042,-20.005144
xtal_84.cif,./Al13Sc3N16/4/xtal_84.cif,40.81887,67.800835
xtal_85.cif,./Al13Sc3N16/4/xtal_85.cif,7.6234355,-56.38769
xtal_86.cif,./Al13Sc3N16/4/xtal_86.cif,-29.102072,-54.175316
xtal_87.cif,./Al13Sc3N16/4/xtal_87.cif,18.370726,-66.12674
xtal_88.cif,./Al13Sc3N16/__initial__/4/xtal_88.cif,77.03396,5.465731
xtal_89.cif,./Al13Sc3N16/__initial__/4/xtal_89.cif,23.441015,52.593838
xtal_9.cif,./Al13Sc3N16/4/xtal_9.cif,28.371052,-64.159706
xtal_90.cif,./Al13Sc3N16/4/xtal_90.cif,19.822414,-60.33663
xtal_91.cif,./Al13Sc3N16/__initial__/4/xtal_91.cif,80.980896,46.53709
xtal_92.cif,./Al13Sc3N16/4/xtal_92.cif,15.470224,-42.02109
xtal_93.cif,./Al13Sc3N16/__initial__/4/xtal_93.cif,56.29595,-29.11956
xtal_94.cif,./Al13Sc3N16/__initial__/4/xtal_94.cif,74.23265,39.692528
xtal_95.cif,./Al13Sc3N16/__initial__/4/xtal_95.cif,49.174435,57.289017
xtal_96.cif,./Al13Sc3N16/__initial__/4/xtal_96.cif,-66.16765,-46.88687
xtal_97.cif,./Al13Sc3N16/__initial__/4/xtal_97.cif,55.043316,-16.050383
xtal_98.cif,./Al13Sc3N16/4/xtal_98.cif,27.100891,-46.0698
xtal_99.cif,./Al13Sc3N16/__initial__/4/xtal_99.cif,-46.813137,-47.466278
xtal_1.cif,./Al13Sc3N16/5/xtal_1.cif,30.389673,-71.72719
xtal_10.cif,./Al13Sc3N16/__initial__/5/xtal_10.cif,73.41146,-76.361725
xtal_100.cif,./Al13Sc3N16/5/xtal_100.cif,46.68858,-55.028084
xtal_11.cif,./Al13Sc3N16/5/xtal_11.cif,12.421005,-54.494133
xtal_12.cif,./Al13Sc3N16/5/xtal_12.cif,-99.24246,-13.90617
xtal_13.cif,./Al13Sc3N16/5/xtal_13.cif,-60.393353,-58.40621
xtal_14.cif,./Al13Sc3N16/__initial__/5/xtal_14.cif,26.627657,-84.71371
xtal_15.cif,./Al13Sc3N16/__initial__/5/xtal_15.cif,90.28294,11.170946
xtal_16.cif,./Al13Sc3N16/__initial__/5/xtal_16.cif,-73.274994,-56.45767
xtal_17.cif,./Al13Sc3N16/__initial__/5/xtal_17.cif,-38.678482,72.986946
xtal_18.cif,./Al13Sc3N16/__initial__/5/xtal_18.cif,62.51269,31.075638
xtal_19.cif,./Al13Sc3N16/__initial__/5/xtal_19.cif,42.090836,-84.70782
xtal_2.cif,./Al13Sc3N16/5/xtal_2.cif,-9.983996,28.092865
xtal_20.cif,./Al13Sc3N16/5/xtal_20.cif,29.56723,-60.599693
xtal_21.cif,./Al13Sc3N16/5/xtal_21.cif,23.36821,-73.576
xtal_22.cif,./Al13Sc3N16/5/xtal_22.cif,73.525856,-2.765264
xtal_23.cif,./Al13Sc3N16/5/xtal_23.cif,50.41656,-44.413437
xtal_24.cif,./Al13Sc3N16/__initial__/5/xtal_24.cif,88.15222,-3.1700344
xtal_25.cif,./Al13Sc3N16/__initial__/5/xtal_25.cif,37.43514,-87.69019
xtal_26.cif,./Al13Sc3N16/__initial__/5/xtal_26.cif,73.596596,14.0712185
xtal_27.cif,./Al13Sc3N16/__initial__/5/xtal_27.cif,74.62713,6.346251
xtal_28.cif,./Al13Sc3N16/__initial__/5/xtal_28.cif,54.364815,-28.530766
xtal_29.cif,./Al13Sc3N16/5/xtal_29.cif,-74.66881,-45.40208
xtal_3.cif,./Al13Sc3N16/5/xtal_3.cif,73.32374,2.6899557
xtal_30.cif,./Al13Sc3N16/__initial__/5/xtal_30.cif,17.009466,55.282978
xtal_31.cif,./Al13Sc3N16/__initial__/5/xtal_31.cif,-12.915725,-81.971436
xtal_32.cif,./Al13Sc3N16/5/xtal_32.cif,68.99684,20.167873
xtal_33.cif,./Al13Sc3N16/__initial__/5/xtal_33.cif,87.215546,12.120388
xtal_34.cif,./Al13Sc3N16/5/xtal_34.cif,76.89937,1.934769
xtal_35.cif,./Al13Sc3N16/__initial__/5/xtal_35.cif,80.35017,16.146317
xtal_36.cif,./Al13Sc3N16/5/xtal_36.cif,75.27489,-2.4515855
xtal_37.cif,./Al13Sc3N16/5/xtal_37.cif,8.235086,-59.51473
xtal_38.cif,./Al13Sc3N16/__initial__/5/xtal_38.cif,73.90675,2.095442
xtal_39.cif,./Al13Sc3N16/__initial__/5/xtal_39.cif,10.855161,-75.326614
xtal_4.cif,./Al13Sc3N16/5/xtal_4.cif,-45.325706,-50.66517
xtal_40.cif,./Al13Sc3N16/5/xtal_40.cif,24.222145,-71.31679
xtal_41.cif,./Al13Sc3N16/5/xtal_41.cif,56.923714,6.1481414
xtal_42.cif,./Al13Sc3N16/5/xtal_42.cif,-91.50357,-17.3052
xtal_43.cif,./Al13Sc3N16/5/xtal_43.cif,10.178076,-77.605064
xtal_44.cif,./Al13Sc3N16/__initial__/5/xtal_44.cif,50.88449,-42.115013
xtal_45.cif,./Al13Sc3N16/__initial__/5/xtal_45.cif,-98.88609,-13.859909
xtal_46.cif,./Al13Sc3N16/5/xtal_46.cif,59.36958,-20.030169
xtal_47.cif,./Al13Sc3N16/__initial__/5/xtal_47.cif,-85.82242,-29.538689
xtal_48.cif,./Al13Sc3N16/5/xtal_48.cif,87.378654,14.884658
xtal_49.cif,./Al13Sc3N16/__initial__/5/xtal_49.cif,-4.6568384,27.702074
xtal_5.cif,./Al13Sc3N16/5/xtal_5.cif,76.23649,14.2213335
xtal_50.cif,./Al13Sc3N16/5/xtal_50.cif,-57.03696,-15.672828
xtal_51.cif,./Al13Sc3N16/__initial__/5/xtal_51.cif,73.59566,19.197989
xtal_52.cif,./Al13Sc3N16/5/xtal_52.cif,73.22816,-30.060766
xtal_53.cif,./Al13Sc3N16/__initial__/5/xtal_53.cif,-65.118484,-34.43395
xtal_54.cif,./Al13Sc3N16/5/xtal_54.cif,88.902084,18.794579
xtal_55.cif,./Al13Sc3N16/5/xtal_55.cif,42.91841,-38.576454
xtal_56.cif,./Al13Sc3N16/__initial__/5/xtal_56.cif,58.679695,-18.894821
xtal_57.cif,./Al13Sc3N16/__initial__/5/xtal_57.cif,78.34134,-1.6250527
xtal_58.cif,./Al13Sc3N16/__initial__/5/xtal_58.cif,-77.44106,-52.77774
xtal_59.cif,./Al13Sc3N16/5/xtal_59.cif,9.982532,40.541004
xtal_6.cif,./Al13Sc3N16/__initial__/5/xtal_6.cif,15.885977,-65.09374
xtal_60.cif,./Al13Sc3N16/__initial__/5/xtal_60.cif,40.480568,-67.50997
xtal_61.cif,./Al13Sc3N16/__initial__/5/xtal_61.cif,-91.02444,-19.427404
xtal_62.cif,./Al13Sc3N16/5/xtal_62.cif,88.57849,14.061762
xtal_63.cif,./Al13Sc3N16/__initial__/5/xtal_63.cif,8.758826,44.70121
xtal_64.cif,./Al13Sc3N16/5/xtal_64.cif,57.703964,-71.919754
xtal_65.cif,./Al13Sc3N16/5/xtal_65.cif,-8.637643,-39.100048
xtal_66.cif,./Al13Sc3N16/__initial__/5/xtal_66.cif,43.60636,-53.96895
xtal_67.cif,./Al13Sc3N16/5/xtal_67.cif,-81.155266,-1.1179522
xtal_68.cif,./Al13Sc3N16/5/xtal_68.cif,80.19417,48.445656
xtal_69.cif,./Al13Sc3N16/__initial__/5/xtal_69.cif,42.086628,-83.19115
xtal_7.cif,./Al13Sc3N16/5/xtal_7.cif,54.170338,-36.41478
xtal_70.cif,./Al13Sc3N16/__initial__/5/xtal_70.cif,84.68566,-13.040602
xtal_71.cif,./Al13Sc3N16/5/xtal_71.cif,38.937267,-69.212395
xtal_72.cif,./Al13Sc3N16/__initial__/5/xtal_72.cif,76.07399,11.267078
xtal_73.cif,./Al13Sc3N16/__initial__/5/xtal_73.cif,53.995743,-60.039177
xtal_74.cif,./Al13Sc3N16/__initial__/5/xtal_74.cif,74.52119,3.1264257
xtal_75.cif,./Al13Sc3N16/__initial__/5/xtal_75.cif,16.088095,45.039024
xtal_76.cif,./Al13Sc3N16/5/xtal_76.cif,36.576782,-57.078568
xtal_77.cif,./Al13Sc3N16/5/xtal_77.cif,12.269743,31.510588
xtal_78.cif,./Al13Sc3N16/__initial__/5/xtal_78.cif,50.463493,-33.235756
xtal_79.cif,./Al13Sc3N16/5/xtal_79.cif,-62.162903,59.090363
xtal_8.cif,./Al13Sc3N16/__initial__/5/xtal_8.cif,88.476555,33.658367
xtal_80.cif,./Al13Sc3N16/5/xtal_80.cif,62.324375,-74.53079
xtal_81.cif,./Al13Sc3N16/5/xtal_81.cif,72.66667,64.70655
xtal_82.cif,./Al13Sc3N16/__initial__/5/xtal_82.cif,-63.09168,-25.21291
xtal_83.cif,./Al13Sc3N16/5/xtal_83.cif,91.959694,-14.138926
xtal_84.cif,./Al13Sc3N16/5/xtal_84.cif,24.776722,-77.742195
xtal_85.cif,./Al13Sc3N16/5/xtal_85.cif,27.361414,-28.870749
xtal_86.cif,./Al13Sc3N16/5/xtal_86.cif,-4.8680253,16.95263
xtal_87.cif,./Al13Sc3N16/5/xtal_87.cif,6.409099,-69.86277
xtal_88.cif,./Al13Sc3N16/5/xtal_88.cif,66.58779,-78.23758
xtal_89.cif,./Al13Sc3N16/__initial__/5/xtal_89.cif,34.944332,-74.056694
xtal_9.cif,./Al13Sc3N16/5/xtal_9.cif,32.29892,-45.855137
xtal_90.cif,./Al13Sc3N16/__initial__/5/xtal_90.cif,57.357754,-26.410131
xtal_91.cif,./Al13Sc3N16/5/xtal_91.cif,52.100185,-16.23288
xtal_92.cif,./Al13Sc3N16/__initial__/5/xtal_92.cif,-96.2962,-28.688421
xtal_93.cif,./Al13Sc3N16/5/xtal_93.cif,-65.34191,-60.876713
xtal_94.cif,./Al13Sc3N16/__initial__/5/xtal_94.cif,12.108612,-42.804535
xtal_95.cif,./Al13Sc3N16/__initial__/5/xtal_95.cif,57.325577,-18.67976
xtal_96.cif,./Al13Sc3N16/__initial__/5/xtal_96.cif,61.49805,-54.556885
xtal_97.cif,./Al13Sc3N16/__initial__/5/xtal_97.cif,63.483677,-32.125633
xtal_98.cif,./Al13Sc3N16/__initial__/5/xtal_98.cif,79.74896,11.713184
xtal_99.cif,./Al13Sc3N16/__initial__/5/xtal_99.cif,76.241486,-48.367546
xtal_1.cif,./Al13Sc3N16/6/xtal_1.cif,86.394485,5.473602
xtal_10.cif,./Al13Sc3N16/__initial__/6/xtal_10.cif,4.9233265,-68.12041
xtal_100.cif,./Al13Sc3N16/__initial__/6/xtal_100.cif,13.966356,-87.96817
xtal_11.cif,./Al13Sc3N16/6/xtal_11.cif,-65.462776,-57.305466
xtal_12.cif,./Al13Sc3N16/6/xtal_12.cif,79.89411,-8.201251
xtal_13.cif,./Al13Sc3N16/6/xtal_13.cif,71.51614,33.64586
xtal_14.cif,./Al13Sc3N16/__initial__/6/xtal_14.cif,72.56426,-18.07697
xtal_15.cif,./Al13Sc3N16/__initial__/6/xtal_15.cif,32.120975,-48.72598
xtal_16.cif,./Al13Sc3N16/6/xtal_16.cif,96.989586,-1.116186
xtal_17.cif,./Al13Sc3N16/6/xtal_17.cif,88.220634,-17.446571
xtal_18.cif,./Al13Sc3N16/__initial__/6/xtal_18.cif,76.26844,-32.44717
xtal_19.cif,./Al13Sc3N16/__initial__/6/xtal_19.cif,-18.750257,47.580086
xtal_2.cif,./Al13Sc3N16/__initial__/6/xtal_2.cif,58.906067,-47.86055
xtal_20.cif,./Al13Sc3N16/__initial__/6/xtal_20.cif,46.162243,-73.247826
xtal_21.cif,./Al13Sc3N16/__initial__/6/xtal_21.cif,14.459547,-84.15371
xtal_22.cif,./Al13Sc3N16/6/xtal_22.cif,60.487488,-39.362053
xtal_23.cif,./Al13Sc3N16/6/xtal_23.cif,51.907505,-27.134424
xtal_24.cif,./Al13Sc3N16/__initial__/6/xtal_24.cif,95.7287,-39.21336
xtal_25.cif,./Al13Sc3N16/6/xtal_25.cif,-69.28553,-59.448074
xtal_26.cif,./Al13Sc3N16/6/xtal_26.cif,72.66381,34.58893
xtal_27.cif,./Al13Sc3N16/6/xtal_27.cif,62.077652,-34.855896
xtal_28.cif,./Al13Sc3N16/6/xtal_28.cif,72.67585,-26.710917
xtal_29.cif,./Al13Sc3N16/__initial__/6/xtal_29.cif,-8.520284,-78.36817
xtal_3.cif,./Al13Sc3N16/6/xtal_3.cif,53.71896,32.188488
xtal_30.cif,./Al13Sc3N16/__initial__/6/xtal_30.cif,84.0738,-38.179825
xtal_31.cif,./Al13Sc3N16/__initial__/6/xtal_31.cif,59.87583,-33.97774
xtal_32.cif,./Al13Sc3N16/6/xtal_32.cif,89.80281,29.200632
xtal_33.cif,./Al13Sc3N16/6/xtal_33.cif,69.27493,8.108522
xtal_34.cif,./Al13Sc3N16/6/xtal_34.cif,66.97341,-30.755453
xtal_35.cif,./Al13Sc3N16/__initial__/6/xtal_35.cif,-52.103096,-61.147556
xtal_36.cif,./Al13Sc3N16/__initial__/6/xtal_36.cif,69.64092,33.021225
xtal_37.cif,./Al13Sc3N16/__initial__/6/xtal_37.cif,61.25454,-52.5334
xtal_38.cif,./Al13Sc3N16/__initial__/6/xtal_38.cif,-74.995,-58.809082
xtal_39.cif,./Al13Sc3N16/__initial__/6/xtal_39.cif,43.506573,-70.76219
xtal_4.cif,./Al13Sc3N16/__initial__/6/xtal_4.cif,65.043755,-18.49969
xtal_40.cif,./Al13Sc3N16/6/xtal_40.cif,64.12116,-12.346389
xtal_41.cif,./Al13Sc3N16/6/xtal_41.cif,12.86522,-54.632145
xtal_42.cif,./Al13Sc3N16/6/xtal_42.cif,43.86691,-32.633434
xtal_43.cif,./Al13Sc3N16/6/xtal_43.cif,71.82553,7.358554
xtal_44.cif,./Al13Sc3N16/6/xtal_44.cif,-95.296906,1.2292335
xtal_45.cif,./Al13Sc3N16/__initial__/6/xtal_45.cif,0.41362268,-70.45831
xtal_46.cif,./Al13Sc3N16/6/xtal_46.cif,70.710884,16.424875
xtal_47.cif,./Al13Sc3N16/6/xtal_47.cif,0.16174956,-40.905094
xtal_48.cif,./Al13Sc3N16/__initial__/6/xtal_48.cif,-65.946785,-67.91145
xtal_49.cif,./Al13Sc3N16/__initial__/6/xtal_49.cif,69.62805,-41.175007
xtal_5.cif,./Al13Sc3N16/6/xtal_5.cif,-51.63854,-60.27507
xtal_50.cif,./Al13Sc3N16/6/xtal_50.cif,-59.848305,-59.45783
xtal_51.cif,./Al13Sc3N16/__initial__/6/xtal_51.cif,52.666134,-44.967617
xtal_52.cif,./Al13Sc3N16/__initial__/6/xtal_52.cif,50.663418,-27.872791
xtal_53.cif,./Al13Sc3N16/6/xtal_53.cif,-2.3737576,-73.54651
xtal_54.cif,./Al13Sc3N16/__initial__/6/xtal_54.cif,87.54653,11.332382
xtal_55.cif,./Al13Sc3N16/6/xtal_55.cif,57.385178,-18.631584
xtal_56.cif,./Al13Sc3N16/6/xtal_56.cif,16.502779,-72.73872
xtal_57.cif,./Al13Sc3N16/__initial__/6/xtal_57.cif,43.03458,-33.175785
xtal_58.cif,./Al13Sc3N16/__initial__/6/xtal_58.cif,-76.59745,-58.33443
xtal_59.cif,./Al13Sc3N16/6/xtal_59.cif,67.77009,-39.145115
xtal_6.cif,./Al13Sc3N16/__initial__/6/xtal_6.cif,68.74122,21.915018
xtal_60.cif,./Al13Sc3N16/6/xtal_60.cif,-71.21371,-59.89031
xtal_61.cif,./Al13Sc3N16/__initial__/6/xtal_61.cif,49.194798,-17.857355
xtal_62.cif,./Al13Sc3N16/__initial__/6/xtal_62.cif,-29.14895,-11.075555
xtal_63.cif,./Al13Sc3N16/__initial__/6/xtal_63.cif,30.649418,-90.324135
xtal_64.cif,./Al13Sc3N16/__initial__/6/xtal_64.cif,65.752686,-22.246887
xtal_65.cif,./Al13Sc3N16/__initial__/6/xtal_65.cif,14.591001,-84.74369
xtal_66.cif,./Al13Sc3N16/6/xtal_66.cif,-81.652176,-42.215572
xtal_67.cif,./Al13Sc3N16/6/xtal_67.cif,62.133484,23.175858
xtal_68.cif,./Al13Sc3N16/__initial__/6/xtal_68.cif,68.595055,9.741982
xtal_69.cif,./Al13Sc3N16/6/xtal_69.cif,75.575066,-28.353498
xtal_7.cif,./Al13Sc3N16/6/xtal_7.cif,62.979122,20.523373
xtal_70.cif,./Al13Sc3N16/__initial__/6/xtal_70.cif,20.976158,-70.59793
xtal_71.cif,./Al13Sc3N16/6/xtal_71.cif,70.21033,-4.4956865
xtal_72.cif,./Al13Sc3N16/__initial__/6/xtal_72.cif,50.36752,-58.712517
xtal_73.cif,./Al13Sc3N16/6/xtal_73.cif,-48.42105,-59.275837
xtal_74.cif,./Al13Sc3N16/6/xtal_74.cif,68.16404,-68.41719
xtal_75.cif,./Al13Sc3N16/6/xtal_75.cif,48.627945,-16.480911
xtal_76.cif,./Al13Sc3N16/__initial__/6/xtal_76.cif,-51.044296,-33.160915
xtal_77.cif,./Al13Sc3N16/__initial__/6/xtal_77.cif,59.4093,-56.43357
xtal_78.cif,./Al13Sc3N16/__initial__/6/xtal_78.cif,50.657055,-61.879025
xtal_79.cif,./Al13Sc3N16/__initial__/6/xtal_79.cif,52.273643,-89.78625
xtal_8.cif,./Al13Sc3N16/__initial__/6/xtal_8.cif,54.140038,9.48858
xtal_80.cif,./Al13Sc3N16/__initial__/6/xtal_80.cif,88.152534,-30.918066
xtal_81.cif,./Al13Sc3N16/6/xtal_81.cif,36.800858,-16.910423
xtal_82.cif,./Al13Sc3N16/6/xtal_82.cif,69.71246,42.89929
xtal_83.cif,./Al13Sc3N16/__initial__/6/xtal_83.cif,76.70758,9.086233
xtal_84.cif,./Al13Sc3N16/__initial__/6/xtal_84.cif,53.560635,-33.773476
xtal_85.cif,./Al13Sc3N16/__initial__/6/xtal_85.cif,34.16444,-79.29458
xtal_86.cif,./Al13Sc3N16/__initial__/6/xtal_86.cif,-65.12894,-56.99682
xtal_87.cif,./Al13Sc3N16/__initial__/6/xtal_87.cif,-31.80748,-56.403294
xtal_88.cif,./Al13Sc3N16/6/xtal_88.cif,-48.207302,-59.131737
xtal_89.cif,./Al13Sc3N16/__initial__/6/xtal_89.cif,33.265984,-51.47753
xtal_9.cif,./Al13Sc3N16/6/xtal_9.cif,72.743935,-56.15081
xtal_90.cif,./Al13Sc3N16/6/xtal_90.cif,12.011908,-69.86202
xtal_91.cif,./Al13Sc3N16/6/xtal_91.cif,25.044458,-32.03651
xtal_92.cif,./Al13Sc3N16/6/xtal_92.cif,67.769554,-17.189838
xtal_93.cif,./Al13Sc3N16/6/xtal_93.cif,82.30439,18.594385
xtal_94.cif,./Al13Sc3N16/__initial__/6/xtal_94.cif,78.4713,-23.835245
xtal_95.cif,./Al13Sc3N16/6/xtal_95.cif,34.945618,-33.756077
xtal_96.cif,./Al13Sc3N16/6/xtal_96.cif,70.56753,-43.367466
xtal_97.cif,./Al13Sc3N16/__initial__/6/xtal_97.cif,87.32683,-47.85869
xtal_98.cif,./Al13Sc3N16/6/xtal_98.cif,90.661224,-39.956966
xtal_99.cif,./Al13Sc3N16/6/xtal_99.cif,-49.067528,-59.652805
xtal_1.cif,./Al13Sc3N16/__initial__/7/xtal_1.cif,-66.905914,-57.679993
xtal_10.cif,./Al13Sc3N16/__initial__/7/xtal_10.cif,49.841434,-14.005267
xtal_100.cif,./Al13Sc3N16/7/xtal_100.cif,12.2023,-61.02498
xtal_11.cif,./Al13Sc3N16/__initial__/7/xtal_11.cif,83.656685,-16.151829
xtal_12.cif,./Al13Sc3N16/7/xtal_12.cif,15.313355,-65.31496
xtal_13.cif,./Al13Sc3N16/__initial__/7/xtal_13.cif,76.64343,23.183622
xtal_14.cif,./Al13Sc3N16/__initial__/7/xtal_14.cif,59.09545,3.3229773
xtal_15.cif,./Al13Sc3N16/__initial__/7/xtal_15.cif,69.65774,-48.18804
xtal_16.cif,./Al13Sc3N16/__initial__/7/xtal_16.cif,92.59,-20.096148
xtal_17.cif,./Al13Sc3N16/7/xtal_17.cif,69.62515,11.385109
xtal_18.cif,./Al13Sc3N16/__initial__/7/xtal_18.cif,72.299324,17.369812
xtal_19.cif,./Al13Sc3N16/__initial__/7/xtal_19.cif,-23.848822,-56.61607
xtal_2.cif,./Al13Sc3N16/7/xtal_2.cif,88.95974,-1.4739655
xtal_20.cif,./Al13Sc3N16/7/xtal_20.cif,12.257059,-53.586033
xtal_21.cif,./Al13Sc3N16/7/xtal_21.cif,-21.269495,-52.486694
xtal_22.cif,./Al13Sc3N16/__initial__/7/xtal_22.cif,24.458494,-50.93956
xtal_23.cif,./Al13Sc3N16/7/xtal_23.cif,22.545046,-35.650673
xtal_24.cif,./Al13Sc3N16/7/xtal_24.cif,-2.2283795,-73.839424
xtal_25.cif,./Al13Sc3N16/7/xtal_25.cif,-90.44068,-30.188454
xtal_26.cif,./Al13Sc3N16/7/xtal_26.cif,63.771507,41.259743
xtal_27.cif,./Al13Sc3N16/7/xtal_27.cif,64.20054,-1.9518565
xtal_28.cif,./Al13Sc3N16/__initial__/7/xtal_28.cif,71.30908,-22.626814
xtal_29.cif,./Al13Sc3N16/__initial__/7/xtal_29.cif,78.46325,-55.762775
xtal_3.cif,./Al13Sc3N16/__initial__/7/xtal_3.cif,-51.30383,50.857327
xtal_30.cif,./Al13Sc3N16/__initial__/7/xtal_30.cif,74.699905,-23.147888
xtal_31.cif,./Al13Sc3N16/7/xtal_31.cif,30.648209,-21.238403
xtal_32.cif,./Al13Sc3N16/__initial__/7/xtal_32.cif,-66.08495,-60.13001
xtal_33.cif,./Al13Sc3N16/7/xtal_33.cif,16.468376,-64.33855
xtal_34.cif,./Al13Sc3N16/__initial__/7/xtal_34.cif,96.506615,7.9450316
xtal_35.cif,./Al13Sc3N16/7/xtal_35.cif,98.78515,-6.8087244
xtal_36.cif,./Al13Sc3N16/__initial__/7/xtal_36.cif,43.841534,-39.853233
xtal_37.cif,./Al13Sc3N16/__initial__/7/xtal_37.cif,81.35781,-40.63248
xtal_38.cif,./Al13Sc3N16/__initial__/7/xtal_38.cif,88.200745,13.761244
xtal_39.cif,./Al13Sc3N16/7/xtal_39.cif,68.006645,-9.195015
xtal_4.cif,./Al13Sc3N16/__initial__/7/xtal_4.cif,75.5668,-20.995499
xtal_40.cif,./Al13Sc3N16/7/xtal_40.cif,31.146751,-37.39077
xtal_41.cif,./Al13Sc3N16/__initial__/7/xtal_41.cif,33.79072,-77.43647
xtal_42.cif,./Al13Sc3N16/__initial__/7/xtal_42.cif,19.221554,-71.13106
xtal_43.cif,./Al13Sc3N16/7/xtal_43.cif,70.336296,11.452522
xtal_44.cif,./Al13Sc3N16/__initial__/7/xtal_44.cif,58.91359,-39.07186
xtal_45.cif,./Al13Sc3N16/7/xtal_45.cif,76.36032,-24.082487
xtal_46.cif,./Al13Sc3N16/7/xtal_46.cif,40.547024,-16.150152
xtal_47.cif,./Al13Sc3N16/__initial__/7/xtal_47.cif,-87.75108,-40.254925
xtal_48.cif,./Al13Sc3N16/7/xtal_48.cif,56.87395,-22.513596
xtal_49.cif,./Al13Sc3N16/__initial__/7/xtal_49.cif,75.5699,17.489359
xtal_5.cif,./Al13Sc3N16/__initial__/7/xtal_5.cif,-92.8504,-24.353949
xtal_50.cif,./Al13Sc3N16/7/xtal_50.cif,68.97611,44.658527
xtal_51.cif,./Al13Sc3N16/7/xtal_51.cif,36.81096,-8.616762
xtal_52.cif,./Al13Sc3N16/7/xtal_52.cif,-61.8831,-62.028805
xtal_53.cif,./Al13Sc3N16/7/xtal_53.cif,74.0881,11.013625
xtal_54.cif,./Al13Sc3N16/__initial__/7/xtal_54.cif,48.65083,-0.7602036
xtal_55.cif,./Al13Sc3N16/7/xtal_55.cif,63.292263,-8.156676
xtal_56.cif,./Al13Sc3N16/7/xtal_56.cif,36.28842,-69.67609
xtal_57.cif,./Al13Sc3N16/7/xtal_57.cif,0.41196314,-71.61226
xtal_58.cif,./Al13Sc3N16/__initial__/7/xtal_58.cif,89.59998,20.323982
xtal_59.cif,./Al13Sc3N16/__initial__/7/xtal_59.cif,54.064327,-14.685911
xtal_6.cif,./Al13Sc3N16/7/xtal_6.cif,50.046776,-32.681633
xtal_60.cif,./Al13Sc3N16/__initial__/7/xtal_60.cif,-33.791454,-55.47946
xtal_61.cif,./Al13Sc3N16/7/xtal_61.cif,79.31127,-5.183396
xtal_62.cif,./Al13Sc3N16/__initial__/7/xtal_62.cif,77.593285,-34.344353
xtal_63.cif,./Al13Sc3N16/__initial__/7/xtal_63.cif,-0.52265537,-74.38834
xtal_64.cif,./Al13Sc3N16/__initial__/7/xtal_64.cif,-61.96073,-52.310448
xtal_65.cif,./Al13Sc3N16/__initial__/7/xtal_65.cif,9.16178,-78.23768
xtal_66.cif,./Al13Sc3N16/7/xtal_66.cif,62.292427,-33.433525
xtal_67.cif,./Al13Sc3N16/__initial__/7/xtal_67.cif,10.977745,-56.84169
xtal_68.cif,./Al13Sc3N16/__initial__/7/xtal_68.cif,-107.619095,-5.8077245
xtal_69.cif,./Al13Sc3N16/7/xtal_69.cif,66.3059,18.384327
xtal_7.cif,./Al13Sc3N16/__initial__/7/xtal_7.cif,58.545456,22.079393
xtal_70.cif,./Al13Sc3N16/7/xtal_70.cif,49.44776,2.8006585
xtal_71.cif,./Al13Sc3N16/7/xtal_71.cif,37.23887,-18.53344
xtal_72.cif,./Al13Sc3N16/__initial__/7/xtal_72.cif,77.776306,-8.835444
xtal_73.cif,./Al13Sc3N16/7/xtal_73.cif,75.89825,-18.969688
xtal_74.cif,./Al13Sc3N16/__initial__/7/xtal_74.cif,35.270504,-39.576782
xtal_75.cif,./Al13Sc3N16/__initial__/7/xtal_75.cif,12.167069,-62.626724
xtal_76.cif,./Al13Sc3N16/7/xtal_76.cif,80.80693,13.650813
xtal_77.cif,./Al13Sc3N16/7/xtal_77.cif,70.86058,-28.389395
xtal_78.cif,./Al13Sc3N16/__initial__/7/xtal_78.cif,36.5517,-46.820614
xtal_79.cif,./Al13Sc3N16/7/xtal_79.cif,51.21091,3.423773
xtal_8.cif,./Al13Sc3N16/7/xtal_8.cif,66.249985,-4.028527
xtal_80.cif,./Al13Sc3N16/__initial__/7/xtal_80.cif,78.26968,4.6039014
xtal_81.cif,./Al13Sc3N16/__initial__/7/xtal_81.cif,97.67717,0.18892832
xtal_82.cif,./Al13Sc3N16/__initial__/7/xtal_82.cif,-12.32829,-79.39821
xtal_83.cif,./Al13Sc3N16/__initial__/7/xtal_83.cif,68.47538,44.580082
xtal_84.cif,./Al13Sc3N16/7/xtal_84.cif,-68.09845,-58.391186
xtal_85.cif,./Al13Sc3N16/__initial__/7/xtal_85.cif,78.031075,42.69839
xtal_86.cif,./Al13Sc3N16/7/xtal_86.cif,-66.52116,-55.235973
xtal_87.cif,./Al13Sc3N16/7/xtal_87.cif,66.49451,15.146996
xtal_88.cif,./Al13Sc3N16/7/xtal_88.cif,52.67935,-20.3334
xtal_89.cif,./Al13Sc3N16/7/xtal_89.cif,70.26692,47.543575
xtal_9.cif,./Al13Sc3N16/__initial__/7/xtal_9.cif,80.75301,8.016645
xtal_90.cif,./Al13Sc3N16/__initial__/7/xtal_90.cif,40.91745,-45.203712
xtal_91.cif,./Al13Sc3N16/__initial__/7/xtal_91.cif,71.09809,-28.54493
xtal_92.cif,./Al13Sc3N16/__initial__/7/xtal_92.cif,-66.21217,-51.124195
xtal_93.cif,./Al13Sc3N16/7/xtal_93.cif,11.618305,-37.462395
xtal_94.cif,./Al13Sc3N16/7/xtal_94.cif,-20.829668,-51.193813
xtal_95.cif,./Al13Sc3N16/7/xtal_95.cif,0.33416083,-71.73615
xtal_96.cif,./Al13Sc3N16/7/xtal_96.cif,-50.03114,-60.542805
xtal_97.cif,./Al13Sc3N16/7/xtal_97.cif,10.394948,-50.630745
xtal_98.cif,./Al13Sc3N16/7/xtal_98.cif,76.008675,-3.0147269
xtal_99.cif,./Al13Sc3N16/7/xtal_99.cif,66.41524,26.002151
xtal_1.cif,./Al13Sc3N16/8/xtal_1.cif,41.554207,-68.970085
xtal_10.cif,./Al13Sc3N16/8/xtal_10.cif,61.81079,-21.33081
xtal_100.cif,./Al13Sc3N16/8/xtal_100.cif,55.40673,-1.1617963
xtal_11.cif,./Al13Sc3N16/__initial__/8/xtal_11.cif,87.33524,-36.880676
xtal_12.cif,./Al13Sc3N16/8/xtal_12.cif,59.129414,8.318806
xtal_13.cif,./Al13Sc3N16/__initial__/8/xtal_13.cif,98.869484,12.955569
xtal_14.cif,./Al13Sc3N16/8/xtal_14.cif,42.645695,-59.407852
xtal_15.cif,./Al13Sc3N16/8/xtal_15.cif,35.637722,-65.84124
xtal_16.cif,./Al13Sc3N16/8/xtal_16.cif,89.130936,16.418486
xtal_17.cif,./Al13Sc3N16/__initial__/8/xtal_17.cif,13.2444725,-75.14332
xtal_18.cif,./Al13Sc3N16/8/xtal_18.cif,81.56854,-40.641304
xtal_19.cif,./Al13Sc3N16/8/xtal_19.cif,44.993324,-51.9026
xtal_2.cif,./Al13Sc3N16/__initial__/8/xtal_2.cif,77.27023,-15.640236
xtal_20.cif,./Al13Sc3N16/8/xtal_20.cif,17.907385,-70.57533
xtal_21.cif,./Al13Sc3N16/__initial__/8/xtal_21.cif,76.59973,-1.019829
xtal_22.cif,./Al13Sc3N16/8/xtal_22.cif,0.6178012,-68.96531
xtal_23.cif,./Al13Sc3N16/8/xtal_23.cif,29.168427,-57.756165
xtal_24.cif,./Al13Sc3N16/__initial__/8/xtal_24.cif,75.74792,-9.388251
xtal_25.cif,./Al13Sc3N16/8/xtal_25.cif,88.01189,-8.231843
xtal_26.cif,./Al13Sc3N16/8/xtal_26.cif,87.34612,17.971529
xtal_27.cif,./Al13Sc3N16/8/xtal_27.cif,99.75643,-13.772075
xtal_28.cif,./Al13Sc3N16/__initial__/8/xtal_28.cif,28.522314,-50.843536
xtal_29.cif,./Al13Sc3N16/8/xtal_29.cif,36.263927,-44.748936
xtal_3.cif,./Al13Sc3N16/__initial__/8/xtal_3.cif,92.85841,-0.69511
xtal_30.cif,./Al13Sc3N16/__initial__/8/xtal_30.cif,70.326515,-52.800755
xtal_31.cif,./Al13Sc3N16/8/xtal_31.cif,43.10934,-31.599102
xtal_32.cif,./Al13Sc3N16/__initial__/8/xtal_32.cif,48.222454,-58.761845
xtal_33.cif,./Al13Sc3N16/__initial__/8/xtal_33.cif,-60.275536,-59.380726
xtal_34.cif,./Al13Sc3N16/__initial__/8/xtal_34.cif,76.35929,-30.361746
xtal_35.cif,./Al13Sc3N16/__initial__/8/xtal_35.cif,66.062645,-50.25644
xtal_36.cif,./Al13Sc3N16/__initial__/8/xtal_36.cif,-43.41274,55.832214
xtal_37.cif,./Al13Sc3N16/8/xtal_37.cif,91.040565,-40.719337
xtal_38.cif,./Al13Sc3N16/8/xtal_38.cif,10.937233,-74.87966
xtal_39.cif,./Al13Sc3N16/8/xtal_39.cif,12.249972,-75.78642
xtal_4.cif,./Al13Sc3N16/__initial__/8/xtal_4.cif,94.52479,-14.88852
xtal_40.cif,./Al13Sc3N16/8/xtal_40.cif,49.980316,-32.76488
xtal_41.cif,./Al13Sc3N16/8/xtal_41.cif,-89.888016,-33.226418
xtal_42.cif,./Al13Sc3N16/__initial__/8/xtal_42.cif,75.16133,-58.6259
xtal_43.cif,./Al13Sc3N16/__initial__/8/xtal_43.cif,38.461525,-60.313152
xtal_44.cif,./Al13Sc3N16/__initial__/8/xtal_44.cif,38.50177,-69.210495
xtal_45.cif,./Al13Sc3N16/8/xtal_45.cif,79.19562,31.617882
xtal_46.cif,./Al13Sc3N16/8/xtal_46.cif,82.85011,-6.808748
xtal_47.cif,./Al13Sc3N16/__initial__/8/xtal_47.cif,50.606724,-50.193745
xtal_48.cif,./Al13Sc3N16/__initial__/8/xtal_48.cif,76.559814,-58.258617
xtal_49.cif,./Al13Sc3N16/__initial__/8/xtal_49.cif,-63.74866,-57.40193
xtal_5.cif,./Al13Sc3N16/__initial__/8/xtal_5.cif,72.032425,-33.300938
xtal_50.cif,./Al13Sc3N16/8/xtal_50.cif,45.782276,-45.99605
xtal_51.cif,./Al13Sc3N16/__initial__/8/xtal_51.cif,72.53604,-18.183178
xtal_52.cif,./Al13Sc3N16/8/xtal_52.cif,50.387722,-58.38121
xtal_53.cif,./Al13Sc3N16/8/xtal_53.cif,100.02597,-14.266072
xtal_54.cif,./Al13Sc3N16/8/xtal_54.cif,66.47382,18.528513
xtal_55.cif,./Al13Sc3N16/__initial__/8/xtal_55.cif,-43.75009,-58.106743
xtal_56.cif,./Al13Sc3N16/__initial__/8/xtal_56.cif,88.41129,-39.071426
xtal_57.cif,./Al13Sc3N16/__initial__/8/xtal_57.cif,88.18914,-9.7973585
xtal_58.cif,./Al13Sc3N16/__initial__/8/xtal_58.cif,89.46603,37.40506
xtal_59.cif,./Al13Sc3N16/__initial__/8/xtal_59.cif,37.261257,-25.920946
xtal_6.cif,./Al13Sc3N16/8/xtal_6.cif,69.042305,-5.267802
xtal_60.cif,./Al13Sc3N16/8/xtal_60.cif,65.35682,7.698005
xtal_61.cif,./Al13Sc3N16/__initial__/8/xtal_61.cif,91.16739,-27.975744
xtal_62.cif,./Al13Sc3N16/__initial__/8/xtal_62.cif,-47.29578,41.02867
xtal_63.cif,./Al13Sc3N16/8/xtal_63.cif,24.27585,-71.37415
xtal_64.cif,./Al13Sc3N16/8/xtal_64.cif,17.913195,-41.719
xtal_65.cif,./Al13Sc3N16/__initial__/8/xtal_65.cif,-31.578856,-12.652997
xtal_66.cif,./Al13Sc3N16/8/xtal_66.cif,12.427755,-75.52667
xtal_67.cif,./Al13Sc3N16/__initial__/8/xtal_67.cif,78.42941,-32.983143
xtal_68.cif,./Al13Sc3N16/__initial__/8/xtal_68.cif,10.394284,-58.670258
xtal_69.cif,./Al13Sc3N16/__initial__/8/xtal_69.cif,79.16088,-67.50967
xtal_7.cif,./Al13Sc3N16/8/xtal_7.cif,75.37633,-25.683184
xtal_70.cif,./Al13Sc3N16/__initial__/8/xtal_70.cif,66.43491,-48.243286
xtal_71.cif,./Al13Sc3N16/8/xtal_71.cif,-67.33713,-53.81038
xtal_72.cif,./Al13Sc3N16/__initial__/8/xtal_72.cif,-54.622227,-56.79597
xtal_73.cif,./Al13Sc3N16/8/xtal_73.cif,76.24609,-19.1243
xtal_74.cif,./Al13Sc3N16/8/xtal_74.cif,62.15793,-34.30918
xtal_75.cif,./Al13Sc3N16/8/xtal_75.cif,67.368164,-79.638504
xtal_76.cif,./Al13Sc3N16/__initial__/8/xtal_76.cif,68.98459,-69.626434
xtal_77.cif,./Al13Sc3N16/__initial__/8/xtal_77.cif,87.98713,5.8297606
xtal_78.cif,./Al13Sc3N16/__initial__/8/xtal_78.cif,-34.057583,67.45574
xtal_79.cif,./Al13Sc3N16/8/xtal_79.cif,66.99242,-0.32961187
xtal_8.cif,./Al13Sc3N16/__initial__/8/xtal_8.cif,66.144165,-24.367357
xtal_80.cif,./Al13Sc3N16/8/xtal_80.cif,-13.0632305,51.437775
xtal_81.cif,./Al13Sc3N16/8/xtal_81.cif,63.26109,-43.209766
xtal_82.cif,./Al13Sc3N16/__initial__/8/xtal_82.cif,82.816414,-3.4068632
xtal_83.cif,./Al13Sc3N16/__initial__/8/xtal_83.cif,7.7559323,-80.64736
xtal_84.cif,./Al13Sc3N16/8/xtal_84.cif,89.487976,-34.380276
xtal_85.cif,./Al13Sc3N16/8/xtal_85.cif,37.931194,-74.35453
xtal_86.cif,./Al13Sc3N16/__initial__/8/xtal_86.cif,6.136716,-69.8248
xtal_87.cif,./Al13Sc3N16/8/xtal_87.cif,67.56555,-65.93912
xtal_88.cif,./Al13Sc3N16/8/xtal_88.cif,11.156803,-59.74171
xtal_89.cif,./Al13Sc3N16/__initial__/8/xtal_89.cif,-76.00628,-59.13027
xtal_9.cif,./Al13Sc3N16/8/xtal_9.cif,65.68385,-21.22988
xtal_90.cif,./Al13Sc3N16/__initial__/8/xtal_90.cif,70.71774,-24.4674
xtal_91.cif,./Al13Sc3N16/__initial__/8/xtal_91.cif,92.76801,-7.091737
xtal_92.cif,./Al13Sc3N16/__initial__/8/xtal_92.cif,61.558395,-51.964397
xtal_93.cif,./Al13Sc3N16/8/xtal_93.cif,96.58064,-15.875509
xtal_94.cif,./Al13Sc3N16/8/xtal_94.cif,50.808445,-50.545433
xtal_95.cif,./Al13Sc3N16/__initial__/8/xtal_95.cif,93.38529,-5.459869
xtal_96.cif,./Al13Sc3N16/__initial__/8/xtal_96.cif,17.279594,-72.91075
xtal_97.cif,./Al13Sc3N16/__initial__/8/xtal_97.cif,96.44047,-42.65457
xtal_98.cif,./Al13Sc3N16/8/xtal_98.cif,77.93795,-16.314337
xtal_99.cif,./Al13Sc3N16/8/xtal_99.cif,30.62949,-57.889454
xtal_1.cif,./Al13Sc3N16/__initial__/10/xtal_1.cif,-45.52427,-51.937035
xtal_10.cif,./Al13Sc3N16/__initial__/10/xtal_10.cif,21.09424,43.754505
xtal_100.cif,./Al13Sc3N16/__initial__/10/xtal_100.cif,-31.70315,46.514904
xtal_11.cif,./Al13Sc3N16/10/xtal_11.cif,-10.1069565,66.53697
xtal_12.cif,./Al13Sc3N16/__initial__/10/xtal_12.cif,34.083893,86.665245
xtal_13.cif,./Al13Sc3N16/10/xtal_13.cif,5.932424,22.807785
xtal_14.cif,./Al13Sc3N16/__initial__/10/xtal_14.cif,-66.85688,29.524902
xtal_15.cif,./Al13Sc3N16/10/xtal_15.cif,23.343182,35.993526
xtal_16.cif,./Al13Sc3N16/__initial__/10/xtal_16.cif,33.418365,41.814754
xtal_17.cif,./Al13Sc3N16/10/xtal_17.cif,-4.244434,77.746574
xtal_18.cif,./Al13Sc3N16/10/xtal_18.cif,-7.6219144,21.14611
xtal_19.cif,./Al13Sc3N16/10/xtal_19.cif,0.14660253,13.705638
xtal_2.cif,./Al13Sc3N16/10/xtal_2.cif,56.897625,44.566677
xtal_20.cif,./Al13Sc3N16/__initial__/10/xtal_20.cif,-22.998707,-49.176838
xtal_21.cif,./Al13Sc3N16/10/xtal_21.cif,-8.650995,-22.359539
xtal_22.cif,./Al13Sc3N16/10/xtal_22.cif,-4.2414007,7.234951
xtal_23.cif,./Al13Sc3N16/__initial__/10/xtal_23.cif,8.818149,57.199947
xtal_24.cif,./Al13Sc3N16/__initial__/10/xtal_24.cif,-34.76049,-53.170647
xtal_25.cif,./Al13Sc3N16/10/xtal_25.cif,-16.4333,-1.9257796
xtal_26.cif,./Al13Sc3N16/10/xtal_26.cif,12.921449,39.050606
xtal_27.cif,./Al13Sc3N16/10/xtal_27.cif,-12.467392,-9.373347
xtal_28.cif,./Al13Sc3N16/10/xtal_28.cif,9.959847,77.69372
xtal_29.cif,./Al13Sc3N16/10/xtal_29.cif,28.041811,89.27403
xtal_3.cif,./Al13Sc3N16/10/xtal_3.cif,-17.986403,-36.757732
xtal_30.cif,./Al13Sc3N16/__initial__/10/xtal_30.cif,-47.1797,-11.13506
xtal_31.cif,./Al13Sc3N16/10/xtal_31.cif,-50.261307,-19.656462
xtal_32.cif,./Al13Sc3N16/__initial__/10/xtal_32.cif,-37.49536,-6.9627566
xtal_33.cif,./Al13Sc3N16/__initial__/10/xtal_33.cif,-43.453133,51.015465
xtal_34.cif,./Al13Sc3N16/__initial__/10/xtal_34.cif,5.7385635,68.96342
xtal_35.cif,./Al13Sc3N16/10/xtal_35.cif,45.051098,35.568863
xtal_36.cif,./Al13Sc3N16/__initial__/10/xtal_36.cif,22.571657,44.927807
xtal_37.cif,./Al13Sc3N16/10/xtal_37.cif,-67.99849,12.556586
xtal_38.cif,./Al13Sc3N16/10/xtal_38.cif,35.166412,15.2903595
xtal_39.cif,./Al13Sc3N16/__initial__/10/xtal_39.cif,-52.045414,76.24121
xtal_4.cif,./Al13Sc3N16/10/xtal_4.cif,-11.419204,61.42984
xtal_40.cif,./Al13Sc3N16/10/xtal_40.cif,-65.69599,53.988136
xtal_41.cif,./Al13Sc3N16/__initial__/10/xtal_41.cif,-1.6388193,53.372837
xtal_42.cif,./Al13Sc3N16/__initial__/10/xtal_42.cif,-41.67547,75.18976
xtal_43.cif,./Al13Sc3N16/__initial__/10/xtal_43.cif,-35.104485,-41.90662
xtal_44.cif,./Al13Sc3N16/10/xtal_44.cif,-6.4539967,-39.74311
xtal_45.cif,./Al13Sc3N16/10/xtal_45.cif,-29.66375,4.934639
xtal_46.cif,./Al13Sc3N16/__initial__/10/xtal_46.cif,20.222372,59.775574
xtal_47.cif,./Al13Sc3N16/10/xtal_47.cif,45.709686,54.674374
xtal_48.cif,./Al13Sc3N16/__initial__/10/xtal_48.cif,-8.609849,35.037247
xtal_49.cif,./Al13Sc3N16/__initial__/10/xtal_49.cif,-46.02368,-35.015514
xtal_5.cif,./Al13Sc3N16/__initial__/10/xtal_5.cif,-20.386303,-46.83235
xtal_50.cif,./Al13Sc3N16/__initial__/10/xtal_50.cif,-75.20769,-25.153648
xtal_51.cif,./Al13Sc3N16/10/xtal_51.cif,-59.3444,50.115337
xtal_52.cif,./Al13Sc3N16/__initial__/10/xtal_52.cif,-23.44122,-43.62344
xtal_53.cif,./Al13Sc3N16/__initial__/10/xtal_53.cif,-32.39869,5.977899
xtal_54.cif,./Al13Sc3N16/__initial__/10/xtal_54.cif,36.08545,73.78292
xtal_55.cif,./Al13Sc3N16/10/xtal_55.cif,-22.234114,12.066299
xtal_56.cif,./Al13Sc3N16/__initial__/10/xtal_56.cif,-5.184419,4.5706143
xtal_57.cif,./Al13Sc3N16/__initial__/10/xtal_57.cif,-65.13809,-34.47942
xtal_58.cif,./Al13Sc3N16/__initial__/10/xtal_58.cif,-48.660538,-26.27657
xtal_59.cif,./Al13Sc3N16/__initial__/10/xtal_59.cif,-14.303931,8.06051
xtal_6.cif,./Al13Sc3N16/10/xtal_6.cif,-39.023575,-48.93419
xtal_60.cif,./Al13Sc3N16/__initial__/10/xtal_60.cif,-19.493847,40.0034
xtal_61.cif,./Al13Sc3N16/__initial__/10/xtal_61.cif,63.57603,62.68842
xtal_62.cif,./Al13Sc3N16/__initial__/10/xtal_62.cif,-39.733875,-21.896044
xtal_63.cif,./Al13Sc3N16/10/xtal_63.cif,36.598095,67.57411
xtal_64.cif,./Al13Sc3N16/__initial__/10/xtal_64.cif,19.43896,52.632607
xtal_65.cif,./Al13Sc3N16/__initial__/10/xtal_65.cif,-27.136564,-19.434998
xtal_66.cif,./Al13Sc3N16/10/xtal_66.cif,64.29547,58.74466
xtal_67.cif,./Al13Sc3N16/__initial__/10/xtal_67.cif,-34.252453,-0.54542774
xtal_68.cif,./Al13Sc3N16/10/xtal_68.cif,38.32074,59.01405
xtal_69.cif,./Al13Sc3N16/10/xtal_69.cif,-18.093172,38.7752
xtal_7.cif,./Al13Sc3N16/__initial__/10/xtal_7.cif,3.8081439,-3.789268
xtal_70.cif,./Al13Sc3N16/10/xtal_70.cif,-9.136264,-33.638317
xtal_71.cif,./Al13Sc3N16/10/xtal_71.cif,-48.97534,-19.930447
xtal_72.cif,./Al13Sc3N16/10/xtal_72.cif,8.661047,41.316296
xtal_73.cif,./Al13Sc3N16/__initial__/10/xtal_73.cif,12.393959,86.39483
xtal_74.cif,./Al13Sc3N16/__initial__/10/xtal_74.cif,23.60932,39.231434
xtal_75.cif,./Al13Sc3N16/10/xtal_75.cif,31.90238,24.593315
xtal_76.cif,./Al13Sc3N16/10/xtal_76.cif,-59.575306,-34.61238
xtal_77.cif,./Al13Sc3N16/__initial__/10/xtal_77.cif,28.623339,18.944483
xtal_78.cif,./Al13Sc3N16/10/xtal_78.cif,9.340445,32.914703
xtal_79.cif,./Al13Sc3N16/__initial__/10/xtal_79.cif,-34.300766,-13.075134
xtal_8.cif,./Al13Sc3N16/__initial__/10/xtal_8.cif,-89.27239,-28.154844
xtal_80.cif,./Al13Sc3N16/10/xtal_80.cif,17.54475,70.76544
xtal_81.cif,./Al13Sc3N16/__initial__/10/xtal_81.cif,-39.32691,75.917206
xtal_82.cif,./Al13Sc3N16/10/xtal_82.cif,-32.51438,-19.053295
xtal_83.cif,./Al13Sc3N16/10/xtal_83.cif,6.2206473,21.770426
xtal_84.cif,./Al13Sc3N16/10/xtal_84.cif,4.522628,70.11209
xtal_85.cif,./Al13Sc3N16/10/xtal_85.cif,36.361145,27.957804
xtal_86.cif,./Al13Sc3N16/10/xtal_86.cif,-84.10258,-3.8877182
xtal_87.cif,./Al13Sc3N16/10/xtal_87.cif,-37.58324,-15.624262
xtal_88.cif,./Al13Sc3N16/__initial__/10/xtal_88.cif,-34.872944,-48.871193
xtal_89.cif,./Al13Sc3N16/__initial__/10/xtal_89.cif,-13.151281,-35.058544
xtal_9.cif,./Al13Sc3N16/__initial__/10/xtal_9.cif,13.087391,26.922838
xtal_90.cif,./Al13Sc3N16/__initial__/10/xtal_90.cif,-48.228794,-28.93444
xtal_91.cif,./Al13Sc3N16/10/xtal_91.cif,-11.191297,-39.04969
xtal_92.cif,./Al13Sc3N16/__initial__/10/xtal_92.cif,-69.10099,16.528803
xtal_93.cif,./Al13Sc3N16/10/xtal_93.cif,12.521924,30.164186
xtal_94.cif,./Al13Sc3N16/10/xtal_94.cif,62.905865,60.346745
xtal_95.cif,./Al13Sc3N16/__initial__/10/xtal_95.cif,12.045381,59.86454
xtal_96.cif,./Al13Sc3N16/10/xtal_96.cif,34.801464,89.80328
xtal_97.cif,./Al13Sc3N16/10/xtal_97.cif,13.078962,20.494833
xtal_98.cif,./Al13Sc3N16/10/xtal_98.cif,-80.58055,-17.89539
xtal_99.cif,./Al13Sc3N16/10/xtal_99.cif,-70.82207,36.83116
xtal_1.cif,./Al13Sc3N16/11/xtal_1.cif,-2.7619572,-24.706932
xtal_10.cif,./Al13Sc3N16/__initial__/11/xtal_10.cif,35.603535,65.06822
xtal_100.cif,./Al13Sc3N16/11/xtal_100.cif,-25.961668,0.30749518
xtal_11.cif,./Al13Sc3N16/__initial__/11/xtal_11.cif,-91.31311,-19.207338
xtal_12.cif,./Al13Sc3N16/__initial__/11/xtal_12.cif,-48.85228,-72.74961
xtal_13.cif,./Al13Sc3N16/11/xtal_13.cif,12.402042,19.028654
xtal_14.cif,./Al13Sc3N16/__initial__/11/xtal_14.cif,8.928733,-12.776808
xtal_15.cif,./Al13Sc3N16/11/xtal_15.cif,21.537859,63.37988
xtal_16.cif,./Al13Sc3N16/11/xtal_16.cif,14.643425,31.566696
xtal_17.cif,./Al13Sc3N16/__initial__/11/xtal_17.cif,-21.39913,32.404545
xtal_18.cif,./Al13Sc3N16/__initial__/11/xtal_18.cif,49.426636,43.292564
xtal_19.cif,./Al13Sc3N16/__initial__/11/xtal_19.cif,-13.111678,-17.6144
xtal_2.cif,./Al13Sc3N16/11/xtal_2.cif,-2.843277,-4.5290804
xtal_20.cif,./Al13Sc3N16/11/xtal_20.cif,-19.919825,-9.457038
xtal_21.cif,./Al13Sc3N16/11/xtal_21.cif,-19.743227,33.834995
xtal_22.cif,./Al13Sc3N16/__initial__/11/xtal_22.cif,22.7097,37.65217
xtal_23.cif,./Al13Sc3N16/__initial__/11/xtal_23.cif,23.16494,41.981544
xtal_24.cif,./Al13Sc3N16/__initial__/11/xtal_24.cif,-89.72841,-19.26498
xtal_25.cif,./Al13Sc3N16/__initial__/11/xtal_25.cif,39.91048,23.951109
xtal_26.cif,./Al13Sc3N16/__initial__/11/xtal_26.cif,-15.198045,-13.225146
xtal_27.cif,./Al13Sc3N16/11/xtal_27.cif,2.3467295,7.940616
xtal_28.cif,./Al13Sc3N16/__initial__/11/xtal_28.cif,38.582405,16.95627
xtal_29.cif,./Al13Sc3N16/11/xtal_29.cif,-10.553525,-31.831171
xtal_3.cif,./Al13Sc3N16/11/xtal_3.cif,-1.6938823,-25.249346
xtal_30.cif,./Al13Sc3N16/11/xtal_30.cif,-1.7668859,45.477333
xtal_31.cif,./Al13Sc3N16/11/xtal_31.cif,-49.824295,43.02291
xtal_32.cif,./Al13Sc3N16/__initial__/11/xtal_32.cif,41.72544,37.441074
xtal_33.cif,./Al13Sc3N16/__initial__/11/xtal_33.cif,-67.026924,11.453054
xtal_34.cif,./Al13Sc3N16/11/xtal_34.cif,3.2617128,22.455656
xtal_35.cif,./Al13Sc3N16/__initial__/11/xtal_35.cif,-26.145222,29.709185
xtal_36.cif,./Al13Sc3N16/11/xtal_36.cif,-88.49438,-31.968393
xtal_37.cif,./Al13Sc3N16/__initial__/11/xtal_37.cif,9.599759,10.660307
xtal_38.cif,./Al13Sc3N16/11/xtal_38.cif,-13.706325,40.99071
xtal_39.cif,./Al13Sc3N16/__initial__/11/xtal_39.cif,6.569381,19.798084
xtal_4.cif,./Al13Sc3N16/__initial__/11/xtal_4.cif,-8.417021,17.707785
xtal_40.cif,./Al13Sc3N16/__initial__/11/xtal_40.cif,-10.738016,-32.13178
xtal_41.cif,./Al13Sc3N16/__initial__/11/xtal_41.cif,43.569576,39.187813
xtal_42.cif,./Al13Sc3N16/11/xtal_42.cif,16.761316,36.388763
xtal_43.cif,./Al13Sc3N16/__initial__/11/xtal_43.cif,31.436457,68.269455
xtal_44.cif,./Al13Sc3N16/__initial__/11/xtal_44.cif,-12.256243,-2.665148
xtal_45.cif,./Al13Sc3N16/__initial__/11/xtal_45.cif,-21.787169,-14.231825
xtal_46.cif,./Al13Sc3N16/__initial__/11/xtal_46.cif,38.422108,31.847132
xtal_47.cif,./Al13Sc3N16/__initial__/11/xtal_47.cif,-28.38038,-24.272793
xtal_48.cif,./Al13Sc3N16/11/xtal_48.cif,-52.893585,-27.773827
xtal_49.cif,./Al13Sc3N16/__initial__/11/xtal_49.cif,-23.297457,4.281481
xtal_5.cif,./Al13Sc3N16/11/xtal_5.cif,-24.259539,-15.574119
xtal_50.cif,./Al13Sc3N16/11/xtal_50.cif,-5.4302387,-19.45805
xtal_51.cif,./Al13Sc3N16/11/xtal_51.cif,49.04881,60.243565
xtal_52.cif,./Al13Sc3N16/__initial__/11/xtal_52.cif,26.858986,83.09159
xtal_53.cif,./Al13Sc3N16/11/xtal_53.cif,12.672374,30.171114
xtal_54.cif,./Al13Sc3N16/__initial__/11/xtal_54.cif,5.3650775,6.3113866
xtal_55.cif,./Al13Sc3N16/11/xtal_55.cif,16.822027,40.27214
xtal_56.cif,./Al13Sc3N16/11/xtal_56.cif,-5.0994887,-21.905062
xtal_57.cif,./Al13Sc3N16/11/xtal_57.cif,13.527558,68.241104
xtal_58.cif,./Al13Sc3N16/__initial__/11/xtal_58.cif,-51.293953,26.234707
xtal_59.cif,./Al13Sc3N16/11/xtal_59.cif,-43.434887,-36.75883
xtal_6.cif,./Al13Sc3N16/11/xtal_6.cif,-0.2677,23.128345
xtal_60.cif,./Al13Sc3N16/11/xtal_60.cif,-25.687536,35.599953
xtal_61.cif,./Al13Sc3N16/__initial__/11/xtal_61.cif,-1.1023704,8.51649
xtal_62.cif,./Al13Sc3N16/__initial__/11/xtal_62.cif,-23.215334,-35.189938
xtal_63.cif,./Al13Sc3N16/__initial__/11/xtal_63.cif,-13.452283,53.144268
xtal_64.cif,./Al13Sc3N16/__initial__/11/xtal_64.cif,-77.99425,44.06408
xtal_65.cif,./Al13Sc3N16/11/xtal_65.cif,0.06940834,6.2982397
xtal_66.cif,./Al13Sc3N16/__initial__/11/xtal_66.cif,22.769217,47.852177
xtal_67.cif,./Al13Sc3N16/11/xtal_67.cif,-9.048185,-34.04913
xtal_68.cif,./Al13Sc3N16/11/xtal_68.cif,-22.535023,-37.631607
xtal_69.cif,./Al13Sc3N16/11/xtal_69.cif,14.763356,1.939275
xtal_7.cif,./Al13Sc3N16/__initial__/11/xtal_7.cif,-25.96893,-10.444132
xtal_70.cif,./Al13Sc3N16/11/xtal_70.cif,-8.601235,23.9418
xtal_71.cif,./Al13Sc3N16/11/xtal_71.cif,-9.495988,-28.177465
xtal_72.cif,./Al13Sc3N16/11/xtal_72.cif,-12.431229,-54.349552
xtal_73.cif,./Al13Sc3N16/11/xtal_73.cif,63.90808,62.673832
xtal_74.cif,./Al13Sc3N16/11/xtal_74.cif,-21.520857,-43.432354
xtal_75.cif,./Al13Sc3N16/11/xtal_75.cif,23.807337,4.563782
xtal_76.cif,./Al13Sc3N16/__initial__/11/xtal_76.cif,-4.6791496,25.136705
xtal_77.cif,./Al13Sc3N16/__initial__/11/xtal_77.cif,65.647995,62.052364
xtal_78.cif,./Al13Sc3N16/11/xtal_78.cif,4.637807,51.65309
xtal_79.cif,./Al13Sc3N16/11/xtal_79.cif,12.158314,71.075264
xtal_8.cif,./Al13Sc3N16/__initial__/11/xtal_8.cif,52.13804,59.21955
xtal_80.cif,./Al13Sc3N16/__initial__/11/xtal_80.cif,-13.995397,-47.194046
xtal_81.cif,./Al13Sc3N16/__initial__/11/xtal_81.cif,0.96011573,12.096435
xtal_82.cif,./Al13Sc3N16/11/xtal_82.cif,-1.6903397,-11.970884
xtal_83.cif,./Al13Sc3N16/11/xtal_83.cif,-27.734009,-28.54
xtal_84.cif,./Al13Sc3N16/__initial__/11/xtal_84.cif,15.0500555,47.70964
xtal_85.cif,./Al13Sc3N16/__initial__/11/xtal_85.cif,45.94305,49.955254
xtal_86.cif,./Al13Sc3N16/11/xtal_86.cif,26.786165,-8.393867
xtal_87.cif,./Al13Sc3N16/11/xtal_87.cif,1.2483032,-11.212538
xtal_88.cif,./Al13Sc3N16/__initial__/11/xtal_88.cif,-55.511093,-11.912249
xtal_89.cif,./Al13Sc3N16/11/xtal_89.cif,-54.54928,-11.695615
xtal_9.cif,./Al13Sc3N16/__initial__/11/xtal_9.cif,-4.617799,4.77269
xtal_90.cif,./Al13Sc3N16/11/xtal_90.cif,39.97529,69.78799
xtal_91.cif,./Al13Sc3N16/__initial__/11/xtal_91.cif,67.48226,63.914516
xtal_92.cif,./Al13Sc3N16/__initial__/11/xtal_92.cif,25.387703,46.71011
xtal_93.cif,./Al13Sc3N16/__initial__/11/xtal_93.cif,-88.0662,-22.384493
xtal_94.cif,./Al13Sc3N16/__initial__/11/xtal_94.cif,63.983215,53.710285
xtal_95.cif,./Al13Sc3N16/11/xtal_95.cif,29.026262,41.544186
xtal_96.cif,./Al13Sc3N16/11/xtal_96.cif,22.61267,9.24088
xtal_97.cif,./Al13Sc3N16/__initial__/11/xtal_97.cif,5.149819,2.1470304
xtal_98.cif,./Al13Sc3N16/11/xtal_98.cif,2.2348895,19.677706
xtal_99.cif,./Al13Sc3N16/11/xtal_99.cif,51.499702,61.262177
xtal_1.cif,./Al13Sc3N16/12/xtal_1.cif,15.947913,69.15213
xtal_10.cif,./Al13Sc3N16/__initial__/12/xtal_10.cif,20.65156,-20.357372
xtal_100.cif,./Al13Sc3N16/__initial__/12/xtal_100.cif,3.7765467,13.705416
xtal_11.cif,./Al13Sc3N16/__initial__/12/xtal_11.cif,-50.19308,49.35312
xtal_12.cif,./Al13Sc3N16/__initial__/12/xtal_12.cif,4.9512763,36.768375
xtal_13.cif,./Al13Sc3N16/12/xtal_13.cif,-40.68182,25.39062
xtal_14.cif,./Al13Sc3N16/12/xtal_14.cif,-33.763733,-2.1427088
xtal_15.cif,./Al13Sc3N16/__initial__/12/xtal_15.cif,-24.645033,23.268091
xtal_16.cif,./Al13Sc3N16/__initial__/12/xtal_16.cif,65.921326,72.2594
xtal_17.cif,./Al13Sc3N16/12/xtal_17.cif,-20.071053,18.820934
xtal_18.cif,./Al13Sc3N16/__initial__/12/xtal_18.cif,47.965405,61.859177
xtal_19.cif,./Al13Sc3N16/__initial__/12/xtal_19.cif,-74.35171,-15.236247
xtal_2.cif,./Al13Sc3N16/12/xtal_2.cif,-23.175312,-26.78899
xtal_20.cif,./Al13Sc3N16/12/xtal_20.cif,-85.15379,-30.769072
xtal_21.cif,./Al13Sc3N16/__initial__/12/xtal_21.cif,22.690353,44.90652
xtal_22.cif,./Al13Sc3N16/12/xtal_22.cif,-43.986927,32.597954
xtal_23.cif,./Al13Sc3N16/__initial__/12/xtal_23.cif,4.59759,6.0695143
xtal_24.cif,./Al13Sc3N16/12/xtal_24.cif,-2.2456417,-4.8531485
xtal_25.cif,./Al13Sc3N16/12/xtal_25.cif,-14.190255,77.84034
xtal_26.cif,./Al13Sc3N16/__initial__/12/xtal_26.cif,-20.978258,-25.602772
xtal_27.cif,./Al13Sc3N16/12/xtal_27.cif,41.926266,59.247852
xtal_28.cif,./Al13Sc3N16/__initial__/12/xtal_28.cif,-44.270905,-29.677572
xtal_29.cif,./Al13Sc3N16/__initial__/12/xtal_29.cif,-33.17616,-42.098488
xtal_3.cif,./Al13Sc3N16/__initial__/12/xtal_3.cif,7.6052146,38.152306
xtal_30.cif,./Al13Sc3N16/__initial__/12/xtal_30.cif,-62.759266,39.98755
xtal_31.cif,./Al13Sc3N16/__initial__/12/xtal_31.cif,-76.03936,-24.148245
xtal_32.cif,./Al13Sc3N16/12/xtal_32.cif,44.33411,74.80221
xtal_33.cif,./Al13Sc3N16/12/xtal_33.cif,22.298376,16.488867
xtal_34.cif,./Al13Sc3N16/12/xtal_34.cif,-8.491771,23.939394
xtal_35.cif,./Al13Sc3N16/__initial__/12/xtal_35.cif,26.80815,37.928795
xtal_36.cif,./Al13Sc3N16/12/xtal_36.cif,1.0150489,6.5941954
xtal_37.cif,./Al13Sc3N16/12/xtal_37.cif,47.16077,38.911285
xtal_38.cif,./Al13Sc3N16/12/xtal_38.cif,-76.33284,13.769721
xtal_39.cif,./Al13Sc3N16/12/xtal_39.cif,-39.06115,31.258114
xtal_4.cif,./Al13Sc3N16/12/xtal_4.cif,-66.29038,49.420628
xtal_40.cif,./Al13Sc3N16/__initial__/12/xtal_40.cif,-40.14373,36.96865
xtal_41.cif,./Al13Sc3N16/12/xtal_41.cif,-26.199203,58.779366
xtal_42.cif,./Al13Sc3N16/12/xtal_42.cif,-3.7187324,-33.895138
xtal_43.cif,./Al13Sc3N16/__initial__/12/xtal_43.cif,-53.85815,-46.153336
xtal_44.cif,./Al13Sc3N16/12/xtal_44.cif,-62.956493,-42.037506
xtal_45.cif,./Al13Sc3N16/__initial__/12/xtal_45.cif,-20.031637,1.7826226
xtal_46.cif,./Al13Sc3N16/__initial__/12/xtal_46.cif,-69.02211,14.423235
xtal_47.cif,./Al13Sc3N16/__initial__/12/xtal_47.cif,-2.916944,52.67661
xtal_48.cif,./Al13Sc3N16/__initial__/12/xtal_48.cif,-17.323488,8.93459
xtal_49.cif,./Al13Sc3N16/12/xtal_49.cif,2.4479175,49.923702
xtal_5.cif,./Al13Sc3N16/__initial__/12/xtal_5.cif,40.34613,63.196545
xtal_50.cif,./Al13Sc3N16/__initial__/12/xtal_50.cif,-83.291046,-17.127182
xtal_51.cif,./Al13Sc3N16/__initial__/12/xtal_51.cif,4.4681234,89.87275
xtal_52.cif,./Al13Sc3N16/12/xtal_52.cif,-22.260998,-29.297392
xtal_53.cif,./Al13Sc3N16/12/xtal_53.cif,-5.7392178,9.164952
xtal_54.cif,./Al13Sc3N16/12/xtal_54.cif,-74.26031,-15.519151
xtal_55.cif,./Al13Sc3N16/__initial__/12/xtal_55.cif,-24.814283,20.65402
xtal_56.cif,./Al13Sc3N16/12/xtal_56.cif,-16.333328,18.54864
xtal_57.cif,./Al13Sc3N16/12/xtal_57.cif,-36.008015,18.232933
xtal_58.cif,./Al13Sc3N16/__initial__/12/xtal_58.cif,1.4312657,-22.135612
xtal_59.cif,./Al13Sc3N16/__initial__/12/xtal_59.cif,41.60922,25.91759
xtal_6.cif,./Al13Sc3N16/__initial__/12/xtal_6.cif,-23.41895,-4.781825
xtal_60.cif,./Al13Sc3N16/12/xtal_60.cif,-50.292294,10.588065
xtal_61.cif,./Al13Sc3N16/__initial__/12/xtal_61.cif,-107.8897,6.393145
xtal_62.cif,./Al13Sc3N16/__initial__/12/xtal_62.cif,-82.88147,-33.311554
xtal_63.cif,./Al13Sc3N16/12/xtal_63.cif,-32.522472,53.880856
xtal_64.cif,./Al13Sc3N16/__initial__/12/xtal_64.cif,-21.148418,87.601265
xtal_65.cif,./Al13Sc3N16/12/xtal_65.cif,18.51266,58.844822
xtal_66.cif,./Al13Sc3N16/__initial__/12/xtal_66.cif,3.2072995,81.2082
xtal_67.cif,./Al13Sc3N16/__initial__/12/xtal_67.cif,-76.22224,23.325865
xtal_68.cif,./Al13Sc3N16/12/xtal_68.cif,32.491505,49.683018
xtal_69.cif,./Al13Sc3N16/__initial__/12/xtal_69.cif,-37.96588,83.872215
xtal_7.cif,./Al13Sc3N16/12/xtal_7.cif,-30.050102,34.191284
xtal_70.cif,./Al13Sc3N16/12/xtal_70.cif,-9.536165,61.726875
xtal_71.cif,./Al13Sc3N16/__initial__/12/xtal_71.cif,-30.334358,67.761284
xtal_72.cif,./Al13Sc3N16/__initial__/12/xtal_72.cif,-84.697716,30.783436
xtal_73.cif,./Al13Sc3N16/__initial__/12/xtal_73.cif,-87.252,-19.362753
xtal_74.cif,./Al13Sc3N16/12/xtal_74.cif,-50.257065,-19.781393
xtal_75.cif,./Al13Sc3N16/__initial__/12/xtal_75.cif,3.7195256,-19.564932
xtal_76.cif,./Al13Sc3N16/12/xtal_76.cif,40.619713,67.892075
xtal_77.cif,./Al13Sc3N16/__initial__/12/xtal_77.cif,-24.632359,36.808163
xtal_78.cif,./Al13Sc3N16/12/xtal_78.cif,45.351307,22.872997
xtal_79.cif,./Al13Sc3N16/__initial__/12/xtal_79.cif,-56.1281,-47.354015
xtal_8.cif,./Al13Sc3N16/12/xtal_8.cif,-2.854822,17.437607
xtal_80.cif,./Al13Sc3N16/12/xtal_80.cif,27.211557,90.07727
xtal_81.cif,./Al13Sc3N16/12/xtal_81.cif,-14.964179,-13.370322
xtal_82.cif,./Al13Sc3N16/12/xtal_82.cif,-6.0325985,-27.9452
xtal_83.cif,./Al13Sc3N16/__initial__/12/xtal_83.cif,-37.30787,-47.34648
xtal_84.cif,./Al13Sc3N16/12/xtal_84.cif,-71.72767,33.89656
xtal_85.cif,./Al13Sc3N16/12/xtal_85.cif,-21.736135,39.539
xtal_86.cif,./Al13Sc3N16/__initial__/12/xtal_86.cif,-1.3432795,16.907461
xtal_87.cif,./Al13Sc3N16/12/xtal_87.cif,54.741325,56.557514
xtal_88.cif,./Al13Sc3N16/12/xtal_88.cif,-28.511019,3.632019
xtal_89.cif,./Al13Sc3N16/12/xtal_89.cif,-79.44626,-37.946064
xtal_9.cif,./Al13Sc3N16/__initial__/12/xtal_9.cif,29.32239,95.08594
xtal_90.cif,./Al13Sc3N16/__initial__/12/xtal_90.cif,27.339098,73.871346
xtal_91.cif,./Al13Sc3N16/12/xtal_91.cif,-18.705881,-21.996286
xtal_92.cif,./Al13Sc3N16/__initial__/12/xtal_92.cif,24.506266,93.03011
xtal_93.cif,./Al13Sc3N16/12/xtal_93.cif,-11.6729145,42.61052
xtal_94.cif,./Al13Sc3N16/__initial__/12/xtal_94.cif,56.621197,72.00981
xtal_95.cif,./Al13Sc3N16/12/xtal_95.cif,-43.267162,92.368385
xtal_96.cif,./Al13Sc3N16/__initial__/12/xtal_96.cif,-10.462749,-20.84888
xtal_97.cif,./Al13Sc3N16/12/xtal_97.cif,-14.984974,63.920155
xtal_98.cif,./Al13Sc3N16/__initial__/12/xtal_98.cif,7.3588595,49.504456
xtal_99.cif,./Al13Sc3N16/12/xtal_99.cif,-52.2446,55.205803
xtal_1.cif,./Al13Sc3N16/13/xtal_1.cif,-12.087756,-11.835466
xtal_10.cif,./Al13Sc3N16/13/xtal_10.cif,51.97382,32.093796
xtal_100.cif,./Al13Sc3N16/13/xtal_100.cif,15.780629,30.613848
xtal_11.cif,./Al13Sc3N16/__initial__/13/xtal_11.cif,17.520924,32.027706
xtal_12.cif,./Al13Sc3N16/__initial__/13/xtal_12.cif,-31.329304,-54.508263
xtal_13.cif,./Al13Sc3N16/13/xtal_13.cif,38.799026,50.01466
xtal_14.cif,./Al13Sc3N16/__initial__/13/xtal_14.cif,-3.4515226,3.7294323
xtal_15.cif,./Al13Sc3N16/__initial__/13/xtal_15.cif,-25.044197,-25.481585
xtal_16.cif,./Al13Sc3N16/13/xtal_16.cif,22.51647,40.75178
xtal_17.cif,./Al13Sc3N16/13/xtal_17.cif,-7.1503005,-24.47656
xtal_18.cif,./Al13Sc3N16/__initial__/13/xtal_18.cif,43.870884,36.735527
xtal_19.cif,./Al13Sc3N16/__initial__/13/xtal_19.cif,7.775373,89.10582
xtal_2.cif,./Al13Sc3N16/__initial__/13/xtal_2.cif,-34.11016,-49.544365
xtal_20.cif,./Al13Sc3N16/13/xtal_20.cif,-29.75028,31.77527
xtal_21.cif,./Al13Sc3N16/__initial__/13/xtal_21.cif,-51.476517,-33.287575
xtal_22.cif,./Al13Sc3N16/13/xtal_22.cif,-13.612656,-17.049356
xtal_23.cif,./Al13Sc3N16/13/xtal_23.cif,-26.434328,1.4542781
xtal_24.cif,./Al13Sc3N16/__initial__/13/xtal_24.cif,23.872993,41.578907
xtal_25.cif,./Al13Sc3N16/__initial__/13/xtal_25.cif,-32.308186,-5.2023597
xtal_26.cif,./Al13Sc3N16/__initial__/13/xtal_26.cif,-53.12492,42.535633
xtal_27.cif,./Al13Sc3N16/13/xtal_27.cif,-10.80787,3.1709068
xtal_28.cif,./Al13Sc3N16/__initial__/13/xtal_28.cif,6.4040585,65.06607
xtal_29.cif,./Al13Sc3N16/13/xtal_29.cif,-48.312782,-51.227448
xtal_3.cif,./Al13Sc3N16/__initial__/13/xtal_3.cif,39.36899,38.80065
xtal_30.cif,./Al13Sc3N16/13/xtal_30.cif,13.520317,23.031958
xtal_31.cif,./Al13Sc3N16/13/xtal_31.cif,-11.993669,-10.352061
xtal_32.cif,./Al13Sc3N16/__initial__/13/xtal_32.cif,-103.22254,-4.3023486
xtal_33.cif,./Al13Sc3N16/__initial__/13/xtal_33.cif,-23.743698,-1.6572254
xtal_34.cif,./Al13Sc3N16/13/xtal_34.cif,29.705168,5.468593
xtal_35.cif,./Al13Sc3N16/__initial__/13/xtal_35.cif,24.816889,21.910933
xtal_36.cif,./Al13Sc3N16/__initial__/13/xtal_36.cif,-79.75417,19.968502
xtal_37.cif,./Al13Sc3N16/__initial__/13/xtal_37.cif,17.513165,-3.5603373
xtal_38.cif,./Al13Sc3N16/__initial__/13/xtal_38.cif,-56.760586,43.86104
xtal_39.cif,./Al13Sc3N16/13/xtal_39.cif,-30.35572,-27.88344
xtal_4.cif,./Al13Sc3N16/__initial__/13/xtal_4.cif,35.792503,79.20089
xtal_40.cif,./Al13Sc3N16/__initial__/13/xtal_40.cif,11.751008,-4.7618895
xtal_41.cif,./Al13Sc3N16/__initial__/13/xtal_41.cif,-24.598942,1.5975018
xtal_42.cif,./Al13Sc3N16/13/xtal_42.cif,29.878834,16.114414
xtal_43.cif,./Al13Sc3N16/13/xtal_43.cif,-100.44837,-1.1192247
xtal_44.cif,./Al13Sc3N16/__initial__/13/xtal_44.cif,-29.867865,75.03347
xtal_45.cif,./Al13Sc3N16/13/xtal_45.cif,-29.164078,-57.049652
xtal_46.cif,./Al13Sc3N16/13/xtal_46.cif,51.300686,45.317272
xtal_47.cif,./Al13Sc3N16/__initial__/13/xtal_47.cif,33.91035,24.921972
xtal_48.cif,./Al13Sc3N16/__initial__/13/xtal_48.cif,-43.590054,16.69833
xtal_49.cif,./Al13Sc3N16/13/xtal_49.cif,-103.18299,-1.2472126
xtal_5.cif,./Al13Sc3N16/13/xtal_5.cif,14.685201,35.64366
xtal_50.cif,./Al13Sc3N16/__initial__/13/xtal_50.cif,-64.944786,-44.72001
xtal_51.cif,./Al13Sc3N16/__initial__/13/xtal_51.cif,-20.863907,0.5631679
xtal_52.cif,./Al13Sc3N16/__initial__/13/xtal_52.cif,31.332497,79.48549
xtal_53.cif,./Al13Sc3N16/__initial__/13/xtal_53.cif,-8.490355,-23.520622
xtal_54.cif,./Al13Sc3N16/13/xtal_54.cif,-10.524013,-8.318858
xtal_55.cif,./Al13Sc3N16/13/xtal_55.cif,-50.15848,47.095963
xtal_56.cif,./Al13Sc3N16/13/xtal_56.cif,39.03935,21.629845
xtal_57.cif,./Al13Sc3N16/__initial__/13/xtal_57.cif,-78.0232,0.8486604
xtal_58.cif,./Al13Sc3N16/__initial__/13/xtal_58.cif,6.625555,3.2427185
xtal_59.cif,./Al13Sc3N16/__initial__/13/xtal_59.cif,-16.488329,23.195196
xtal_6.cif,./Al13Sc3N16/13/xtal_6.cif,-38.035145,-10.346392
xtal_60.cif,./Al13Sc3N16/13/xtal_60.cif,-33.95138,-61.482506
xtal_61.cif,./Al13Sc3N16/__initial__/13/xtal_61.cif,55.07742,72.74707
xtal_62.cif,./Al13Sc3N16/13/xtal_62.cif,30.62245,19.84524
xtal_63.cif,./Al13Sc3N16/__initial__/13/xtal_63.cif,-84.61886,-30.706503
xtal_64.cif,./Al13Sc3N16/13/xtal_64.cif,-0.68724537,3.3321903
xtal_65.cif,./Al13Sc3N16/13/xtal_65.cif,56.44159,68.12523
xtal_66.cif,./Al13Sc3N16/13/xtal_66.cif,36.96703,49.866753
xtal_67.cif,./Al13Sc3N16/13/xtal_67.cif,-54.98927,-45.460854
xtal_68.cif,./Al13Sc3N16/__initial__/13/xtal_68.cif,25.302015,23.986252
xtal_69.cif,./Al13Sc3N16/__initial__/13/xtal_69.cif,34.337334,84.52335
xtal_7.cif,./Al13Sc3N16/__initial__/13/xtal_7.cif,13.767546,23.797129
xtal_70.cif,./Al13Sc3N16/13/xtal_70.cif,-11.006268,23.299805
xtal_71.cif,./Al13Sc3N16/13/xtal_71.cif,39.743923,9.4766245
xtal_72.cif,./Al13Sc3N16/__initial__/13/xtal_72.cif,45.474384,73.5782
xtal_73.cif,./Al13Sc3N16/13/xtal_73.cif,55.95765,58.747696
xtal_74.cif,./Al13Sc3N16/13/xtal_74.cif,15.876436,9.494225
xtal_75.cif,./Al13Sc3N16/__initial__/13/xtal_75.cif,1.6327813,13.065064
xtal_76.cif,./Al13Sc3N16/13/xtal_76.cif,37.63009,61.023407
xtal_77.cif,./Al13Sc3N16/__initial__/13/xtal_77.cif,-3.3434281,-15.101045
xtal_78.cif,./Al13Sc3N16/13/xtal_78.cif,15.276369,70.04527
xtal_79.cif,./Al13Sc3N16/13/xtal_79.cif,-5.754645,-40.32815
xtal_8.cif,./Al13Sc3N16/__initial__/13/xtal_8.cif,-38.791294,-35.670902
xtal_80.cif,./Al13Sc3N16/13/xtal_80.cif,-46.924805,-48.774822
xtal_81.cif,./Al13Sc3N16/13/xtal_81.cif,33.32397,64.979965
xtal_82.cif,./Al13Sc3N16/__initial__/13/xtal_82.cif,-22.538687,-1.1865644
xtal_83.cif,./Al13Sc3N16/13/xtal_83.cif,41.097878,59.58663
xtal_84.cif,./Al13Sc3N16/__initial__/13/xtal_84.cif,-9.614076,2.824409
xtal_85.cif,./Al13Sc3N16/13/xtal_85.cif,-24.35208,6.4000583
xtal_86.cif,./Al13Sc3N16/__initial__/13/xtal_86.cif,-105.43714,-0.11719505
xtal_87.cif,./Al13Sc3N16/__initial__/13/xtal_87.cif,-0.19170955,27.664307
xtal_88.cif,./Al13Sc3N16/__initial__/13/xtal_88.cif,-17.082773,-8.915705
xtal_89.cif,./Al13Sc3N16/13/xtal_89.cif,36.76382,27.813604
xtal_9.cif,./Al13Sc3N16/__initial__/13/xtal_9.cif,-5.6476398,-7.287041
xtal_90.cif,./Al13Sc3N16/__initial__/13/xtal_90.cif,-54.219856,25.224232
xtal_91.cif,./Al13Sc3N16/13/xtal_91.cif,56.580166,44.9532
xtal_92.cif,./Al13Sc3N16/13/xtal_92.cif,-28.261068,-15.38888
xtal_93.cif,./Al13Sc3N16/13/xtal_93.cif,27.6634,43.970074
xtal_94.cif,./Al13Sc3N16/13/xtal_94.cif,-8.349286,26.2909
xtal_95.cif,./Al13Sc3N16/__initial__/13/xtal_95.cif,-12.150401,-7.5514402
xtal_96.cif,./Al13Sc3N16/__initial__/13/xtal_96.cif,5.744992,7.722065
xtal_97.cif,./Al13Sc3N16/13/xtal_97.cif,25.273571,27.533611
xtal_98.cif,./Al13Sc3N16/13/xtal_98.cif,-0.21022348,12.764675
xtal_99.cif,./Al13Sc3N16/13/xtal_99.cif,-37.746445,-21.021645
xtal_1.cif,./Al13Sc3N16/__initial__/14/xtal_1.cif,-84.77856,-37.053524
xtal_10.cif,./Al13Sc3N16/__initial__/14/xtal_10.cif,-40.58319,-67.68921
xtal_100.cif,./Al13Sc3N16/14/xtal_100.cif,-18.843847,39.248703
xtal_11.cif,./Al13Sc3N16/__initial__/14/xtal_11.cif,-95.21854,-11.914523
xtal_12.cif,./Al13Sc3N16/14/xtal_12.cif,46.66435,52.175358
xtal_13.cif,./Al13Sc3N16/__initial__/14/xtal_13.cif,7.0885997,84.069466
xtal_14.cif,./Al13Sc3N16/14/xtal_14.cif,51.5861,70.40238
xtal_15.cif,./Al13Sc3N16/__initial__/14/xtal_15.cif,-30.808653,-11.054237
xtal_16.cif,./Al13Sc3N16/__initial__/14/xtal_16.cif,68.44565,61.47873
xtal_17.cif,./Al13Sc3N16/14/xtal_17.cif,46.71667,33.249954
xtal_18.cif,./Al13Sc3N16/14/xtal_18.cif,-5.602901,-14.591181
xtal_19.cif,./Al13Sc3N16/14/xtal_19.cif,2.0561113,-5.25333
xtal_2.cif,./Al13Sc3N16/14/xtal_2.cif,-10.675338,23.301825
xtal_20.cif,./Al13Sc3N16/__initial__/14/xtal_20.cif,23.255854,48.936325
xtal_21.cif,./Al13Sc3N16/__initial__/14/xtal_21.cif,-11.993706,-11.685894
xtal_22.cif,./Al13Sc3N16/__initial__/14/xtal_22.cif,30.485903,49.056465
xtal_23.cif,./Al13Sc3N16/__initial__/14/xtal_23.cif,-83.87614,-24.105467
xtal_24.cif,./Al13Sc3N16/14/xtal_24.cif,11.993412,2.352515
xtal_25.cif,./Al13Sc3N16/14/xtal_25.cif,50.006542,41.95354
xtal_26.cif,./Al13Sc3N16/__initial__/14/xtal_26.cif,2.960689,-8.554888
xtal_27.cif,./Al13Sc3N16/14/xtal_27.cif,-13.933009,25.255014
xtal_28.cif,./Al13Sc3N16/__initial__/14/xtal_28.cif,-27.972109,-27.980719
xtal_29.cif,./Al13Sc3N16/14/xtal_29.cif,7.9287677,22.625982
xtal_3.cif,./Al13Sc3N16/__initial__/14/xtal_3.cif,21.202736,11.117707
xtal_30.cif,./Al13Sc3N16/14/xtal_30.cif,-27.294641,-48.312263
xtal_31.cif,./Al13Sc3N16/14/xtal_31.cif,34.391617,27.920134
xtal_32.cif,./Al13Sc3N16/__initial__/14/xtal_32.cif,1.2985598,8.89366
xtal_33.cif,./Al13Sc3N16/14/xtal_33.cif,-42.351738,-18.951118
xtal_34.cif,./Al13Sc3N16/__initial__/14/xtal_34.cif,25.56314,34.389446
xtal_35.cif,./Al13Sc3N16/14/xtal_35.cif,-10.373034,24.89573
xtal_36.cif,./Al13Sc3N16/14/xtal_36.cif,63.962658,54.111755
xtal_37.cif,./Al13Sc3N16/14/xtal_37.cif,24.593525,34.715466
xtal_38.cif,./Al13Sc3N16/__initial__/14/xtal_38.cif,-6.413518,45.16319
xtal_39.cif,./Al13Sc3N16/__initial__/14/xtal_39.cif,30.225662,31.407421
xtal_4.cif,./Al13Sc3N16/14/xtal_4.cif,-6.3585553,-23.579262
xtal_40.cif,./Al13Sc3N16/__initial__/14/xtal_40.cif,-24.959608,-36.62145
xtal_41.cif,./Al13Sc3N16/14/xtal_41.cif,-43.632015,-64.27212
xtal_42.cif,./Al13Sc3N16/14/xtal_42.cif,45.55273,22.383787
xtal_43.cif,./Al13Sc3N16/14/xtal_43.cif,-22.002775,-42.05907
xtal_44.cif,./Al13Sc3N16/__initial__/14/xtal_44.cif,11.61119,40.84289
xtal_45.cif,./Al13Sc3N16/__initial__/14/xtal_45.cif,51.19659,60.10643
xtal_46.cif,./Al13Sc3N16/14/xtal_46.cif,-19.442856,-21.900053
xtal_47.cif,./Al13Sc3N16/__initial__/14/xtal_47.cif,49.39735,39.20607
xtal_48.cif,./Al13Sc3N16/14/xtal_48.cif,29.355818,86.56523
xtal_49.cif,./Al13Sc3N16/__initial__/14/xtal_49.cif,-48.12504,-54.293655
xtal_5.cif,./Al13Sc3N16/__initial__/14/xtal_5.cif,-1.3085858,5.3401403
xtal_50.cif,./Al13Sc3N16/__initial__/14/xtal_50.cif,-37.615177,-40.20848
xtal_51.cif,./Al13Sc3N16/__initial__/14/xtal_51.cif,-0.45618838,-18.410046
xtal_52.cif,./Al13Sc3N16/__initial__/14/xtal_52.cif,-62.834785,-39.255558
xtal_53.cif,./Al13Sc3N16/14/xtal_53.cif,58.67658,68.33626
xtal_54.cif,./Al13Sc3N16/14/xtal_54.cif,-7.018877,-32.584435
xtal_55.cif,./Al13Sc3N16/__initial__/14/xtal_55.cif,25.184956,18.64633
xtal_56.cif,./Al13Sc3N16/14/xtal_56.cif,6.5072303,5.7979903
xtal_57.cif,./Al13Sc3N16/__initial__/14/xtal_57.cif,25.20261,19.53335
xtal_58.cif,./Al13Sc3N16/14/xtal_58.cif,-38.1465,-13.61771
xtal_59.cif,./Al13Sc3N16/14/xtal_59.cif,38.6025,34.24768
xtal_6.cif,./Al13Sc3N16/__initial__/14/xtal_6.cif,-3.5152607,-25.502394
xtal_60.cif,./Al13Sc3N16/__initial__/14/xtal_60.cif,23.933453,50.565372
xtal_61.cif,./Al13Sc3N16/__initial__/14/xtal_61.cif,30.140411,40.801857
xtal_62.cif,./Al13Sc3N16/__initial__/14/xtal_62.cif,-43.441284,-0.697173
xtal_63.cif,./Al13Sc3N16/14/xtal_63.cif,-96.7202,-25.829052
xtal_64.cif,./Al13Sc3N16/14/xtal_64.cif,9.472886,3.4327464
xtal_65.cif,./Al13Sc3N16/__initial__/14/xtal_65.cif,-13.135705,-27.352446
xtal_66.cif,./Al13Sc3N16/14/xtal_66.cif,6.658156,13.296235
xtal_67.cif,./Al13Sc3N16/14/xtal_67.cif,65.311714,62.345722
xtal_68.cif,./Al13Sc3N16/14/xtal_68.cif,-31.82524,37.345657
xtal_69.cif,./Al13Sc3N16/__initial__/14/xtal_69.cif,-1.2419883,-21.667337
xtal_7.cif,./Al13Sc3N16/14/xtal_7.cif,-75.02706,-28.549225
xtal_70.cif,./Al13Sc3N16/14/xtal_70.cif,14.473377,-10.872031
xtal_71.cif,./Al13Sc3N16/14/xtal_71.cif,51.40156,77.64429
xtal_72.cif,./Al13Sc3N16/14/xtal_72.cif,5.7238693,26.345955
xtal_73.cif,./Al13Sc3N16/__initial__/14/xtal_73.cif,-40.93832,-50.437996
xtal_74.cif,./Al13Sc3N16/14/xtal_74.cif,-18.080544,38.829582
xtal_75.cif,./Al13Sc3N16/__initial__/14/xtal_75.cif,10.55381,38.274715
xtal_76.cif,./Al13Sc3N16/14/xtal_76.cif,-48.745132,-52.421707
xtal_77.cif,./Al13Sc3N16/14/xtal_77.cif,4.5900073,85.21002
xtal_78.cif,./Al13Sc3N16/14/xtal_78.cif,-85.91965,-35.13202
xtal_79.cif,./Al13Sc3N16/14/xtal_79.cif,38.83592,43.4272
xtal_8.cif,./Al13Sc3N16/14/xtal_8.cif,-75.34102,-24.92799
xtal_80.cif,./Al13Sc3N16/14/xtal_80.cif,24.966011,28.209497
xtal_81.cif,./Al13Sc3N16/14/xtal_81.cif,41.450397,45.852524
xtal_82.cif,./Al13Sc3N16/__initial__/14/xtal_82.cif,11.476868,19.37483
xtal_83.cif,./Al13Sc3N16/__initial__/14/xtal_83.cif,-28.3172,-51.61341
xtal_84.cif,./Al13Sc3N16/__initial__/14/xtal_84.cif,2.412844,-16.130213
xtal_85.cif,./Al13Sc3N16/__initial__/14/xtal_85.cif,-25.070642,-9.569794
xtal_86.cif,./Al13Sc3N16/__initial__/14/xtal_86.cif,52.04219,40.41598
xtal_87.cif,./Al13Sc3N16/__initial__/14/xtal_87.cif,0.48158428,59.30556
xtal_88.cif,./Al13Sc3N16/14/xtal_88.cif,14.455255,2.097151
xtal_89.cif,./Al13Sc3N16/14/xtal_89.cif,69.25511,64.267525
xtal_9.cif,./Al13Sc3N16/__initial__/14/xtal_9.cif,19.090586,0.26197037
xtal_90.cif,./Al13Sc3N16/__initial__/14/xtal_90.cif,-97.26721,-23.676847
xtal_91.cif,./Al13Sc3N16/14/xtal_91.cif,-56.759663,-50.732433
xtal_92.cif,./Al13Sc3N16/__initial__/14/xtal_92.cif,8.479153,87.688896
xtal_93.cif,./Al13Sc3N16/__initial__/14/xtal_93.cif,54.382103,51.66834
xtal_94.cif,./Al13Sc3N16/__initial__/14/xtal_94.cif,-21.40544,38.867573
xtal_95.cif,./Al13Sc3N16/__initial__/14/xtal_95.cif,26.748316,35.965233
xtal_96.cif,./Al13Sc3N16/__initial__/14/xtal_96.cif,22.429718,4.4757347
xtal_97.cif,./Al13Sc3N16/__initial__/14/xtal_97.cif,-66.579254,41.927895
xtal_98.cif,./Al13Sc3N16/14/xtal_98.cif,23.157494,40.650635
xtal_99.cif,./Al13Sc3N16/14/xtal_99.cif,12.317982,-7.025406
xtal_1.cif,./Al13Sc3N16/16/xtal_1.cif,-52.674583,56.450706
xtal_10.cif,./Al13Sc3N16/__initial__/16/xtal_10.cif,-15.704185,-7.376159
xtal_100.cif,./Al13Sc3N16/16/xtal_100.cif,-7.429281,25.697794
xtal_11.cif,./Al13Sc3N16/16/xtal_11.cif,57.636166,56.214375
xtal_12.cif,./Al13Sc3N16/__initial__/16/xtal_12.cif,53.51569,61.648865
xtal_13.cif,./Al13Sc3N16/16/xtal_13.cif,-10.542317,6.4649663
xtal_14.cif,./Al13Sc3N16/16/xtal_14.cif,-11.452398,-1.0619696
xtal_15.cif,./Al13Sc3N16/16/xtal_15.cif,1.8172823,58.596054
xtal_16.cif,./Al13Sc3N16/16/xtal_16.cif,-52.556145,-17.541592
xtal_17.cif,./Al13Sc3N16/__initial__/16/xtal_17.cif,11.676528,80.1531
xtal_18.cif,./Al13Sc3N16/16/xtal_18.cif,-28.986204,-13.522222
xtal_19.cif,./Al13Sc3N16/16/xtal_19.cif,-5.992324,-18.459621
xtal_2.cif,./Al13Sc3N16/16/xtal_2.cif,-40.346462,91.06692
xtal_20.cif,./Al13Sc3N16/__initial__/16/xtal_20.cif,-86.8541,-13.63593
xtal_21.cif,./Al13Sc3N16/16/xtal_21.cif,-40.001728,88.688965
xtal_22.cif,./Al13Sc3N16/__initial__/16/xtal_22.cif,-103.05464,-12.614193
xtal_23.cif,./Al13Sc3N16/__initial__/16/xtal_23.cif,12.189233,56.216362
xtal_24.cif,./Al13Sc3N16/16/xtal_24.cif,-5.8439856,-18.096207
xtal_25.cif,./Al13Sc3N16/__initial__/16/xtal_25.cif,-0.43997923,39.424484
xtal_26.cif,./Al13Sc3N16/16/xtal_26.cif,8.534825,30.613096
xtal_27.cif,./Al13Sc3N16/__initial__/16/xtal_27.cif,-24.29961,8.25438
xtal_28.cif,./Al13Sc3N16/16/xtal_28.cif,-3.4987981,-19.23014
xtal_29.cif,./Al13Sc3N16/16/xtal_29.cif,56.166275,19.310163
xtal_3.cif,./Al13Sc3N16/__initial__/16/xtal_3.cif,-31.000832,-50.984768
xtal_30.cif,./Al13Sc3N16/__initial__/16/xtal_30.cif,-19.362614,-0.15066522
xtal_31.cif,./Al13Sc3N16/16/xtal_31.cif,-26.687529,-59.708332
xtal_32.cif,./Al13Sc3N16/__initial__/16/xtal_32.cif,-102.04355,-0.9323358
xtal_33.cif,./Al13Sc3N16/__initial__/16/xtal_33.cif,-24.51785,76.599686
xtal_34.cif,./Al13Sc3N16/__initial__/16/xtal_34.cif,-16.984232,51.83262
xtal_35.cif,./Al13Sc3N16/__initial__/16/xtal_35.cif,40.07709,51.8126
xtal_36.cif,./Al13Sc3N16/__initial__/16/xtal_36.cif,-14.837015,62.97171
xtal_37.cif,./Al13Sc3N16/16/xtal_37.cif,1.3108923,14.182452
xtal_38.cif,./Al13Sc3N16/__initial__/16/xtal_38.cif,-48.245605,-27.912569
xtal_39.cif,./Al13Sc3N16/__initial__/16/xtal_39.cif,-38.941254,81.13749
xtal_4.cif,./Al13Sc3N16/__initial__/16/xtal_4.cif,16.657629,-39.517086
xtal_40.cif,./Al13Sc3N16/16/xtal_40.cif,-27.753098,69.36192
xtal_41.cif,./Al13Sc3N16/__initial__/16/xtal_41.cif,-72.665794,-38.537952
xtal_42.cif,./Al13Sc3N16/16/xtal_42.cif,-58.720886,81.35758
xtal_43.cif,./Al13Sc3N16/__initial__/16/xtal_43.cif,24.886858,-8.456697
xtal_44.cif,./Al13Sc3N16/__initial__/16/xtal_44.cif,-74.9122,46.864506
xtal_45.cif,./Al13Sc3N16/__initial__/16/xtal_45.cif,48.24319,21.685282
xtal_46.cif,./Al13Sc3N16/16/xtal_46.cif,-5.331857,-20.944918
xtal_47.cif,./Al13Sc3N16/__initial__/16/xtal_47.cif,36.886383,-57.206173
xtal_48.cif,./Al13Sc3N16/16/xtal_48.cif,-30.695442,-1.0496625
xtal_49.cif,./Al13Sc3N16/__initial__/16/xtal_49.cif,42.02113,-28.958641
xtal_5.cif,./Al13Sc3N16/16/xtal_5.cif,-0.4411928,11.656757
xtal_50.cif,./Al13Sc3N16/16/xtal_50.cif,15.228477,-1.2015045
xtal_51.cif,./Al13Sc3N16/__initial__/16/xtal_51.cif,-39.26059,-48.724094
xtal_52.cif,./Al13Sc3N16/__initial__/16/xtal_52.cif,-82.884735,12.500219
xtal_53.cif,./Al13Sc3N16/__initial__/16/xtal_53.cif,27.193298,34.53209
xtal_54.cif,./Al13Sc3N16/16/xtal_54.cif,-27.984842,-9.845247
xtal_55.cif,./Al13Sc3N16/16/xtal_55.cif,3.5331082,-24.36214
xtal_56.cif,./Al13Sc3N16/16/xtal_56.cif,2.8649058,37.0556
xtal_57.cif,./Al13Sc3N16/16/xtal_57.cif,35.334446,44.34995
xtal_58.cif,./Al13Sc3N16/__initial__/16/xtal_58.cif,91.97808,-12.335174
xtal_59.cif,./Al13Sc3N16/__initial__/16/xtal_59.cif,90.86563,18.577364
xtal_6.cif,./Al13Sc3N16/__initial__/16/xtal_6.cif,-13.615894,37.8211
xtal_60.cif,./Al13Sc3N16/16/xtal_60.cif,-19.760777,4.61114
xtal_61.cif,./Al13Sc3N16/__initial__/16/xtal_61.cif,11.696549,29.67974
xtal_62.cif,./Al13Sc3N16/16/xtal_62.cif,-25.006119,-52.66728
xtal_63.cif,./Al13Sc3N16/__initial__/16/xtal_63.cif,-4.7495995,-43.203278
xtal_64.cif,./Al13Sc3N16/16/xtal_64.cif,-15.1290045,63.349945
xtal_65.cif,./Al13Sc3N16/__initial__/16/xtal_65.cif,2.4113677,48.85737
xtal_66.cif,./Al13Sc3N16/16/xtal_66.cif,-21.251444,-38.702595
xtal_67.cif,./Al13Sc3N16/16/xtal_67.cif,59.99539,-17.97219
xtal_68.cif,./Al13Sc3N16/16/xtal_68.cif,-21.396687,66.95769
xtal_69.cif,./Al13Sc3N16/16/xtal_69.cif,75.16235,10.536996
xtal_7.cif,./Al13Sc3N16/16/xtal_7.cif,-50.234146,-12.476964
xtal_70.cif,./Al13Sc3N16/__initial__/16/xtal_70.cif,7.6148458,21.205969
xtal_71.cif,./Al13Sc3N16/__initial__/16/xtal_71.cif,-7.023853,-10.183194
xtal_72.cif,./Al13Sc3N16/16/xtal_72.cif,15.033666,52.08179
xtal_73.cif,./Al13Sc3N16/__initial__/16/xtal_73.cif,-67.86918,21.566793
xtal_74.cif,./Al13Sc3N16/16/xtal_74.cif,2.3314605,2.7169006
xtal_75.cif,./Al13Sc3N16/16/xtal_75.cif,-3.5657477,91.37017
xtal_76.cif,./Al13Sc3N16/__initial__/16/xtal_76.cif,-11.909224,-1.310028
xtal_77.cif,./Al13Sc3N16/16/xtal_77.cif,-24.031702,-47.868114
xtal_78.cif,./Al13Sc3N16/16/xtal_78.cif,48.029587,55.91687
xtal_79.cif,./Al13Sc3N16/__initial__/16/xtal_79.cif,-24.404428,47.65931
xtal_8.cif,./Al13Sc3N16/16/xtal_8.cif,10.547388,79.42388
xtal_80.cif,./Al13Sc3N16/__initial__/16/xtal_80.cif,18.085533,16.707083
xtal_81.cif,./Al13Sc3N16/__initial__/16/xtal_81.cif,-37.63033,-56.246727
xtal_82.cif,./Al13Sc3N16/__initial__/16/xtal_82.cif,-82.342064,10.964763
xtal_83.cif,./Al13Sc3N16/__initial__/16/xtal_83.cif,-40.24029,74.25487
xtal_84.cif,./Al13Sc3N16/16/xtal_84.cif,-39.56488,-52.3749
xtal_85.cif,./Al13Sc3N16/16/xtal_85.cif,76.817635,10.319521
xtal_86.cif,./Al13Sc3N16/__initial__/16/xtal_86.cif,-20.621426,-41.171078
xtal_87.cif,./Al13Sc3N16/__initial__/16/xtal_87.cif,43.55696,-25.399931
xtal_88.cif,./Al13Sc3N16/__initial__/16/xtal_88.cif,-62.117577,1.4846172
xtal_89.cif,./Al13Sc3N16/16/xtal_89.cif,48.48985,51.62356
xtal_9.cif,./Al13Sc3N16/16/xtal_9.cif,38.52072,-23.553688
xtal_90.cif,./Al13Sc3N16/16/xtal_90.cif,-16.124357,47.28202
xtal_91.cif,./Al13Sc3N16/__initial__/16/xtal_91.cif,65.92451,4.1136994
xtal_92.cif,./Al13Sc3N16/__initial__/16/xtal_92.cif,-56.545044,46.880882
xtal_93.cif,./Al13Sc3N16/16/xtal_93.cif,-37.882465,-13.991481
xtal_94.cif,./Al13Sc3N16/16/xtal_94.cif,14.542494,27.496489
xtal_95.cif,./Al13Sc3N16/__initial__/16/xtal_95.cif,-21.098614,57.710934
xtal_96.cif,./Al13Sc3N16/16/xtal_96.cif,16.54937,67.939156
xtal_97.cif,./Al13Sc3N16/__initial__/16/xtal_97.cif,29.323406,61.556873
xtal_98.cif,./Al13Sc3N16/16/xtal_98.cif,-27.961067,-11.923962
xtal_99.cif,./Al13Sc3N16/__initial__/16/xtal_99.cif,41.439167,64.63182
xtal_1.cif,./Al13Sc3N16/17/xtal_1.cif,-98.39562,-10.303821
xtal_10.cif,./Al13Sc3N16/17/xtal_10.cif,73.4337,54.265865
xtal_100.cif,./Al13Sc3N16/17/xtal_100.cif,-25.828802,-54.222046
xtal_11.cif,./Al13Sc3N16/__initial__/17/xtal_11.cif,-25.707617,5.790375
xtal_12.cif,./Al13Sc3N16/__initial__/17/xtal_12.cif,84.20659,34.937237
xtal_13.cif,./Al13Sc3N16/__initial__/17/xtal_13.cif,9.068543,1.5023478
xtal_14.cif,./Al13Sc3N16/__initial__/17/xtal_14.cif,62.148563,4.679127
xtal_15.cif,./Al13Sc3N16/__initial__/17/xtal_15.cif,-59.193497,-41.043453
xtal_16.cif,./Al13Sc3N16/__initial__/17/xtal_16.cif,37.57148,42.465137
xtal_17.cif,./Al13Sc3N16/17/xtal_17.cif,28.168478,51.571198
xtal_18.cif,./Al13Sc3N16/__initial__/17/xtal_18.cif,12.444027,72.90034
xtal_19.cif,./Al13Sc3N16/__initial__/17/xtal_19.cif,-72.33412,-44.462337
xtal_2.cif,./Al13Sc3N16/__initial__/17/xtal_2.cif,-90.65449,-29.069452
xtal_20.cif,./Al13Sc3N16/__initial__/17/xtal_20.cif,21.07501,-6.723889
xtal_21.cif,./Al13Sc3N16/17/xtal_21.cif,-28.922707,-52.943905
xtal_22.cif,./Al13Sc3N16/__initial__/17/xtal_22.cif,-3.3344939,91.311516
xtal_23.cif,./Al13Sc3N16/17/xtal_23.cif,-53.415142,-54.004196
xtal_24.cif,./Al13Sc3N16/17/xtal_24.cif,42.891365,37.13202
xtal_25.cif,./Al13Sc3N16/__initial__/17/xtal_25.cif,66.71388,58.84705
xtal_26.cif,./Al13Sc3N16/17/xtal_26.cif,-59.606823,-33.571724
xtal_27.cif,./Al13Sc3N16/17/xtal_27.cif,10.854475,-73.434685
xtal_28.cif,./Al13Sc3N16/__initial__/17/xtal_28.cif,-22.983017,36.006847
xtal_29.cif,./Al13Sc3N16/17/xtal_29.cif,61.327877,37.972263
xtal_3.cif,./Al13Sc3N16/17/xtal_3.cif,-2.7034879,6.4209027
xtal_30.cif,./Al13Sc3N16/__initial__/17/xtal_30.cif,-18.357079,-51.083824
xtal_31.cif,./Al13Sc3N16/__initial__/17/xtal_31.cif,-0.6878882,3.4861538
xtal_32.cif,./Al13Sc3N16/17/xtal_32.cif,-1.5661763,-10.828274
xtal_33.cif,./Al13Sc3N16/__initial__/17/xtal_33.cif,70.864624,51.06004
xtal_34.cif,./Al13Sc3N16/__initial__/17/xtal_34.cif,-48.960533,-52.5422
xtal_35.cif,./Al13Sc3N16/17/xtal_35.cif,-66.64532,-45.531017
xtal_36.cif,./Al13Sc3N16/17/xtal_36.cif,36.369007,-47.98634
xtal_37.cif,./Al13Sc3N16/17/xtal_37.cif,4.0371757,-35.82429
xtal_38.cif,./Al13Sc3N16/__initial__/17/xtal_38.cif,-27.003555,8.334645
xtal_39.cif,./Al13Sc3N16/17/xtal_39.cif,-12.033229,-38.605156
xtal_4.cif,./Al13Sc3N16/__initial__/17/xtal_4.cif,-68.95569,-49.918736
xtal_40.cif,./Al13Sc3N16/__initial__/17/xtal_40.cif,-15.780432,71.4079
xtal_41.cif,./Al13Sc3N16/__initial__/17/xtal_41.cif,34.88316,43.01578
xtal_42.cif,./Al13Sc3N16/17/xtal_42.cif,-79.537415,-18.27398
xtal_43.cif,./Al13Sc3N16/17/xtal_43.cif,-75.33889,12.229966
xtal_44.cif,./Al13Sc3N16/17/xtal_44.cif,-20.253166,-13.068318
xtal_45.cif,./Al13Sc3N16/17/xtal_45.cif,40.349842,-46.582882
xtal_46.cif,./Al13Sc3N16/__initial__/17/xtal_46.cif,-54.43757,-52.35478
xtal_47.cif,./Al13Sc3N16/__initial__/17/xtal_47.cif,-31.182386,-52.609093
xtal_48.cif,./Al13Sc3N16/__initial__/17/xtal_48.cif,45.155853,32.540462
xtal_49.cif,./Al13Sc3N16/__initial__/17/xtal_49.cif,-85.180565,-14.712531
xtal_5.cif,./Al13Sc3N16/__initial__/17/xtal_5.cif,37.001297,-64.792564
xtal_50.cif,./Al13Sc3N16/17/xtal_50.cif,34.44139,27.871311
xtal_51.cif,./Al13Sc3N16/17/xtal_51.cif,90.2991,-10.409103
xtal_52.cif,./Al13Sc3N16/__initial__/17/xtal_52.cif,-6.6325636,-43.225437
xtal_53.cif,./Al13Sc3N16/17/xtal_53.cif,-25.34718,6.837482
xtal_54.cif,./Al13Sc3N16/17/xtal_54.cif,7.6879544,-58.635723
xtal_55.cif,./Al13Sc3N16/17/xtal_55.cif,-79.62112,-38.444717
xtal_56.cif,./Al13Sc3N16/__initial__/17/xtal_56.cif,-39.236237,-12.411014
xtal_57.cif,./Al13Sc3N16/17/xtal_57.cif,51.65624,19.794203
xtal_58.cif,./Al13Sc3N16/__initial__/17/xtal_58.cif,17.636002,39.114265
xtal_59.cif,./Al13Sc3N16/17/xtal_59.cif,-79.15307,-62.5058
xtal_6.cif,./Al13Sc3N16/17/xtal_6.cif,92.85756,0.604778
xtal_60.cif,./Al13Sc3N16/__initial__/17/xtal_60.cif,33.32322,-5.8373427
xtal_61.cif,./Al13Sc3N16/__initial__/17/xtal_61.cif,51.570847,57.676903
xtal_62.cif,./Al13Sc3N16/__initial__/17/xtal_62.cif,-52.559017,-59.988907
xtal_63.cif,./Al13Sc3N16/__initial__/17/xtal_63.cif,4.3965707,-51.011738
xtal_64.cif,./Al13Sc3N16/17/xtal_64.cif,2.2261045,2.8053455
xtal_65.cif,./Al13Sc3N16/17/xtal_65.cif,22.086885,60.259674
xtal_66.cif,./Al13Sc3N16/__initial__/17/xtal_66.cif,6.242767,-56.691235
xtal_67.cif,./Al13Sc3N16/17/xtal_67.cif,55.927097,-11.626464
xtal_68.cif,./Al13Sc3N16/17/xtal_68.cif,-1.6303124,-10.901422
xtal_69.cif,./Al13Sc3N16/__initial__/17/xtal_69.cif,3.7684438,-33.586853
xtal_7.cif,./Al13Sc3N16/__initial__/17/xtal_7.cif,32.540306,9.0220995
xtal_70.cif,./Al13Sc3N16/__initial__/17/xtal_70.cif,19.990086,45.835705
xtal_71.cif,./Al13Sc3N16/17/xtal_71.cif,48.453045,8.317759
xtal_72.cif,./Al13Sc3N16/17/xtal_72.cif,56.130035,-28.221134
xtal_73.cif,./Al13Sc3N16/17/xtal_73.cif,-37.842964,-49.471798
xtal_74.cif,./Al13Sc3N16/__initial__/17/xtal_74.cif,18.893118,20.408884
xtal_75.cif,./Al13Sc3N16/17/xtal_75.cif,37.142307,-44.448326
xtal_76.cif,./Al13Sc3N16/17/xtal_76.cif,12.155126,-39.678665
xtal_77.cif,./Al13Sc3N16/17/xtal_77.cif,12.378346,18.681578
xtal_78.cif,./Al13Sc3N16/__initial__/17/xtal_78.cif,-49.88816,47.29169
xtal_79.cif,./Al13Sc3N16/17/xtal_79.cif,38.203224,-85.50046
xtal_8.cif,./Al13Sc3N16/__initial__/17/xtal_8.cif,-53.758907,-53.933132
xtal_80.cif,./Al13Sc3N16/__initial__/17/xtal_80.cif,17.065283,70.47135
xtal_81.cif,./Al13Sc3N16/17/xtal_81.cif,-19.462704,-19.291965
xtal_82.cif,./Al13Sc3N16/__initial__/17/xtal_82.cif,96.67248,-7.1586146
xtal_83.cif,./Al13Sc3N16/17/xtal_83.cif,7.3121095,22.1779
xtal_84.cif,./Al13Sc3N16/__initial__/17/xtal_84.cif,64.48984,11.582077
xtal_85.cif,./Al13Sc3N16/__initial__/17/xtal_85.cif,-18.34605,-24.879536
xtal_86.cif,./Al13Sc3N16/__initial__/17/xtal_86.cif,-0.05716976,4.5823007
xtal_87.cif,./Al13Sc3N16/17/xtal_87.cif,74.93958,-2.8496969
xtal_88.cif,./Al13Sc3N16/__initial__/17/xtal_88.cif,-71.08178,12.038083
xtal_89.cif,./Al13Sc3N16/__initial__/17/xtal_89.cif,-90.381996,-30.050169
xtal_9.cif,./Al13Sc3N16/17/xtal_9.cif,-54.425457,-34.77595
xtal_90.cif,./Al13Sc3N16/17/xtal_90.cif,-63.455505,-41.84661
xtal_91.cif,./Al13Sc3N16/__initial__/17/xtal_91.cif,-81.44835,7.220298
xtal_92.cif,./Al13Sc3N16/17/xtal_92.cif,-67.504295,-45.822617
xtal_93.cif,./Al13Sc3N16/__initial__/17/xtal_93.cif,1.1800764,-0.71971333
xtal_94.cif,./Al13Sc3N16/17/xtal_94.cif,-16.78842,-19.667128
xtal_95.cif,./Al13Sc3N16/17/xtal_95.cif,48.81753,64.55865
xtal_96.cif,./Al13Sc3N16/17/xtal_96.cif,50.86689,40.397724
xtal_97.cif,./Al13Sc3N16/17/xtal_97.cif,-8.738466,-32.487865
xtal_98.cif,./Al13Sc3N16/17/xtal_98.cif,-98.35344,-11.3359585
xtal_99.cif,./Al13Sc3N16/__initial__/17/xtal_99.cif,-67.03894,-34.87874
xtal_1.cif,./Al13Sc3N16/18/xtal_1.cif,-40.138107,-14.383374
xtal_10.cif,./Al13Sc3N16/18/xtal_10.cif,-34.110325,-61.86578
xtal_100.cif,./Al13Sc3N16/18/xtal_100.cif,-86.28742,-39.959667
xtal_11.cif,./Al13Sc3N16/__initial__/18/xtal_11.cif,68.97238,58.978355
xtal_12.cif,./Al13Sc3N16/18/xtal_12.cif,-94.67546,-26.001732
xtal_13.cif,./Al13Sc3N16/__initial__/18/xtal_13.cif,-12.932041,48.702267
xtal_14.cif,./Al13Sc3N16/__initial__/18/xtal_14.cif,45.459194,68.02935
xtal_15.cif,./Al13Sc3N16/__initial__/18/xtal_15.cif,13.028827,-4.5788083
xtal_16.cif,./Al13Sc3N16/18/xtal_16.cif,-38.952873,-14.7839
xtal_17.cif,./Al13Sc3N16/__initial__/18/xtal_17.cif,-74.19755,48.600327
xtal_18.cif,./Al13Sc3N16/18/xtal_18.cif,-89.58965,-21.0196
xtal_19.cif,./Al13Sc3N16/18/xtal_19.cif,-25.966875,-52.861305
xtal_2.cif,./Al13Sc3N16/__initial__/18/xtal_2.cif,-18.236294,-54.477287
xtal_20.cif,./Al13Sc3N16/__initial__/18/xtal_20.cif,-0.1186959,2.6764884
xtal_21.cif,./Al13Sc3N16/__initial__/18/xtal_21.cif,-31.625399,-20.094618
xtal_22.cif,./Al13Sc3N16/18/xtal_22.cif,5.0154037,39.32722
xtal_23.cif,./Al13Sc3N16/__initial__/18/xtal_23.cif,26.731318,30.219831
xtal_24.cif,./Al13Sc3N16/18/xtal_24.cif,8.797526,-30.411129
xtal_25.cif,./Al13Sc3N16/__initial__/18/xtal_25.cif,-94.521774,-13.000157
xtal_26.cif,./Al13Sc3N16/__initial__/18/xtal_26.cif,53.260548,-11.283406
xtal_27.cif,./Al13Sc3N16/18/xtal_27.cif,12.309461,-7.2762504
xtal_28.cif,./Al13Sc3N16/__initial__/18/xtal_28.cif,-16.845352,-43.68576
xtal_29.cif,./Al13Sc3N16/18/xtal_29.cif,24.47067,21.981897
xtal_3.cif,./Al13Sc3N16/__initial__/18/xtal_3.cif,-12.6319475,40.203487
xtal_30.cif,./Al13Sc3N16/__initial__/18/xtal_30.cif,-41.71787,-63.991383
xtal_31.cif,./Al13Sc3N16/18/xtal_31.cif,-13.844119,-11.0529
xtal_32.cif,./Al13Sc3N16/__initial__/18/xtal_32.cif,12.52684,9.320961
xtal_33.cif,./Al13Sc3N16/18/xtal_33.cif,3.050173,-8.317595
xtal_34.cif,./Al13Sc3N16/__initial__/18/xtal_34.cif,-94.258995,-26.393757
xtal_35.cif,./Al13Sc3N16/18/xtal_35.cif,46.688313,37.742783
xtal_36.cif,./Al13Sc3N16/18/xtal_36.cif,51.638336,60.68096
xtal_37.cif,./Al13Sc3N16/18/xtal_37.cif,21.1779,49.037266
xtal_38.cif,./Al13Sc3N16/__initial__/18/xtal_38.cif,-48.594128,-47.39332
xtal_39.cif,./Al13Sc3N16/__initial__/18/xtal_39.cif,-39.01906,-14.088279
xtal_4.cif,./Al13Sc3N16/__initial__/18/xtal_4.cif,-31.25308,-22.349657
xtal_40.cif,./Al13Sc3N16/__initial__/18/xtal_40.cif,0.66706884,25.38792
xtal_41.cif,./Al13Sc3N16/18/xtal_41.cif,32.16492,41.970425
xtal_42.cif,./Al13Sc3N16/__initial__/18/xtal_42.cif,53.06294,-32.703117
xtal_43.cif,./Al13Sc3N16/18/xtal_43.cif,8.421602,-55.765335
xtal_44.cif,./Al13Sc3N16/18/xtal_44.cif,-55.02583,-45.68967
xtal_45.cif,./Al13Sc3N16/18/xtal_45.cif,76.99255,22.893246
xtal_46.cif,./Al13Sc3N16/18/xtal_46.cif,-14.205307,65.29893
xtal_47.cif,./Al13Sc3N16/__initial__/18/xtal_47.cif,-13.543076,-3.0170012
xtal_48.cif,./Al13Sc3N16/__initial__/18/xtal_48.cif,25.391127,36.34208
xtal_49.cif,./Al13Sc3N16/__initial__/18/xtal_49.cif,29.455751,-12.341747
xtal_5.cif,./Al13Sc3N16/18/xtal_5.cif,-28.55777,-25.584444
xtal_50.cif,./Al13Sc3N16/__initial__/18/xtal_50.cif,-19.788927,38.694004
xtal_51.cif,./Al13Sc3N16/__initial__/18/xtal_51.cif,-37.823833,-49.4546
xtal_52.cif,./Al13Sc3N16/18/xtal_52.cif,-101.00662,-15.960448
xtal_53.cif,./Al13Sc3N16/18/xtal_53.cif,-1.5547619,-14.562304
xtal_54.cif,./Al13Sc3N16/18/xtal_54.cif,-20.270535,-12.817575
xtal_55.cif,./Al13Sc3N16/__initial__/18/xtal_55.cif,45.781616,-16.307589
xtal_56.cif,./Al13Sc3N16/18/xtal_56.cif,29.395496,81.01751
xtal_57.cif,./Al13Sc3N16/18/xtal_57.cif,54.008766,73.22915
xtal_58.cif,./Al13Sc3N16/__initial__/18/xtal_58.cif,-62.38837,44.76603
xtal_59.cif,./Al13Sc3N16/__initial__/18/xtal_59.cif,88.8248,2.5221288
xtal_6.cif,./Al13Sc3N16/__initial__/18/xtal_6.cif,13.394509,35.24298
xtal_60.cif,./Al13Sc3N16/__initial__/18/xtal_60.cif,62.95427,60.57763
xtal_61.cif,./Al13Sc3N16/__initial__/18/xtal_61.cif,-40.238777,-51.644867
xtal_62.cif,./Al13Sc3N16/__initial__/18/xtal_62.cif,-62.83809,-43.5509
xtal_63.cif,./Al13Sc3N16/18/xtal_63.cif,21.642382,70.83232
xtal_64.cif,./Al13Sc3N16/18/xtal_64.cif,-60.26935,-31.964813
xtal_65.cif,./Al13Sc3N16/18/xtal_65.cif,61.485016,62.24134
xtal_66.cif,./Al13Sc3N16/__initial__/18/xtal_66.cif,67.62572,56.071495
xtal_67.cif,./Al13Sc3N16/18/xtal_67.cif,-36.92877,-54.183292
xtal_68.cif,./Al13Sc3N16/__initial__/18/xtal_68.cif,32.894012,17.5572
xtal_69.cif,./Al13Sc3N16/__initial__/18/xtal_69.cif,39.740604,64.01831
xtal_7.cif,./Al13Sc3N16/__initial__/18/xtal_7.cif,6.667207,76.855736
xtal_70.cif,./Al13Sc3N16/18/xtal_70.cif,72.82504,52.08598
xtal_71.cif,./Al13Sc3N16/18/xtal_71.cif,42.635193,-42.412743
xtal_72.cif,./Al13Sc3N16/__initial__/18/xtal_72.cif,-21.753513,-10.399302
xtal_73.cif,./Al13Sc3N16/18/xtal_73.cif,28.346848,4.3760285
xtal_74.cif,./Al13Sc3N16/18/xtal_74.cif,12.131026,-60.76705
xtal_75.cif,./Al13Sc3N16/18/xtal_75.cif,8.728154,-56.068226
xtal_76.cif,./Al13Sc3N16/18/xtal_76.cif,2.315185,87.06822
xtal_77.cif,./Al13Sc3N16/18/xtal_77.cif,15.801646,3.8003252
xtal_78.cif,./Al13Sc3N16/18/xtal_78.cif,-72.71303,-42.94884
xtal_79.cif,./Al13Sc3N16/__initial__/18/xtal_79.cif,66.46377,63.903755
xtal_8.cif,./Al13Sc3N16/__initial__/18/xtal_8.cif,-32.734818,-51.497772
xtal_80.cif,./Al13Sc3N16/__initial__/18/xtal_80.cif,52.30311,30.613457
xtal_81.cif,./Al13Sc3N16/18/xtal_81.cif,14.650353,38.27269
xtal_82.cif,./Al13Sc3N16/18/xtal_82.cif,-59.73146,-33.58356
xtal_83.cif,./Al13Sc3N16/18/xtal_83.cif,42.282112,36.88235
xtal_84.cif,./Al13Sc3N16/__initial__/18/xtal_84.cif,-85.88441,-32.513195
xtal_85.cif,./Al13Sc3N16/18/xtal_85.cif,66.3687,-64.92236
xtal_86.cif,./Al13Sc3N16/18/xtal_86.cif,73.265915,56.347282
xtal_87.cif,./Al13Sc3N16/__initial__/18/xtal_87.cif,-10.080763,75.122375
xtal_88.cif,./Al13Sc3N16/__initial__/18/xtal_88.cif,33.97451,-6.0099125
xtal_89.cif,./Al13Sc3N16/18/xtal_89.cif,-50.595814,25.833517
xtal_9.cif,./Al13Sc3N16/18/xtal_9.cif,-52.521843,19.377426
xtal_90.cif,./Al13Sc3N16/18/xtal_90.cif,-93.89089,-22.561935
xtal_91.cif,./Al13Sc3N16/__initial__/18/xtal_91.cif,91.70672,1.6264486
xtal_92.cif,./Al13Sc3N16/__initial__/18/xtal_92.cif,-13.785654,-51.933186
xtal_93.cif,./Al13Sc3N16/__initial__/18/xtal_93.cif,-18.029503,75.670334
xtal_94.cif,./Al13Sc3N16/18/xtal_94.cif,-6.6849203,-40.943165
xtal_95.cif,./Al13Sc3N16/18/xtal_95.cif,67.15233,-5.3907766
xtal_96.cif,./Al13Sc3N16/__initial__/18/xtal_96.cif,56.18271,-11.481111
xtal_97.cif,./Al13Sc3N16/__initial__/18/xtal_97.cif,64.93399,54.541992
xtal_98.cif,./Al13Sc3N16/__initial__/18/xtal_98.cif,-46.828762,-58.59512
xtal_99.cif,./Al13Sc3N16/18/xtal_99.cif,-66.59903,-42.695362
xtal_1.cif,./Al13Sc3N16/__initial__/21/xtal_1.cif,50.29262,-29.876291
xtal_10.cif,./Al13Sc3N16/__initial__/21/xtal_10.cif,-11.47506,-47.23064
xtal_100.cif,./Al13Sc3N16/21/xtal_100.cif,-17.926643,-2.3737395
xtal_11.cif,./Al13Sc3N16/21/xtal_11.cif,-19.17087,-11.3783
xtal_12.cif,./Al13Sc3N16/21/xtal_12.cif,-10.816762,35.940247
xtal_13.cif,./Al13Sc3N16/__initial__/21/xtal_13.cif,80.12756,-5.852817
xtal_14.cif,./Al13Sc3N16/__initial__/21/xtal_14.cif,-56.46175,-34.57707
xtal_15.cif,./Al13Sc3N16/__initial__/21/xtal_15.cif,-8.707815,15.519949
xtal_16.cif,./Al13Sc3N16/__initial__/21/xtal_16.cif,84.661934,-2.0026202
xtal_17.cif,./Al13Sc3N16/__initial__/21/xtal_17.cif,-75.32859,48.556507
xtal_18.cif,./Al13Sc3N16/__initial__/21/xtal_18.cif,-87.1101,-38.075573
xtal_19.cif,./Al13Sc3N16/21/xtal_19.cif,-29.59712,31.926003
xtal_2.cif,./Al13Sc3N16/21/xtal_2.cif,-33.68671,-32.083237
xtal_20.cif,./Al13Sc3N16/21/xtal_20.cif,-58.902946,-22.052574
xtal_21.cif,./Al13Sc3N16/21/xtal_21.cif,-53.431606,76.40261
xtal_22.cif,./Al13Sc3N16/__initial__/21/xtal_22.cif,14.430868,-57.110035
xtal_23.cif,./Al13Sc3N16/__initial__/21/xtal_23.cif,6.947306,43.42231
xtal_24.cif,./Al13Sc3N16/__initial__/21/xtal_24.cif,36.811985,-68.17511
xtal_25.cif,./Al13Sc3N16/__initial__/21/xtal_25.cif,-22.06267,-45.654713
xtal_26.cif,./Al13Sc3N16/21/xtal_26.cif,-64.45872,-58.866062
xtal_27.cif,./Al13Sc3N16/__initial__/21/xtal_27.cif,3.5426936,59.381844
xtal_28.cif,./Al13Sc3N16/21/xtal_28.cif,-71.54458,-26.959791
xtal_29.cif,./Al13Sc3N16/__initial__/21/xtal_29.cif,-62.127064,-62.012833
xtal_3.cif,./Al13Sc3N16/21/xtal_3.cif,-1.4006158,69.444374
xtal_30.cif,./Al13Sc3N16/21/xtal_30.cif,31.992933,-74.48297
xtal_31.cif,./Al13Sc3N16/21/xtal_31.cif,11.388791,44.338448
xtal_32.cif,./Al13Sc3N16/21/xtal_32.cif,39.03394,-44.02829
xtal_33.cif,./Al13Sc3N16/21/xtal_33.cif,61.801266,42.22193
xtal_34.cif,./Al13Sc3N16/21/xtal_34.cif,-16.479462,49.816917
xtal_35.cif,./Al13Sc3N16/__initial__/21/xtal_35.cif,-47.82845,66.561844
xtal_36.cif,./Al13Sc3N16/21/xtal_36.cif,19.828657,-52.5246
xtal_37.cif,./Al13Sc3N16/__initial__/21/xtal_37.cif,32.171,41.782326
xtal_38.cif,./Al13Sc3N16/21/xtal_38.cif,-75.07234,19.844841
xtal_39.cif,./Al13Sc3N16/__initial__/21/xtal_39.cif,-68.5163,35.754547
xtal_4.cif,./Al13Sc3N16/21/xtal_4.cif,-14.905972,75.34197
xtal_40.cif,./Al13Sc3N16/21/xtal_40.cif,-28.542309,-1.5361005
xtal_41.cif,./Al13Sc3N16/__initial__/21/xtal_41.cif,-34.6948,81.040665
xtal_42.cif,./Al13Sc3N16/21/xtal_42.cif,-35.778072,26.371704
xtal_43.cif,./Al13Sc3N16/__initial__/21/xtal_43.cif,53.82195,-38.442436
xtal_44.cif,./Al13Sc3N16/21/xtal_44.cif,92.00598,29.86543
xtal_45.cif,./Al13Sc3N16/__initial__/21/xtal_45.cif,16.120474,27.810963
xtal_46.cif,./Al13Sc3N16/21/xtal_46.cif,-0.31793872,39.145786
xtal_47.cif,./Al13Sc3N16/__initial__/21/xtal_47.cif,50.18307,27.907183
xtal_48.cif,./Al13Sc3N16/21/xtal_48.cif,-25.501602,3.4315052
xtal_49.cif,./Al13Sc3N16/__initial__/21/xtal_49.cif,-64.58946,53.73056
xtal_5.cif,./Al13Sc3N16/21/xtal_5.cif,-30.264282,-48.215027
xtal_50.cif,./Al13Sc3N16/__initial__/21/xtal_50.cif,-32.25347,32.251057
xtal_51.cif,./Al13Sc3N16/21/xtal_51.cif,44.336964,-65.279854
xtal_52.cif,./Al13Sc3N16/21/xtal_52.cif,95.441574,-19.326702
xtal_53.cif,./Al13Sc3N16/__initial__/21/xtal_53.cif,31.174652,-79.3591
xtal_54.cif,./Al13Sc3N16/21/xtal_54.cif,-19.792114,-9.064857
xtal_55.cif,./Al13Sc3N16/__initial__/21/xtal_55.cif,0.91849124,40.105
xtal_56.cif,./Al13Sc3N16/__initial__/21/xtal_56.cif,-91.87811,-23.14771
xtal_57.cif,./Al13Sc3N16/21/xtal_57.cif,-50.40592,27.649036
xtal_58.cif,./Al13Sc3N16/__initial__/21/xtal_58.cif,-54.314526,-33.414604
xtal_59.cif,./Al13Sc3N16/__initial__/21/xtal_59.cif,56.000553,77.91645
xtal_6.cif,./Al13Sc3N16/21/xtal_6.cif,64.92494,-68.83297
xtal_60.cif,./Al13Sc3N16/21/xtal_60.cif,-74.50972,-50.448204
xtal_61.cif,./Al13Sc3N16/__initial__/21/xtal_61.cif,-60.0063,64.858734
xtal_62.cif,./Al13Sc3N16/21/xtal_62.cif,-92.016716,-19.744041
xtal_63.cif,./Al13Sc3N16/__initial__/21/xtal_63.cif,40.20884,71.147575
xtal_64.cif,./Al13Sc3N16/__initial__/21/xtal_64.cif,-28.896896,40.82065
xtal_65.cif,./Al13Sc3N16/__initial__/21/xtal_65.cif,-77.88175,-6.9742775
xtal_66.cif,./Al13Sc3N16/21/xtal_66.cif,-59.303883,47.91386
xtal_67.cif,./Al13Sc3N16/__initial__/21/xtal_67.cif,6.8936563,63.08325
xtal_68.cif,./Al13Sc3N16/__initial__/21/xtal_68.cif,54.149273,-71.46734
xtal_69.cif,./Al13Sc3N16/21/xtal_69.cif,-21.016773,44.09767
xtal_7.cif,./Al13Sc3N16/21/xtal_7.cif,-21.75342,82.106224
xtal_70.cif,./Al13Sc3N16/__initial__/21/xtal_70.cif,-10.828393,16.269236
xtal_71.cif,./Al13Sc3N16/21/xtal_71.cif,-50.572678,-38.221115
xtal_72.cif,./Al13Sc3N16/21/xtal_72.cif,-63.21436,90.076836
xtal_73.cif,./Al13Sc3N16/21/xtal_73.cif,-60.111046,-40.222576
xtal_74.cif,./Al13Sc3N16/__initial__/21/xtal_74.cif,-31.122887,44.859795
xtal_75.cif,./Al13Sc3N16/__initial__/21/xtal_75.cif,-53.79229,-44.840725
xtal_76.cif,./Al13Sc3N16/21/xtal_76.cif,96.86938,-16.771574
xtal_77.cif,./Al13Sc3N16/21/xtal_77.cif,6.381334,67.07605
xtal_78.cif,./Al13Sc3N16/__initial__/21/xtal_78.cif,-83.939224,-23.067974
xtal_79.cif,./Al13Sc3N16/21/xtal_79.cif,-11.724021,-28.191837
xtal_8.cif,./Al13Sc3N16/21/xtal_8.cif,33.82305,-74.94404
xtal_80.cif,./Al13Sc3N16/21/xtal_80.cif,-63.20015,46.41036
xtal_81.cif,./Al13Sc3N16/21/xtal_81.cif,-86.061935,-37.777767
xtal_82.cif,./Al13Sc3N16/__initial__/21/xtal_82.cif,65.644325,58.813004
xtal_83.cif,./Al13Sc3N16/__initial__/21/xtal_83.cif,59.888786,-0.7764715
xtal_84.cif,./Al13Sc3N16/21/xtal_84.cif,17.907494,25.107147
xtal_85.cif,./Al13Sc3N16/__initial__/21/xtal_85.cif,-26.432743,-16.819902
xtal_86.cif,./Al13Sc3N16/__initial__/21/xtal_86.cif,65.83684,29.292032
xtal_87.cif,./Al13Sc3N16/__initial__/21/xtal_87.cif,-34.711826,40.53128
xtal_88.cif,./Al13Sc3N16/__initial__/21/xtal_88.cif,-11.697933,-32.65458
xtal_89.cif,./Al13Sc3N16/__initial__/21/xtal_89.cif,11.027826,-78.25482
xtal_9.cif,./Al13Sc3N16/21/xtal_9.cif,16.744473,3.854494
xtal_90.cif,./Al13Sc3N16/21/xtal_90.cif,64.241295,59.03875
xtal_91.cif,./Al13Sc3N16/__initial__/21/xtal_91.cif,86.96656,28.78686
xtal_92.cif,./Al13Sc3N16/__initial__/21/xtal_92.cif,-39.67227,-60.98129
xtal_93.cif,./Al13Sc3N16/21/xtal_93.cif,64.839,11.6572275
xtal_94.cif,./Al13Sc3N16/21/xtal_94.cif,-17.882105,13.719977
xtal_95.cif,./Al13Sc3N16/21/xtal_95.cif,-49.897305,42.336784
xtal_96.cif,./Al13Sc3N16/__initial__/21/xtal_96.cif,-63.052967,28.443384
xtal_97.cif,./Al13Sc3N16/__initial__/21/xtal_97.cif,7.1003113,70.932106
xtal_98.cif,./Al13Sc3N16/21/xtal_98.cif,1.3854057,90.01761
xtal_99.cif,./Al13Sc3N16/__initial__/21/xtal_99.cif,-47.82907,75.40044
xtal_1.cif,./Al13Sc3N16/23/xtal_1.cif,-42.13663,-17.487455
xtal_10.cif,./Al13Sc3N16/__initial__/23/xtal_10.cif,-77.202446,-8.827296
xtal_100.cif,./Al13Sc3N16/23/xtal_100.cif,6.246842,4.706946
xtal_11.cif,./Al13Sc3N16/__initial__/23/xtal_11.cif,-38.801147,91.40719
xtal_12.cif,./Al13Sc3N16/23/xtal_12.cif,-70.15636,0.5695904
xtal_13.cif,./Al13Sc3N16/23/xtal_13.cif,-58.63402,58.961857
xtal_14.cif,./Al13Sc3N16/__initial__/23/xtal_14.cif,49.008297,21.800674
xtal_15.cif,./Al13Sc3N16/__initial__/23/xtal_15.cif,-89.91217,-24.206963
xtal_16.cif,./Al13Sc3N16/23/xtal_16.cif,-17.801117,47.176662
xtal_17.cif,./Al13Sc3N16/23/xtal_17.cif,-57.634514,-42.63638
xtal_18.cif,./Al13Sc3N16/23/xtal_18.cif,-45.038525,77.44292
xtal_19.cif,./Al13Sc3N16/__initial__/23/xtal_19.cif,53.33505,70.90615
xtal_2.cif,./Al13Sc3N16/23/xtal_2.cif,-75.09975,-37.457436
xtal_20.cif,./Al13Sc3N16/__initial__/23/xtal_20.cif,37.736526,80.1417
xtal_21.cif,./Al13Sc3N16/__initial__/23/xtal_21.cif,-76.27283,71.148186
xtal_22.cif,./Al13Sc3N16/23/xtal_22.cif,8.148885,-39.58988
xtal_23.cif,./Al13Sc3N16/__initial__/23/xtal_23.cif,-24.588348,-6.0954137
xtal_24.cif,./Al13Sc3N16/23/xtal_24.cif,-48.86367,-51.45923
xtal_25.cif,./Al13Sc3N16/__initial__/23/xtal_25.cif,-68.14497,-12.470951
xtal_26.cif,./Al13Sc3N16/23/xtal_26.cif,-79.37772,-36.226486
xtal_27.cif,./Al13Sc3N16/23/xtal_27.cif,89.16386,18.688713
xtal_28.cif,./Al13Sc3N16/23/xtal_28.cif,73.07078,61.4995
xtal_29.cif,./Al13Sc3N16/23/xtal_29.cif,16.367495,44.784534
xtal_3.cif,./Al13Sc3N16/23/xtal_3.cif,-5.403114,67.477455
xtal_30.cif,./Al13Sc3N16/__initial__/23/xtal_30.cif,13.250617,36.557365
xtal_31.cif,./Al13Sc3N16/__initial__/23/xtal_31.cif,70.64298,16.173182
xtal_32.cif,./Al13Sc3N16/__initial__/23/xtal_32.cif,52.60877,-53.420963
xtal_33.cif,./Al13Sc3N16/23/xtal_33.cif,2.2856035,86.79944
xtal_34.cif,./Al13Sc3N16/23/xtal_34.cif,22.599195,63.47964
xtal_35.cif,./Al13Sc3N16/23/xtal_35.cif,35.075745,79.793846
xtal_36.cif,./Al13Sc3N16/__initial__/23/xtal_36.cif,-24.782335,57.992928
xtal_37.cif,./Al13Sc3N16/__initial__/23/xtal_37.cif,-7.3447914,15.70145
xtal_38.cif,./Al13Sc3N16/23/xtal_38.cif,-25.66609,87.5104
xtal_39.cif,./Al13Sc3N16/23/xtal_39.cif,68.052444,-4.2901626
xtal_4.cif,./Al13Sc3N16/23/xtal_4.cif,-39.86675,92.11385
xtal_40.cif,./Al13Sc3N16/23/xtal_40.cif,-20.517853,81.83005
xtal_41.cif,./Al13Sc3N16/__initial__/23/xtal_41.cif,8.5293045,48.038315
xtal_42.cif,./Al13Sc3N16/__initial__/23/xtal_42.cif,0.5160858,40.34825
xtal_43.cif,./Al13Sc3N16/__initial__/23/xtal_43.cif,-2.7350256,70.16423
xtal_44.cif,./Al13Sc3N16/23/xtal_44.cif,-17.188984,-49.967083
xtal_45.cif,./Al13Sc3N16/__initial__/23/xtal_45.cif,-98.89307,-7.160766
xtal_46.cif,./Al13Sc3N16/23/xtal_46.cif,-58.306267,-8.576486
xtal_47.cif,./Al13Sc3N16/23/xtal_47.cif,-68.59193,18.585367
xtal_48.cif,./Al13Sc3N16/__initial__/23/xtal_48.cif,-16.921251,7.132238
xtal_49.cif,./Al13Sc3N16/23/xtal_49.cif,-14.230167,50.310963
xtal_5.cif,./Al13Sc3N16/__initial__/23/xtal_5.cif,-68.90463,-26.663061
xtal_50.cif,./Al13Sc3N16/__initial__/23/xtal_50.cif,-62.107536,-23.690943
xtal_51.cif,./Al13Sc3N16/23/xtal_51.cif,37.998745,-29.77696
xtal_52.cif,./Al13Sc3N16/23/xtal_52.cif,-16.222206,-7.023559
xtal_53.cif,./Al13Sc3N16/__initial__/23/xtal_53.cif,12.674041,42.711693
xtal_54.cif,./Al13Sc3N16/23/xtal_54.cif,-52.56922,25.36237
xtal_55.cif,./Al13Sc3N16/23/xtal_55.cif,65.76245,-3.7922127
xtal_56.cif,./Al13Sc3N16/__initial__/23/xtal_56.cif,57.29367,60.092148
xtal_57.cif,./Al13Sc3N16/23/xtal_57.cif,42.859375,-64.698555
xtal_58.cif,./Al13Sc3N16/__initial__/23/xtal_58.cif,72.199905,15.827131
xtal_59.cif,./Al13Sc3N16/__initial__/23/xtal_59.cif,74.74022,-12.123739
xtal_6.cif,./Al13Sc3N16/__initial__/23/xtal_6.cif,-42.96296,59.862457
xtal_60.cif,./Al13Sc3N16/__initial__/23/xtal_60.cif,73.27818,-8.562175
xtal_61.cif,./Al13Sc3N16/23/xtal_61.cif,-3.4895053,91.23054
xtal_62.cif,./Al13Sc3N16/__initial__/23/xtal_62.cif,-6.809726,31.130976
xtal_63.cif,./Al13Sc3N16/__initial__/23/xtal_63.cif,-97.74894,-11.208839
xtal_64.cif,./Al13Sc3N16/__initial__/23/xtal_64.cif,-54.805943,-68.61949
xtal_65.cif,./Al13Sc3N16/__initial__/23/xtal_65.cif,37.597473,-40.296898
xtal_66.cif,./Al13Sc3N16/23/xtal_66.cif,50.374023,-42.663086
xtal_67.cif,./Al13Sc3N16/23/xtal_67.cif,-75.25145,13.689108
xtal_68.cif,./Al13Sc3N16/__initial__/23/xtal_68.cif,-28.589262,90.24485
xtal_69.cif,./Al13Sc3N16/23/xtal_69.cif,-45.88274,1.2459843
xtal_7.cif,./Al13Sc3N16/__initial__/23/xtal_7.cif,-58.85377,54.382286
xtal_70.cif,./Al13Sc3N16/__initial__/23/xtal_70.cif,-18.33531,-34.65922
xtal_71.cif,./Al13Sc3N16/23/xtal_71.cif,-12.622932,-1.0288856
xtal_72.cif,./Al13Sc3N16/23/xtal_72.cif,42.928394,-57.655178
xtal_73.cif,./Al13Sc3N16/__initial__/23/xtal_73.cif,23.334435,-45.836174
xtal_74.cif,./Al13Sc3N16/23/xtal_74.cif,-39.50783,91.68991
xtal_75.cif,./Al13Sc3N16/__initial__/23/xtal_75.cif,25.992327,90.271996
xtal_76.cif,./Al13Sc3N16/__initial__/23/xtal_76.cif,-31.161219,28.574203
xtal_77.cif,./Al13Sc3N16/__initial__/23/xtal_77.cif,63.9247,33.490837
xtal_78.cif,./Al13Sc3N16/23/xtal_78.cif,-35.673782,74.82006
xtal_79.cif,./Al13Sc3N16/__initial__/23/xtal_79.cif,-53.155693,-25.564016
xtal_8.cif,./Al13Sc3N16/__initial__/23/xtal_8.cif,-31.809692,-32.71997
xtal_80.cif,./Al13Sc3N16/23/xtal_80.cif,6.2674704,3.4787717
xtal_81.cif,./Al13Sc3N16/23/xtal_81.cif,-27.013662,44.629623
xtal_82.cif,./Al13Sc3N16/__initial__/23/xtal_82.cif,-28.933002,10.64295
xtal_83.cif,./Al13Sc3N16/23/xtal_83.cif,-31.72648,-24.132835
xtal_84.cif,./Al13Sc3N16/23/xtal_84.cif,-68.38861,-17.88487
xtal_85.cif,./Al13Sc3N16/23/xtal_85.cif,89.042496,-2.7693417
xtal_86.cif,./Al13Sc3N16/23/xtal_86.cif,26.381712,2.4737332
xtal_87.cif,./Al13Sc3N16/__initial__/23/xtal_87.cif,66.40026,70.382675
xtal_88.cif,./Al13Sc3N16/23/xtal_88.cif,89.816154,22.570894
xtal_89.cif,./Al13Sc3N16/__initial__/23/xtal_89.cif,-32.176037,-44.189022
xtal_9.cif,./Al13Sc3N16/__initial__/23/xtal_9.cif,-26.418573,79.23818
xtal_90.cif,./Al13Sc3N16/23/xtal_90.cif,-87.56265,9.832161
xtal_91.cif,./Al13Sc3N16/23/xtal_91.cif,35.416645,37.12162
xtal_92.cif,./Al13Sc3N16/__initial__/23/xtal_92.cif,-66.878845,41.783882
xtal_93.cif,./Al13Sc3N16/23/xtal_93.cif,6.007681,66.020744
xtal_94.cif,./Al13Sc3N16/__initial__/23/xtal_94.cif,-31.105846,82.44815
xtal_95.cif,./Al13Sc3N16/23/xtal_95.cif,52.821003,71.89921
xtal_96.cif,./Al13Sc3N16/__initial__/23/xtal_96.cif,-19.250729,88.16184
xtal_97.cif,./Al13Sc3N16/__initial__/23/xtal_97.cif,-10.047376,-4.316225
xtal_98.cif,./Al13Sc3N16/__initial__/23/xtal_98.cif,34.89166,36.600185
xtal_99.cif,./Al13Sc3N16/__initial__/23/xtal_99.cif,-65.95345,-27.990982
xtal_1.cif,./Al13Sc3N16/25/xtal_1.cif,22.53294,65.97507
xtal_10.cif,./Al13Sc3N16/25/xtal_10.cif,76.46364,-19.090221
xtal_100.cif,./Al13Sc3N16/25/xtal_100.cif,-94.8999,-31.93736
xtal_11.cif,./Al13Sc3N16/25/xtal_11.cif,50.702118,-49.26612
xtal_12.cif,./Al13Sc3N16/25/xtal_12.cif,-8.3501215,82.278435
xtal_13.cif,./Al13Sc3N16/25/xtal_13.cif,87.24516,15.263093
xtal_14.cif,./Al13Sc3N16/25/xtal_14.cif,5.5142264,8.701168
xtal_15.cif,./Al13Sc3N16/__initial__/25/xtal_15.cif,41.328487,-60.296764
xtal_16.cif,./Al13Sc3N16/__initial__/25/xtal_16.cif,-33.877544,-20.476198
xtal_17.cif,./Al13Sc3N16/25/xtal_17.cif,34.8393,-62.92845
xtal_18.cif,./Al13Sc3N16/__initial__/25/xtal_18.cif,39.758633,-42.169106
xtal_19.cif,./Al13Sc3N16/__initial__/25/xtal_19.cif,43.064495,-80.27906
xtal_2.cif,./Al13Sc3N16/__initial__/25/xtal_2.cif,90.153275,30.296558
xtal_20.cif,./Al13Sc3N16/__initial__/25/xtal_20.cif,-29.58917,-68.39995
xtal_21.cif,./Al13Sc3N16/__initial__/25/xtal_21.cif,-74.33227,-58.728123
xtal_22.cif,./Al13Sc3N16/25/xtal_22.cif,-28.385752,-67.890076
xtal_23.cif,./Al13Sc3N16/__initial__/25/xtal_23.cif,65.57166,-34.472256
xtal_24.cif,./Al13Sc3N16/__initial__/25/xtal_24.cif,88.25026,-47.102844
xtal_25.cif,./Al13Sc3N16/__initial__/25/xtal_25.cif,44.845387,-34.018166
xtal_26.cif,./Al13Sc3N16/__initial__/25/xtal_26.cif,92.94019,-36.94504
xtal_27.cif,./Al13Sc3N16/25/xtal_27.cif,85.12128,-4.750397
xtal_28.cif,./Al13Sc3N16/25/xtal_28.cif,24.621065,-59.986046
xtal_29.cif,./Al13Sc3N16/25/xtal_29.cif,31.282349,-54.65732
xtal_3.cif,./Al13Sc3N16/25/xtal_3.cif,66.11542,-50.140816
xtal_30.cif,./Al13Sc3N16/25/xtal_30.cif,-12.375471,-79.60619
xtal_31.cif,./Al13Sc3N16/__initial__/25/xtal_31.cif,94.4111,-32.71961
xtal_32.cif,./Al13Sc3N16/25/xtal_32.cif,-45.963417,-34.6751
xtal_33.cif,./Al13Sc3N16/__initial__/25/xtal_33.cif,9.348819,72.951645
xtal_34.cif,./Al13Sc3N16/25/xtal_34.cif,-25.493418,-55.54689
xtal_35.cif,./Al13Sc3N16/__initial__/25/xtal_35.cif,-72.83973,-22.61506
xtal_36.cif,./Al13Sc3N16/25/xtal_36.cif,24.885902,-73.640724
xtal_37.cif,./Al13Sc3N16/25/xtal_37.cif,53.72261,-60.0572
xtal_38.cif,./Al13Sc3N16/__initial__/25/xtal_38.cif,50.993443,-49.073437
xtal_39.cif,./Al13Sc3N16/25/xtal_39.cif,64.75605,-84.55179
xtal_4.cif,./Al13Sc3N16/__initial__/25/xtal_4.cif,-97.590485,-20.093845
xtal_40.cif,./Al13Sc3N16/__initial__/25/xtal_40.cif,103.39154,-7.7172556
xtal_41.cif,./Al13Sc3N16/__initial__/25/xtal_41.cif,79.04026,-23.11757
xtal_42.cif,./Al13Sc3N16/__initial__/25/xtal_42.cif,70.009346,-89.1387
xtal_43.cif,./Al13Sc3N16/__initial__/25/xtal_43.cif,11.108785,-64.4011
xtal_44.cif,./Al13Sc3N16/25/xtal_44.cif,57.908028,0.96538526
xtal_45.cif,./Al13Sc3N16/__initial__/25/xtal_45.cif,63.384235,-26.540684
xtal_46.cif,./Al13Sc3N16/__initial__/25/xtal_46.cif,9.031418,35.30245
xtal_47.cif,./Al13Sc3N16/__initial__/25/xtal_47.cif,-66.257996,-3.8288865
xtal_48.cif,./Al13Sc3N16/25/xtal_48.cif,57.210403,-22.612389
xtal_49.cif,./Al13Sc3N16/25/xtal_49.cif,33.28558,-77.94406
xtal_5.cif,./Al13Sc3N16/25/xtal_5.cif,-8.883288,-9.638626
xtal_50.cif,./Al13Sc3N16/25/xtal_50.cif,53.370644,-46.722977
xtal_51.cif,./Al13Sc3N16/25/xtal_51.cif,93.37678,-35.26192
xtal_52.cif,./Al13Sc3N16/25/xtal_52.cif,51.628567,-6.889896
xtal_53.cif,./Al13Sc3N16/__initial__/25/xtal_53.cif,17.677631,-58.497375
xtal_54.cif,./Al13Sc3N16/__initial__/25/xtal_54.cif,49.966164,-41.797005
xtal_55.cif,./Al13Sc3N16/25/xtal_55.cif,-78.30445,-17.497496
xtal_56.cif,./Al13Sc3N16/__initial__/25/xtal_56.cif,32.110806,-88.3351
xtal_57.cif,./Al13Sc3N16/__initial__/25/xtal_57.cif,52.425266,-75.463715
xtal_58.cif,./Al13Sc3N16/__initial__/25/xtal_58.cif,-75.77356,19.606699
xtal_59.cif,./Al13Sc3N16/__initial__/25/xtal_59.cif,69.789314,-70.504684
xtal_6.cif,./Al13Sc3N16/__initial__/25/xtal_6.cif,81.63378,-31.352377
xtal_60.cif,./Al13Sc3N16/25/xtal_60.cif,54.183372,-36.44007
xtal_61.cif,./Al13Sc3N16/__initial__/25/xtal_61.cif,-6.2815156,-3.18537
xtal_62.cif,./Al13Sc3N16/25/xtal_62.cif,0.1077129,-51.495373
xtal_63.cif,./Al13Sc3N16/25/xtal_63.cif,23.823856,-37.702103
xtal_64.cif,./Al13Sc3N16/__initial__/25/xtal_64.cif,11.392316,-89.033455
xtal_65.cif,./Al13Sc3N16/25/xtal_65.cif,77.89022,-21.329798
xtal_66.cif,./Al13Sc3N16/__initial__/25/xtal_66.cif,75.56835,-50.18339
xtal_67.cif,./Al13Sc3N16/__initial__/25/xtal_67.cif,65.6099,-37.810493
xtal_68.cif,./Al13Sc3N16/25/xtal_68.cif,64.83207,-72.56719
xtal_69.cif,./Al13Sc3N16/25/xtal_69.cif,-30.91191,-1.1309963
xtal_7.cif,./Al13Sc3N16/25/xtal_7.cif,38.699757,-87.568
xtal_70.cif,./Al13Sc3N16/__initial__/25/xtal_70.cif,51.686733,-50.604454
xtal_71.cif,./Al13Sc3N16/__initial__/25/xtal_71.cif,90.19681,-19.110865
xtal_72.cif,./Al13Sc3N16/25/xtal_72.cif,-25.250116,-55.61188
xtal_73.cif,./Al13Sc3N16/__initial__/25/xtal_73.cif,-63.62982,21.460196
xtal_74.cif,./Al13Sc3N16/25/xtal_74.cif,44.0721,-57.705235
xtal_75.cif,./Al13Sc3N16/25/xtal_75.cif,45.3112,-57.042107
xtal_76.cif,./Al13Sc3N16/25/xtal_76.cif,78.84853,-1.4748999
xtal_77.cif,./Al13Sc3N16/25/xtal_77.cif,15.187563,-56.75213
xtal_78.cif,./Al13Sc3N16/25/xtal_78.cif,84.71116,-1.5347253
xtal_79.cif,./Al13Sc3N16/25/xtal_79.cif,99.57241,1.5132275
xtal_8.cif,./Al13Sc3N16/__initial__/25/xtal_8.cif,74.50854,-4.8111377
xtal_80.cif,./Al13Sc3N16/__initial__/25/xtal_80.cif,-3.6357043,79.09773
xtal_81.cif,./Al13Sc3N16/__initial__/25/xtal_81.cif,15.242062,3.4153287
xtal_82.cif,./Al13Sc3N16/__initial__/25/xtal_82.cif,51.011417,-55.723392
xtal_83.cif,./Al13Sc3N16/25/xtal_83.cif,68.40388,8.958479
xtal_84.cif,./Al13Sc3N16/25/xtal_84.cif,68.25666,3.1695879
xtal_85.cif,./Al13Sc3N16/25/xtal_85.cif,80.759605,5.4748526
xtal_86.cif,./Al13Sc3N16/25/xtal_86.cif,71.56176,33.74307
xtal_87.cif,./Al13Sc3N16/__initial__/25/xtal_87.cif,-46.23794,-11.668355
xtal_88.cif,./Al13Sc3N16/25/xtal_88.cif,45.645226,-47.04925
xtal_89.cif,./Al13Sc3N16/__initial__/25/xtal_89.cif,10.995326,7.2962947
xtal_9.cif,./Al13Sc3N16/25/xtal_9.cif,77.091675,-53.718956
xtal_90.cif,./Al13Sc3N16/25/xtal_90.cif,36.202797,-79.95509
xtal_91.cif,./Al13Sc3N16/__initial__/25/xtal_91.cif,-70.70881,26.383593
xtal_92.cif,./Al13Sc3N16/25/xtal_92.cif,-0.5548286,-74.22019
xtal_93.cif,./Al13Sc3N16/25/xtal_93.cif,-44.858723,30.730438
xtal_94.cif,./Al13Sc3N16/__initial__/25/xtal_94.cif,82.151665,62.992416
xtal_95.cif,./Al13Sc3N16/__initial__/25/xtal_95.cif,0.64313805,-25.436502
xtal_96.cif,./Al13Sc3N16/__initial__/25/xtal_96.cif,-94.23913,-18.611427
xtal_97.cif,./Al13Sc3N16/__initial__/25/xtal_97.cif,92.296646,-26.397657
xtal_98.cif,./Al13Sc3N16/__initial__/25/xtal_98.cif,-68.02089,11.61942
xtal_99.cif,./Al13Sc3N16/25/xtal_99.cif,51.409378,14.461876
xtal_1.cif,./Al13Sc3N16/__initial__/26/xtal_1.cif,63.294106,-0.11866729
xtal_10.cif,./Al13Sc3N16/__initial__/26/xtal_10.cif,17.837925,-74.34734
xtal_100.cif,./Al13Sc3N16/26/xtal_100.cif,49.713535,40.834312
xtal_11.cif,./Al13Sc3N16/26/xtal_11.cif,1.6480044,-12.817134
xtal_12.cif,./Al13Sc3N16/26/xtal_12.cif,50.28885,-0.024582196
xtal_13.cif,./Al13Sc3N16/26/xtal_13.cif,-76.61139,1.7850478
xtal_14.cif,./Al13Sc3N16/__initial__/26/xtal_14.cif,29.68193,3.6940734
xtal_15.cif,./Al13Sc3N16/26/xtal_15.cif,68.02021,-60.945103
xtal_16.cif,./Al13Sc3N16/26/xtal_16.cif,-20.398697,82.119804
xtal_17.cif,./Al13Sc3N16/__initial__/26/xtal_17.cif,-81.87999,4.149509
xtal_18.cif,./Al13Sc3N16/26/xtal_18.cif,80.247375,10.432195
xtal_19.cif,./Al13Sc3N16/26/xtal_19.cif,42.881268,-35.589577
xtal_2.cif,./Al13Sc3N16/__initial__/26/xtal_2.cif,27.932896,12.754922
xtal_20.cif,./Al13Sc3N16/__initial__/26/xtal_20.cif,33.628002,39.76547
xtal_21.cif,./Al13Sc3N16/26/xtal_21.cif,51.22748,-31.517353
xtal_22.cif,./Al13Sc3N16/26/xtal_22.cif,58.114044,1.9257454
xtal_23.cif,./Al13Sc3N16/26/xtal_23.cif,-10.363517,63.898205
xtal_24.cif,./Al13Sc3N16/26/xtal_24.cif,-22.266981,-52.307087
xtal_25.cif,./Al13Sc3N16/26/xtal_25.cif,4.369522,-51.453186
xtal_26.cif,./Al13Sc3N16/__initial__/26/xtal_26.cif,58.759804,-1.5411054
xtal_27.cif,./Al13Sc3N16/__initial__/26/xtal_27.cif,11.154074,-86.08514
xtal_28.cif,./Al13Sc3N16/__initial__/26/xtal_28.cif,29.291485,77.73971
xtal_29.cif,./Al13Sc3N16/26/xtal_29.cif,58.472324,-1.8428586
xtal_3.cif,./Al13Sc3N16/__initial__/26/xtal_3.cif,-53.78459,-60.1565
xtal_30.cif,./Al13Sc3N16/26/xtal_30.cif,78.31237,29.953455
xtal_31.cif,./Al13Sc3N16/26/xtal_31.cif,62.76308,1.8385429
xtal_32.cif,./Al13Sc3N16/__initial__/26/xtal_32.cif,27.756855,84.37425
xtal_33.cif,./Al13Sc3N16/26/xtal_33.cif,-10.034577,-20.290892
xtal_34.cif,./Al13Sc3N16/26/xtal_34.cif,-81.41138,-44.308147
xtal_35.cif,./Al13Sc3N16/__initial__/26/xtal_35.cif,-100.19515,-6.883464
xtal_36.cif,./Al13Sc3N16/__initial__/26/xtal_36.cif,72.67083,49.311687
xtal_37.cif,./Al13Sc3N16/__initial__/26/xtal_37.cif,86.19887,23.952433
xtal_38.cif,./Al13Sc3N16/__initial__/26/xtal_38.cif,66.68068,-44.573277
xtal_39.cif,./Al13Sc3N16/26/xtal_39.cif,97.09046,2.0030525
xtal_4.cif,./Al13Sc3N16/__initial__/26/xtal_4.cif,66.15828,23.65218
xtal_40.cif,./Al13Sc3N16/26/xtal_40.cif,-65.07294,-51.87056
xtal_41.cif,./Al13Sc3N16/__initial__/26/xtal_41.cif,-90.331154,-37.128918
xtal_42.cif,./Al13Sc3N16/26/xtal_42.cif,-39.580994,-53.599667
xtal_43.cif,./Al13Sc3N16/__initial__/26/xtal_43.cif,-62.856007,-68.64442
xtal_44.cif,./Al13Sc3N16/__initial__/26/xtal_44.cif,22.372246,-15.583864
xtal_45.cif,./Al13Sc3N16/26/xtal_45.cif,-77.79891,-51.793056
xtal_46.cif,./Al13Sc3N16/26/xtal_46.cif,19.218723,-91.9258
xtal_47.cif,./Al13Sc3N16/__initial__/26/xtal_47.cif,-20.237316,41.173634
xtal_48.cif,./Al13Sc3N16/26/xtal_48.cif,72.91137,-5.7565575
xtal_49.cif,./Al13Sc3N16/__initial__/26/xtal_49.cif,-86.78629,-42.22071
xtal_5.cif,./Al13Sc3N16/__initial__/26/xtal_5.cif,78.49038,7.450754
xtal_50.cif,./Al13Sc3N16/26/xtal_50.cif,53.24526,-15.866361
xtal_51.cif,./Al13Sc3N16/__initial__/26/xtal_51.cif,54.074562,-5.2720995
xtal_52.cif,./Al13Sc3N16/__initial__/26/xtal_52.cif,36.213173,50.979824
xtal_53.cif,./Al13Sc3N16/26/xtal_53.cif,7.0708094,12.659594
xtal_54.cif,./Al13Sc3N16/__initial__/26/xtal_54.cif,75.68157,38.175163
xtal_55.cif,./Al13Sc3N16/__initial__/26/xtal_55.cif,-106.96299,6.5293612
xtal_56.cif,./Al13Sc3N16/26/xtal_56.cif,85.93756,1.4462587
xtal_57.cif,./Al13Sc3N16/__initial__/26/xtal_57.cif,51.661793,-22.04355
xtal_58.cif,./Al13Sc3N16/__initial__/26/xtal_58.cif,-27.16028,-25.017405
xtal_59.cif,./Al13Sc3N16/__initial__/26/xtal_59.cif,86.47118,-39.527664
xtal_6.cif,./Al13Sc3N16/26/xtal_6.cif,21.57255,67.78565
xtal_60.cif,./Al13Sc3N16/__initial__/26/xtal_60.cif,-68.26365,-53.396664
xtal_61.cif,./Al13Sc3N16/26/xtal_61.cif,-66.97443,-58.394714
xtal_62.cif,./Al13Sc3N16/26/xtal_62.cif,-37.16594,-52.97369
xtal_63.cif,./Al13Sc3N16/26/xtal_63.cif,59.729935,2.8315659
xtal_64.cif,./Al13Sc3N16/__initial__/26/xtal_64.cif,-10.764549,-42.2579
xtal_65.cif,./Al13Sc3N16/__initial__/26/xtal_65.cif,48.56336,-70.91991
xtal_66.cif,./Al13Sc3N16/26/xtal_66.cif,-27.017284,44.858498
xtal_67.cif,./Al13Sc3N16/26/xtal_67.cif,-36.265747,-21.926136
xtal_68.cif,./Al13Sc3N16/26/xtal_68.cif,-15.943955,41.285175
xtal_69.cif,./Al13Sc3N16/__initial__/26/xtal_69.cif,29.15338,-42.93054
xtal_7.cif,./Al13Sc3N16/__initial__/26/xtal_7.cif,-71.37705,-47.873707
xtal_70.cif,./Al13Sc3N16/__initial__/26/xtal_70.cif,47.99578,-82.439026
xtal_71.cif,./Al13Sc3N16/__initial__/26/xtal_71.cif,14.374838,60.863533
xtal_72.cif,./Al13Sc3N16/26/xtal_72.cif,67.21723,-6.4115953
xtal_73.cif,./Al13Sc3N16/__initial__/26/xtal_73.cif,81.22127,11.940531
xtal_74.cif,./Al13Sc3N16/26/xtal_74.cif,74.113686,12.228294
xtal_75.cif,./Al13Sc3N16/__initial__/26/xtal_75.cif,54.51985,-65.6145
xtal_76.cif,./Al13Sc3N16/__initial__/26/xtal_76.cif,-39.891403,22.032932
xtal_77.cif,./Al13Sc3N16/26/xtal_77.cif,39.82397,34.395023
xtal_78.cif,./Al13Sc3N16/__initial__/26/xtal_78.cif,21.513659,2.1782634
xtal_79.cif,./Al13Sc3N16/__initial__/26/xtal_79.cif,14.293677,74.64612
xtal_8.cif,./Al13Sc3N16/__initial__/26/xtal_8.cif,58.21846,-10.296338
xtal_80.cif,./Al13Sc3N16/__initial__/26/xtal_80.cif,-76.537796,-23.842613
xtal_81.cif,./Al13Sc3N16/26/xtal_81.cif,50.607788,-44.34711
xtal_82.cif,./Al13Sc3N16/__initial__/26/xtal_82.cif,-73.261925,-56.81967
xtal_83.cif,./Al13Sc3N16/__initial__/26/xtal_83.cif,2.7496097,-20.636635
xtal_84.cif,./Al13Sc3N16/__initial__/26/xtal_84.cif,-19.02344,-50.96586
xtal_85.cif,./Al13Sc3N16/26/xtal_85.cif,19.324919,-64.82002
xtal_86.cif,./Al13Sc3N16/26/xtal_86.cif,74.81427,10.659614
xtal_87.cif,./Al13Sc3N16/26/xtal_87.cif,-35.898346,-22.879951
xtal_88.cif,./Al13Sc3N16/26/xtal_88.cif,61.449593,-14.194668
xtal_89.cif,./Al13Sc3N16/__initial__/26/xtal_89.cif,58.596363,-15.781074
xtal_9.cif,./Al13Sc3N16/__initial__/26/xtal_9.cif,-53.613155,47.07214
xtal_90.cif,./Al13Sc3N16/__initial__/26/xtal_90.cif,12.177158,-60.585712
xtal_91.cif,./Al13Sc3N16/26/xtal_91.cif,-87.92027,-2.1466973
xtal_92.cif,./Al13Sc3N16/26/xtal_92.cif,52.6301,-25.689245
xtal_93.cif,./Al13Sc3N16/26/xtal_93.cif,88.645905,27.639376
xtal_94.cif,./Al13Sc3N16/26/xtal_94.cif,-14.660313,-77.0641
xtal_95.cif,./Al13Sc3N16/26/xtal_95.cif,51.31547,3.4762046
xtal_96.cif,./Al13Sc3N16/26/xtal_96.cif,1.1912049,57.480366
xtal_97.cif,./Al13Sc3N16/__initial__/26/xtal_97.cif,61.03414,-31.921976
xtal_98.cif,./Al13Sc3N16/26/xtal_98.cif,57.966557,29.175823
xtal_99.cif,./Al13Sc3N16/26/xtal_99.cif,-54.02829,-34.486404
xtal_1.cif,./Al13Sc3N16/__initial__/27/xtal_1.cif,-80.7193,-49.37093
xtal_10.cif,./Al13Sc3N16/__initial__/27/xtal_10.cif,90.18322,-7.362692
xtal_100.cif,./Al13Sc3N16/27/xtal_100.cif,40.07242,-28.687134
xtal_11.cif,./Al13Sc3N16/__initial__/27/xtal_11.cif,3.0926237,-29.572515
xtal_12.cif,./Al13Sc3N16/__initial__/27/xtal_12.cif,40.278755,-81.575195
xtal_13.cif,./Al13Sc3N16/__initial__/27/xtal_13.cif,-70.23971,9.325367
xtal_14.cif,./Al13Sc3N16/__initial__/27/xtal_14.cif,-51.32126,-58.57459
xtal_15.cif,./Al13Sc3N16/__initial__/27/xtal_15.cif,90.76933,27.580881
xtal_16.cif,./Al13Sc3N16/__initial__/27/xtal_16.cif,-64.92381,-38.013756
xtal_17.cif,./Al13Sc3N16/__initial__/27/xtal_17.cif,-59.590137,-49.798805
xtal_18.cif,./Al13Sc3N16/__initial__/27/xtal_18.cif,-59.607845,56.730503
xtal_19.cif,./Al13Sc3N16/27/xtal_19.cif,-78.452156,-52.011322
xtal_2.cif,./Al13Sc3N16/__initial__/27/xtal_2.cif,63.44239,-3.9443038
xtal_20.cif,./Al13Sc3N16/27/xtal_20.cif,74.0005,9.520489
xtal_21.cif,./Al13Sc3N16/27/xtal_21.cif,14.182187,-31.554457
xtal_22.cif,./Al13Sc3N16/27/xtal_22.cif,-6.7669477,51.055206
xtal_23.cif,./Al13Sc3N16/27/xtal_23.cif,-66.18006,43.27779
xtal_24.cif,./Al13Sc3N16/27/xtal_24.cif,18.789415,28.427002
xtal_25.cif,./Al13Sc3N16/__initial__/27/xtal_25.cif,18.964106,-74.0652
xtal_26.cif,./Al13Sc3N16/__initial__/27/xtal_26.cif,-82.54832,-47.279724
xtal_27.cif,./Al13Sc3N16/__initial__/27/xtal_27.cif,-83.09807,-38.474632
xtal_28.cif,./Al13Sc3N16/__initial__/27/xtal_28.cif,-96.32967,-12.042624
xtal_29.cif,./Al13Sc3N16/27/xtal_29.cif,-6.2013965,57.72507
xtal_3.cif,./Al13Sc3N16/27/xtal_3.cif,-6.1291895,-0.9165514
xtal_30.cif,./Al13Sc3N16/__initial__/27/xtal_30.cif,16.271942,-90.37168
xtal_31.cif,./Al13Sc3N16/27/xtal_31.cif,95.6026,-14.670916
xtal_32.cif,./Al13Sc3N16/27/xtal_32.cif,52.03338,61.260647
xtal_33.cif,./Al13Sc3N16/27/xtal_33.cif,-92.949936,-28.007236
xtal_34.cif,./Al13Sc3N16/__initial__/27/xtal_34.cif,43.59174,-53.488758
xtal_35.cif,./Al13Sc3N16/__initial__/27/xtal_35.cif,28.9103,84.89305
xtal_36.cif,./Al13Sc3N16/__initial__/27/xtal_36.cif,44.26903,-58.03819
xtal_37.cif,./Al13Sc3N16/__initial__/27/xtal_37.cif,-73.40243,25.937098
xtal_38.cif,./Al13Sc3N16/27/xtal_38.cif,-6.8312564,13.649143
xtal_39.cif,./Al13Sc3N16/27/xtal_39.cif,90.4601,-10.678015
xtal_4.cif,./Al13Sc3N16/27/xtal_4.cif,-90.75591,-19.50901
xtal_40.cif,./Al13Sc3N16/__initial__/27/xtal_40.cif,-74.69153,-20.79537
xtal_41.cif,./Al13Sc3N16/__initial__/27/xtal_41.cif,-69.65149,-24.876818
xtal_42.cif,./Al13Sc3N16/27/xtal_42.cif,-63.93528,-73.93892
xtal_43.cif,./Al13Sc3N16/__initial__/27/xtal_43.cif,23.39118,0.26910916
xtal_44.cif,./Al13Sc3N16/27/xtal_44.cif,26.595364,12.677419
xtal_45.cif,./Al13Sc3N16/27/xtal_45.cif,14.89951,74.56274
xtal_46.cif,./Al13Sc3N16/27/xtal_46.cif,57.15277,-17.892776
xtal_47.cif,./Al13Sc3N16/__initial__/27/xtal_47.cif,53.8478,-16.095552
xtal_48.cif,./Al13Sc3N16/__initial__/27/xtal_48.cif,10.760362,-66.44272
xtal_49.cif,./Al13Sc3N16/27/xtal_49.cif,47.1171,53.61675
xtal_5.cif,./Al13Sc3N16/__initial__/27/xtal_5.cif,54.847343,-17.447676
xtal_50.cif,./Al13Sc3N16/27/xtal_50.cif,-90.359726,-37.16349
xtal_51.cif,./Al13Sc3N16/__initial__/27/xtal_51.cif,24.738749,17.132973
xtal_52.cif,./Al13Sc3N16/27/xtal_52.cif,-14.787227,-7.4971714
xtal_53.cif,./Al13Sc3N16/__initial__/27/xtal_53.cif,78.21362,11.817111
xtal_54.cif,./Al13Sc3N16/__initial__/27/xtal_54.cif,-38.157635,-43.57546
xtal_55.cif,./Al13Sc3N16/__initial__/27/xtal_55.cif,-23.525219,40.546257
xtal_56.cif,./Al13Sc3N16/__initial__/27/xtal_56.cif,21.787397,-51.909344
xtal_57.cif,./Al13Sc3N16/27/xtal_57.cif,-64.559746,45.990906
xtal_58.cif,./Al13Sc3N16/27/xtal_58.cif,-96.65589,-14.952537
xtal_59.cif,./Al13Sc3N16/__initial__/27/xtal_59.cif,-83.67658,0.26144072
xtal_6.cif,./Al13Sc3N16/__initial__/27/xtal_6.cif,58.233597,37.163498
xtal_60.cif,./Al13Sc3N16/__initial__/27/xtal_60.cif,-9.475391,32.00746
xtal_61.cif,./Al13Sc3N16/27/xtal_61.cif,-18.870567,86.76357
xtal_62.cif,./Al13Sc3N16/__initial__/27/xtal_62.cif,-71.449394,-57.24574
xtal_63.cif,./Al13Sc3N16/__initial__/27/xtal_63.cif,45.659023,-57.104874
xtal_64.cif,./Al13Sc3N16/27/xtal_64.cif,39.777943,59.090572
xtal_65.cif,./Al13Sc3N16/__initial__/27/xtal_65.cif,53.16724,-37.724136
xtal_66.cif,./Al13Sc3N16/27/xtal_66.cif,19.40508,75.51857
xtal_67.cif,./Al13Sc3N16/27/xtal_67.cif,-90.33839,-36.96375
xtal_68.cif,./Al13Sc3N16/__initial__/27/xtal_68.cif,-9.995621,69.03649
xtal_69.cif,./Al13Sc3N16/__initial__/27/xtal_69.cif,-80.49247,1.366662
xtal_7.cif,./Al13Sc3N16/__initial__/27/xtal_7.cif,-9.869133,-37.881447
xtal_70.cif,./Al13Sc3N16/__initial__/27/xtal_70.cif,63.6665,41.57129
xtal_71.cif,./Al13Sc3N16/27/xtal_71.cif,81.24173,34.623905
xtal_72.cif,./Al13Sc3N16/27/xtal_72.cif,-68.98166,14.4471855
xtal_73.cif,./Al13Sc3N16/27/xtal_73.cif,7.6413007,88.37285
xtal_74.cif,./Al13Sc3N16/27/xtal_74.cif,-3.610356,87.99101
xtal_75.cif,./Al13Sc3N16/27/xtal_75.cif,79.069046,10.136771
xtal_76.cif,./Al13Sc3N16/27/xtal_76.cif,93.515915,7.933932
xtal_77.cif,./Al13Sc3N16/__initial__/27/xtal_77.cif,26.98648,20.009336
xtal_78.cif,./Al13Sc3N16/27/xtal_78.cif,-0.34036684,10.185396
xtal_79.cif,./Al13Sc3N16/27/xtal_79.cif,54.01395,-14.827426
xtal_8.cif,./Al13Sc3N16/27/xtal_8.cif,-58.85014,-55.08897
xtal_80.cif,./Al13Sc3N16/27/xtal_80.cif,-7.23744,13.918177
xtal_81.cif,./Al13Sc3N16/__initial__/27/xtal_81.cif,-12.99147,51.38032
xtal_82.cif,./Al13Sc3N16/27/xtal_82.cif,10.818908,55.357796
xtal_83.cif,./Al13Sc3N16/__initial__/27/xtal_83.cif,-30.742474,37.173344
xtal_84.cif,./Al13Sc3N16/27/xtal_84.cif,27.567507,34.446037
xtal_85.cif,./Al13Sc3N16/__initial__/27/xtal_85.cif,14.698785,74.18321
xtal_86.cif,./Al13Sc3N16/27/xtal_86.cif,25.26837,27.796843
xtal_87.cif,./Al13Sc3N16/27/xtal_87.cif,92.04058,1.2620287
xtal_88.cif,./Al13Sc3N16/27/xtal_88.cif,58.66994,-83.02835
xtal_89.cif,./Al13Sc3N16/27/xtal_89.cif,42.288826,-60.27064
xtal_9.cif,./Al13Sc3N16/27/xtal_9.cif,10.461369,35.312405
xtal_90.cif,./Al13Sc3N16/__initial__/27/xtal_90.cif,58.646095,56.687454
xtal_91.cif,./Al13Sc3N16/__initial__/27/xtal_91.cif,23.633179,-14.730477
xtal_92.cif,./Al13Sc3N16/27/xtal_92.cif,46.91388,48.687134
xtal_93.cif,./Al13Sc3N16/__initial__/27/xtal_93.cif,-24.078676,-39.56864
xtal_94.cif,./Al13Sc3N16/27/xtal_94.cif,-56.762367,-65.01797
xtal_95.cif,./Al13Sc3N16/27/xtal_95.cif,-29.215614,-24.01023
xtal_96.cif,./Al13Sc3N16/27/xtal_96.cif,-51.77392,58.597576
xtal_97.cif,./Al13Sc3N16/__initial__/27/xtal_97.cif,15.981017,-4.551824
xtal_98.cif,./Al13Sc3N16/__initial__/27/xtal_98.cif,84.46947,12.587856
xtal_99.cif,./Al13Sc3N16/27/xtal_99.cif,24.15268,-39.129246
xtal_1.cif,./Al13Sc3N16/28/xtal_1.cif,60.171787,3.0301764
xtal_10.cif,./Al13Sc3N16/28/xtal_10.cif,-47.066654,-59.203564
xtal_100.cif,./Al13Sc3N16/28/xtal_100.cif,64.53358,-34.05608
xtal_11.cif,./Al13Sc3N16/28/xtal_11.cif,45.111134,-38.30565
xtal_12.cif,./Al13Sc3N16/__initial__/28/xtal_12.cif,49.852386,-15.979004
xtal_13.cif,./Al13Sc3N16/28/xtal_13.cif,21.21468,-40.460342
xtal_14.cif,./Al13Sc3N16/__initial__/28/xtal_14.cif,5.5989275,93.51021
xtal_15.cif,./Al13Sc3N16/__initial__/28/xtal_15.cif,-82.05207,-22.320173
xtal_16.cif,./Al13Sc3N16/__initial__/28/xtal_16.cif,-65.6207,-60.18397
xtal_17.cif,./Al13Sc3N16/28/xtal_17.cif,68.77051,12.832361
xtal_18.cif,./Al13Sc3N16/28/xtal_18.cif,23.993593,-38.970623
xtal_19.cif,./Al13Sc3N16/28/xtal_19.cif,54.083836,-55.76087
xtal_2.cif,./Al13Sc3N16/28/xtal_2.cif,83.629456,9.175283
xtal_20.cif,./Al13Sc3N16/__initial__/28/xtal_20.cif,31.058525,-49.157898
xtal_21.cif,./Al13Sc3N16/28/xtal_21.cif,77.57523,-48.34388
xtal_22.cif,./Al13Sc3N16/28/xtal_22.cif,20.597818,-49.542492
xtal_23.cif,./Al13Sc3N16/28/xtal_23.cif,22.240532,-15.149541
xtal_24.cif,./Al13Sc3N16/28/xtal_24.cif,38.54794,-64.66589
xtal_25.cif,./Al13Sc3N16/28/xtal_25.cif,44.055523,-60.989838
xtal_26.cif,./Al13Sc3N16/__initial__/28/xtal_26.cif,37.1701,-43.364044
xtal_27.cif,./Al13Sc3N16/__initial__/28/xtal_27.cif,1.2156293,-72.88554
xtal_28.cif,./Al13Sc3N16/28/xtal_28.cif,50.69478,-56.699234
xtal_29.cif,./Al13Sc3N16/__initial__/28/xtal_29.cif,13.751111,74.7212
xtal_3.cif,./Al13Sc3N16/__initial__/28/xtal_3.cif,65.26987,-39.362625
xtal_30.cif,./Al13Sc3N16/28/xtal_30.cif,83.13204,-41.604107
xtal_31.cif,./Al13Sc3N16/28/xtal_31.cif,-72.814735,-49.231396
xtal_32.cif,./Al13Sc3N16/28/xtal_32.cif,37.32568,-36.21586
xtal_33.cif,./Al13Sc3N16/28/xtal_33.cif,78.76615,44.882965
xtal_34.cif,./Al13Sc3N16/__initial__/28/xtal_34.cif,-71.35563,-1.0559391
xtal_35.cif,./Al13Sc3N16/__initial__/28/xtal_35.cif,91.01234,13.66221
xtal_36.cif,./Al13Sc3N16/28/xtal_36.cif,-66.15006,-67.939316
xtal_37.cif,./Al13Sc3N16/__initial__/28/xtal_37.cif,77.830635,-46.59339
xtal_38.cif,./Al13Sc3N16/__initial__/28/xtal_38.cif,87.334946,-40.27818
xtal_39.cif,./Al13Sc3N16/28/xtal_39.cif,-61.929504,-70.79633
xtal_4.cif,./Al13Sc3N16/__initial__/28/xtal_4.cif,59.904453,23.283564
xtal_40.cif,./Al13Sc3N16/__initial__/28/xtal_40.cif,3.265525,11.818582
xtal_41.cif,./Al13Sc3N16/__initial__/28/xtal_41.cif,-36.79287,1.1011302
xtal_42.cif,./Al13Sc3N16/28/xtal_42.cif,80.099625,-31.896141
xtal_43.cif,./Al13Sc3N16/__initial__/28/xtal_43.cif,-41.66169,-55.68595
xtal_44.cif,./Al13Sc3N16/28/xtal_44.cif,-26.568802,-19.445774
xtal_45.cif,./Al13Sc3N16/__initial__/28/xtal_45.cif,85.12775,-38.929237
xtal_46.cif,./Al13Sc3N16/28/xtal_46.cif,67.85127,-17.447664
xtal_47.cif,./Al13Sc3N16/__initial__/28/xtal_47.cif,76.08926,-19.119064
xtal_48.cif,./Al13Sc3N16/__initial__/28/xtal_48.cif,44.643215,-38.366653
xtal_49.cif,./Al13Sc3N16/__initial__/28/xtal_49.cif,51.435818,-89.67809
xtal_5.cif,./Al13Sc3N16/__initial__/28/xtal_5.cif,66.00921,-43.700253
xtal_50.cif,./Al13Sc3N16/28/xtal_50.cif,17.795258,46.82648
xtal_51.cif,./Al13Sc3N16/__initial__/28/xtal_51.cif,73.399124,-47.31957
xtal_52.cif,./Al13Sc3N16/__initial__/28/xtal_52.cif,48.998306,-34.844696
xtal_53.cif,./Al13Sc3N16/__initial__/28/xtal_53.cif,-5.018271,-69.46851
xtal_54.cif,./Al13Sc3N16/__initial__/28/xtal_54.cif,-56.019592,-59.404842
xtal_55.cif,./Al13Sc3N16/__initial__/28/xtal_55.cif,76.05993,-57.02882
xtal_56.cif,./Al13Sc3N16/__initial__/28/xtal_56.cif,18.526937,69.11964
xtal_57.cif,./Al13Sc3N16/28/xtal_57.cif,54.67702,-16.02554
xtal_58.cif,./Al13Sc3N16/28/xtal_58.cif,10.309911,53.752476
xtal_59.cif,./Al13Sc3N16/__initial__/28/xtal_59.cif,43.287563,-44.574657
xtal_6.cif,./Al13Sc3N16/__initial__/28/xtal_6.cif,42.404327,-34.28817
xtal_60.cif,./Al13Sc3N16/__initial__/28/xtal_60.cif,36.76239,-70.22906
xtal_61.cif,./Al13Sc3N16/__initial__/28/xtal_61.cif,74.74219,14.674368
xtal_62.cif,./Al13Sc3N16/__initial__/28/xtal_62.cif,71.66304,30.379433
xtal_63.cif,./Al13Sc3N16/__initial__/28/xtal_63.cif,61.373474,-41.6575
xtal_64.cif,./Al13Sc3N16/28/xtal_64.cif,78.56613,48.826912
xtal_65.cif,./Al13Sc3N16/__initial__/28/xtal_65.cif,-55.998684,-63.51923
xtal_66.cif,./Al13Sc3N16/28/xtal_66.cif,44.58285,-2.9797626
xtal_67.cif,./Al13Sc3N16/__initial__/28/xtal_67.cif,36.994293,-36.424496
xtal_68.cif,./Al13Sc3N16/28/xtal_68.cif,73.306465,-29.96824
xtal_69.cif,./Al13Sc3N16/__initial__/28/xtal_69.cif,-42.555965,-58.813953
xtal_7.cif,./Al13Sc3N16/__initial__/28/xtal_7.cif,-80.092094,-7.2722135
xtal_70.cif,./Al13Sc3N16/28/xtal_70.cif,34.165073,-25.907867
xtal_71.cif,./Al13Sc3N16/28/xtal_71.cif,-2.3382823,68.55802
xtal_72.cif,./Al13Sc3N16/28/xtal_72.cif,-57.032864,-63.898388
xtal_73.cif,./Al13Sc3N16/28/xtal_73.cif,53.077225,-46.42862
xtal_74.cif,./Al13Sc3N16/__initial__/28/xtal_74.cif,86.09962,39.001583
xtal_75.cif,./Al13Sc3N16/28/xtal_75.cif,41.63378,-65.43355
xtal_76.cif,./Al13Sc3N16/__initial__/28/xtal_76.cif,60.319633,10.752745
xtal_77.cif,./Al13Sc3N16/28/xtal_77.cif,90.24415,-36.34837
xtal_78.cif,./Al13Sc3N16/__initial__/28/xtal_78.cif,35.721058,-76.88137
xtal_79.cif,./Al13Sc3N16/28/xtal_79.cif,62.96422,35.519104
xtal_8.cif,./Al13Sc3N16/__initial__/28/xtal_8.cif,-5.037943,33.99711
xtal_80.cif,./Al13Sc3N16/__initial__/28/xtal_80.cif,-61.941452,-30.41846
xtal_81.cif,./Al13Sc3N16/28/xtal_81.cif,40.53009,72.21134
xtal_82.cif,./Al13Sc3N16/__initial__/28/xtal_82.cif,64.69493,-29.526611
xtal_83.cif,./Al13Sc3N16/__initial__/28/xtal_83.cif,-53.395275,-64.27043
xtal_84.cif,./Al13Sc3N16/28/xtal_84.cif,65.78958,-34.397194
xtal_85.cif,./Al13Sc3N16/28/xtal_85.cif,69.63726,-30.342684
xtal_86.cif,./Al13Sc3N16/28/xtal_86.cif,-4.868244,22.419569
xtal_87.cif,./Al13Sc3N16/28/xtal_87.cif,-91.41633,-24.845259
xtal_88.cif,./Al13Sc3N16/28/xtal_88.cif,-84.40495,-37.182358
xtal_89.cif,./Al13Sc3N16/28/xtal_89.cif,77.60703,-43.96665
xtal_9.cif,./Al13Sc3N16/28/xtal_9.cif,56.212288,11.923047
xtal_90.cif,./Al13Sc3N16/28/xtal_90.cif,51.35034,-29.850142
xtal_91.cif,./Al13Sc3N16/__initial__/28/xtal_91.cif,-18.550364,-45.70142
xtal_92.cif,./Al13Sc3N16/__initial__/28/xtal_92.cif,81.86959,19.444284
xtal_93.cif,./Al13Sc3N16/28/xtal_93.cif,66.019554,-34.587265
xtal_94.cif,./Al13Sc3N16/__initial__/28/xtal_94.cif,71.77933,24.385525
xtal_95.cif,./Al13Sc3N16/28/xtal_95.cif,76.24082,-20.816448
xtal_96.cif,./Al13Sc3N16/__initial__/28/xtal_96.cif,17.323383,-71.7004
xtal_97.cif,./Al13Sc3N16/__initial__/28/xtal_97.cif,20.48555,62.807785
xtal_98.cif,./Al13Sc3N16/28/xtal_98.cif,80.10793,-58.227818
xtal_99.cif,./Al13Sc3N16/28/xtal_99.cif,72.96253,-26.552217
xtal_1.cif,./Al13Sc3N16/30/xtal_1.cif,13.840671,2.074884
xtal_10.cif,./Al13Sc3N16/__initial__/30/xtal_10.cif,-4.0468516,6.951556
xtal_100.cif,./Al13Sc3N16/30/xtal_100.cif,-72.816505,-57.80082
xtal_11.cif,./Al13Sc3N16/30/xtal_11.cif,45.551414,37.823452
xtal_12.cif,./Al13Sc3N16/30/xtal_12.cif,46.86292,57.06158
xtal_13.cif,./Al13Sc3N16/30/xtal_13.cif,16.675983,-41.63279
xtal_14.cif,./Al13Sc3N16/__initial__/30/xtal_14.cif,73.466354,-44.12073
xtal_15.cif,./Al13Sc3N16/__initial__/30/xtal_15.cif,62.990425,10.956751
xtal_16.cif,./Al13Sc3N16/__initial__/30/xtal_16.cif,-43.607506,-37.166607
xtal_17.cif,./Al13Sc3N16/__initial__/30/xtal_17.cif,-96.081184,-21.98695
xtal_18.cif,./Al13Sc3N16/30/xtal_18.cif,-16.187914,-43.589195
xtal_19.cif,./Al13Sc3N16/30/xtal_19.cif,38.65961,-48.8275
xtal_2.cif,./Al13Sc3N16/30/xtal_2.cif,58.87982,9.245564
xtal_20.cif,./Al13Sc3N16/30/xtal_20.cif,91.83461,-15.748881
xtal_21.cif,./Al13Sc3N16/__initial__/30/xtal_21.cif,-29.814112,-33.675423
xtal_22.cif,./Al13Sc3N16/__initial__/30/xtal_22.cif,-16.265501,85.16075
xtal_23.cif,./Al13Sc3N16/30/xtal_23.cif,-82.68799,-60.868454
xtal_24.cif,./Al13Sc3N16/30/xtal_24.cif,39.624504,-37.594227
xtal_25.cif,./Al13Sc3N16/__initial__/30/xtal_25.cif,0.056109138,79.995995
xtal_26.cif,./Al13Sc3N16/__initial__/30/xtal_26.cif,69.85271,-44.685326
xtal_27.cif,./Al13Sc3N16/__initial__/30/xtal_27.cif,50.277996,9.269475
xtal_28.cif,./Al13Sc3N16/30/xtal_28.cif,28.983795,-57.603596
xtal_29.cif,./Al13Sc3N16/__initial__/30/xtal_29.cif,82.13389,-11.876289
xtal_3.cif,./Al13Sc3N16/30/xtal_3.cif,77.11684,8.169426
xtal_30.cif,./Al13Sc3N16/30/xtal_30.cif,-93.30419,-34.11225
xtal_31.cif,./Al13Sc3N16/__initial__/30/xtal_31.cif,71.52701,43.939682
xtal_32.cif,./Al13Sc3N16/30/xtal_32.cif,41.27931,-47.791744
xtal_33.cif,./Al13Sc3N16/__initial__/30/xtal_33.cif,-47.730465,-47.873768
xtal_34.cif,./Al13Sc3N16/30/xtal_34.cif,10.90715,-19.783176
xtal_35.cif,./Al13Sc3N16/__initial__/30/xtal_35.cif,79.356,41.98617
xtal_36.cif,./Al13Sc3N16/30/xtal_36.cif,84.75636,16.555593
xtal_37.cif,./Al13Sc3N16/30/xtal_37.cif,-77.609795,-52.07985
xtal_38.cif,./Al13Sc3N16/30/xtal_38.cif,51.29471,-0.422025
xtal_39.cif,./Al13Sc3N16/__initial__/30/xtal_39.cif,75.21324,41.698128
xtal_4.cif,./Al13Sc3N16/30/xtal_4.cif,-5.565291,-0.6156633
xtal_40.cif,./Al13Sc3N16/__initial__/30/xtal_40.cif,-61.29621,-46.861008
xtal_41.cif,./Al13Sc3N16/__initial__/30/xtal_41.cif,18.096796,25.468357
xtal_42.cif,./Al13Sc3N16/__initial__/30/xtal_42.cif,-11.463144,41.03402
xtal_43.cif,./Al13Sc3N16/30/xtal_43.cif,-56.884007,-49.38944
xtal_44.cif,./Al13Sc3N16/__initial__/30/xtal_44.cif,83.81252,11.286787
xtal_45.cif,./Al13Sc3N16/__initial__/30/xtal_45.cif,105.30346,-14.037271
xtal_46.cif,./Al13Sc3N16/__initial__/30/xtal_46.cif,34.609188,-28.774042
xtal_47.cif,./Al13Sc3N16/30/xtal_47.cif,-44.923386,-46.764725
xtal_48.cif,./Al13Sc3N16/__initial__/30/xtal_48.cif,8.200836,-88.07846
xtal_49.cif,./Al13Sc3N16/30/xtal_49.cif,73.04802,59.94433
xtal_5.cif,./Al13Sc3N16/__initial__/30/xtal_5.cif,77.58387,10.182895
xtal_50.cif,./Al13Sc3N16/30/xtal_50.cif,-91.37304,-38.809475
xtal_51.cif,./Al13Sc3N16/30/xtal_51.cif,60.661736,19.873915
xtal_52.cif,./Al13Sc3N16/__initial__/30/xtal_52.cif,14.244174,-86.354225
xtal_53.cif,./Al13Sc3N16/30/xtal_53.cif,-8.059217,28.130562
xtal_54.cif,./Al13Sc3N16/__initial__/30/xtal_54.cif,-67.66684,-48.900166
xtal_55.cif,./Al13Sc3N16/30/xtal_55.cif,6.0680175,-61.21385
xtal_56.cif,./Al13Sc3N16/__initial__/30/xtal_56.cif,-54.591576,-65.44713
xtal_57.cif,./Al13Sc3N16/30/xtal_57.cif,59.42579,-5.057538
xtal_58.cif,./Al13Sc3N16/__initial__/30/xtal_58.cif,35.080498,33.30006
xtal_59.cif,./Al13Sc3N16/30/xtal_59.cif,38.006702,-85.971504
xtal_6.cif,./Al13Sc3N16/30/xtal_6.cif,17.54659,-72.8419
xtal_60.cif,./Al13Sc3N16/__initial__/30/xtal_60.cif,11.083443,-60.369556
xtal_61.cif,./Al13Sc3N16/30/xtal_61.cif,25.635319,-70.12998
xtal_62.cif,./Al13Sc3N16/__initial__/30/xtal_62.cif,11.195215,64.60964
xtal_63.cif,./Al13Sc3N16/30/xtal_63.cif,50.84683,-42.481186
xtal_64.cif,./Al13Sc3N16/30/xtal_64.cif,26.145237,-7.426922
xtal_65.cif,./Al13Sc3N16/30/xtal_65.cif,81.01704,-14.498196
xtal_66.cif,./Al13Sc3N16/30/xtal_66.cif,52.55422,30.391333
xtal_67.cif,./Al13Sc3N16/30/xtal_67.cif,20.751492,-56.169926
xtal_68.cif,./Al13Sc3N16/30/xtal_68.cif,-58.097935,-68.13669
xtal_69.cif,./Al13Sc3N16/__initial__/30/xtal_69.cif,-45.708057,-34.803043
xtal_7.cif,./Al13Sc3N16/__initial__/30/xtal_7.cif,54.883335,24.343073
xtal_70.cif,./Al13Sc3N16/30/xtal_70.cif,-13.745006,-2.1914444
xtal_71.cif,./Al13Sc3N16/__initial__/30/xtal_71.cif,85.29201,3.0252464
xtal_72.cif,./Al13Sc3N16/30/xtal_72.cif,8.711452,59.211742
xtal_73.cif,./Al13Sc3N16/30/xtal_73.cif,-35.73789,-0.65954065
xtal_74.cif,./Al13Sc3N16/__initial__/30/xtal_74.cif,15.996558,-87.41222
xtal_75.cif,./Al13Sc3N16/__initial__/30/xtal_75.cif,68.25793,12.686214
xtal_76.cif,./Al13Sc3N16/30/xtal_76.cif,76.760704,-27.498018
xtal_77.cif,./Al13Sc3N16/__initial__/30/xtal_77.cif,8.777315,25.039852
xtal_78.cif,./Al13Sc3N16/30/xtal_78.cif,72.17939,40.378677
xtal_79.cif,./Al13Sc3N16/30/xtal_79.cif,36.190834,-72.558876
xtal_8.cif,./Al13Sc3N16/__initial__/30/xtal_8.cif,45.362488,-38.156433
xtal_80.cif,./Al13Sc3N16/__initial__/30/xtal_80.cif,73.09588,24.868616
xtal_81.cif,./Al13Sc3N16/__initial__/30/xtal_81.cif,29.421207,80.98193
xtal_82.cif,./Al13Sc3N16/30/xtal_82.cif,18.628267,-67.94669
xtal_83.cif,./Al13Sc3N16/30/xtal_83.cif,9.343162,26.37209
xtal_84.cif,./Al13Sc3N16/30/xtal_84.cif,37.69391,-81.77431
xtal_85.cif,./Al13Sc3N16/30/xtal_85.cif,-22.884893,4.151311
xtal_86.cif,./Al13Sc3N16/__initial__/30/xtal_86.cif,-6.021467,-0.7906485
xtal_87.cif,./Al13Sc3N16/30/xtal_87.cif,-23.97489,-57.119576
xtal_88.cif,./Al13Sc3N16/__initial__/30/xtal_88.cif,58.976738,8.815686
xtal_89.cif,./Al13Sc3N16/__initial__/30/xtal_89.cif,79.14315,27.316782
xtal_9.cif,./Al13Sc3N16/__initial__/30/xtal_9.cif,44.42968,-92.32833
xtal_90.cif,./Al13Sc3N16/30/xtal_90.cif,41.087772,-43.49663
xtal_91.cif,./Al13Sc3N16/__initial__/30/xtal_91.cif,-6.754449,-18.975859
xtal_92.cif,./Al13Sc3N16/__initial__/30/xtal_92.cif,7.0668573,-12.165471
xtal_93.cif,./Al13Sc3N16/__initial__/30/xtal_93.cif,82.01035,54.91447
xtal_94.cif,./Al13Sc3N16/__initial__/30/xtal_94.cif,-9.601283,32.071323
xtal_95.cif,./Al13Sc3N16/__initial__/30/xtal_95.cif,5.6839232,-83.69586
xtal_96.cif,./Al13Sc3N16/__initial__/30/xtal_96.cif,-74.04279,-52.23363
xtal_97.cif,./Al13Sc3N16/30/xtal_97.cif,-69.26201,-48.247173
xtal_98.cif,./Al13Sc3N16/__initial__/30/xtal_98.cif,70.6911,18.721907
xtal_99.cif,./Al13Sc3N16/__initial__/30/xtal_99.cif,19.656414,-67.66746
xtal_1.cif,./Al13Sc3N16/31/xtal_1.cif,51.305435,-39.967712
xtal_10.cif,./Al13Sc3N16/31/xtal_10.cif,-96.285706,-21.948254
xtal_100.cif,./Al13Sc3N16/__initial__/31/xtal_100.cif,-64.94588,-58.67319
xtal_11.cif,./Al13Sc3N16/__initial__/31/xtal_11.cif,-3.1507466,24.655296
xtal_12.cif,./Al13Sc3N16/31/xtal_12.cif,92.22763,21.625492
xtal_13.cif,./Al13Sc3N16/31/xtal_13.cif,73.30805,44.23003
xtal_14.cif,./Al13Sc3N16/__initial__/31/xtal_14.cif,26.726606,-81.8176
xtal_15.cif,./Al13Sc3N16/31/xtal_15.cif,17.670523,-56.516888
xtal_16.cif,./Al13Sc3N16/__initial__/31/xtal_16.cif,-36.93949,-59.121265
xtal_17.cif,./Al13Sc3N16/__initial__/31/xtal_17.cif,3.9052422,-1.3778101
xtal_18.cif,./Al13Sc3N16/__initial__/31/xtal_18.cif,56.310986,10.140969
xtal_19.cif,./Al13Sc3N16/__initial__/31/xtal_19.cif,58.952824,-68.48412
xtal_2.cif,./Al13Sc3N16/__initial__/31/xtal_2.cif,40.32822,-10.651347
xtal_20.cif,./Al13Sc3N16/31/xtal_20.cif,35.988304,50.776955
xtal_21.cif,./Al13Sc3N16/__initial__/31/xtal_21.cif,69.98601,-66.27154
xtal_22.cif,./Al13Sc3N16/__initial__/31/xtal_22.cif,49.007843,5.9571633
xtal_23.cif,./Al13Sc3N16/31/xtal_23.cif,44.140495,-67.50647
xtal_24.cif,./Al13Sc3N16/31/xtal_24.cif,54.817165,-69.34286
xtal_25.cif,./Al13Sc3N16/31/xtal_25.cif,63.127007,-20.262306
xtal_26.cif,./Al13Sc3N16/__initial__/31/xtal_26.cif,60.16683,-3.9666464
xtal_27.cif,./Al13Sc3N16/__initial__/31/xtal_27.cif,-75.103004,-56.740868
xtal_28.cif,./Al13Sc3N16/__initial__/31/xtal_28.cif,56.017605,-18.08329
xtal_29.cif,./Al13Sc3N16/__initial__/31/xtal_29.cif,16.380083,-59.89936
xtal_3.cif,./Al13Sc3N16/__initial__/31/xtal_3.cif,68.22778,-67.681305
xtal_30.cif,./Al13Sc3N16/__initial__/31/xtal_30.cif,-12.5597725,-41.05957
xtal_31.cif,./Al13Sc3N16/31/xtal_31.cif,43.2856,-31.653227
xtal_32.cif,./Al13Sc3N16/__initial__/31/xtal_32.cif,32.732243,-66.56221
xtal_33.cif,./Al13Sc3N16/31/xtal_33.cif,-30.115742,-52.45549
xtal_34.cif,./Al13Sc3N16/31/xtal_34.cif,58.783432,3.663066
xtal_35.cif,./Al13Sc3N16/31/xtal_35.cif,65.184944,26.218258
xtal_36.cif,./Al13Sc3N16/__initial__/31/xtal_36.cif,61.952324,-62.686863
xtal_37.cif,./Al13Sc3N16/31/xtal_37.cif,91.24077,-9.807444
xtal_38.cif,./Al13Sc3N16/31/xtal_38.cif,74.09642,18.00035
xtal_39.cif,./Al13Sc3N16/31/xtal_39.cif,57.253044,4.7071896
xtal_4.cif,./Al13Sc3N16/31/xtal_4.cif,25.745735,-61.320484
xtal_40.cif,./Al13Sc3N16/31/xtal_40.cif,-49.358887,-59.762115
xtal_41.cif,./Al13Sc3N16/31/xtal_41.cif,77.265114,31.259134
xtal_42.cif,./Al13Sc3N16/__initial__/31/xtal_42.cif,91.06604,-9.148523
xtal_43.cif,./Al13Sc3N16/__initial__/31/xtal_43.cif,88.9607,-20.28678
xtal_44.cif,./Al13Sc3N16/__initial__/31/xtal_44.cif,82.46205,-5.204054
xtal_45.cif,./Al13Sc3N16/31/xtal_45.cif,38.72338,-43.94527
xtal_46.cif,./Al13Sc3N16/__initial__/31/xtal_46.cif,75.5072,6.2313724
xtal_47.cif,./Al13Sc3N16/31/xtal_47.cif,23.143347,-59.86255
xtal_48.cif,./Al13Sc3N16/31/xtal_48.cif,-5.760475,-21.83648
xtal_49.cif,./Al13Sc3N16/__initial__/31/xtal_49.cif,5.3769064,-72.01137
xtal_5.cif,./Al13Sc3N16/__initial__/31/xtal_5.cif,46.99582,-34.18842
xtal_50.cif,./Al13Sc3N16/__initial__/31/xtal_50.cif,52.945244,-51.614838
xtal_51.cif,./Al13Sc3N16/31/xtal_51.cif,-99.12336,-13.906224
xtal_52.cif,./Al13Sc3N16/__initial__/31/xtal_52.cif,8.511042,76.25013
xtal_53.cif,./Al13Sc3N16/__initial__/31/xtal_53.cif,-36.93052,-21.141363
xtal_54.cif,./Al13Sc3N16/31/xtal_54.cif,37.39512,-70.55798
xtal_55.cif,./Al13Sc3N16/__initial__/31/xtal_55.cif,80.86219,12.625966
xtal_56.cif,./Al13Sc3N16/31/xtal_56.cif,43.958763,-54.542988
xtal_57.cif,./Al13Sc3N16/31/xtal_57.cif,45.034584,-33.18349
xtal_58.cif,./Al13Sc3N16/31/xtal_58.cif,51.921623,-33.439438
xtal_59.cif,./Al13Sc3N16/31/xtal_59.cif,68.33065,24.38244
xtal_6.cif,./Al13Sc3N16/31/xtal_6.cif,-56.37803,-26.482708
xtal_60.cif,./Al13Sc3N16/__initial__/31/xtal_60.cif,78.63894,32.832726
xtal_61.cif,./Al13Sc3N16/__initial__/31/xtal_61.cif,-35.923054,-57.761257
xtal_62.cif,./Al13Sc3N16/__initial__/31/xtal_62.cif,-76.60441,45.939117
xtal_63.cif,./Al13Sc3N16/__initial__/31/xtal_63.cif,79.62016,10.591086
xtal_64.cif,./Al13Sc3N16/31/xtal_64.cif,27.838984,-63.05251
xtal_65.cif,./Al13Sc3N16/31/xtal_65.cif,10.288229,5.0322275
xtal_66.cif,./Al13Sc3N16/31/xtal_66.cif,89.29594,-11.588916
xtal_67.cif,./Al13Sc3N16/31/xtal_67.cif,43.47473,-57.662876
xtal_68.cif,./Al13Sc3N16/__initial__/31/xtal_68.cif,-34.180317,-21.029764
xtal_69.cif,./Al13Sc3N16/__initial__/31/xtal_69.cif,34.608665,-74.563866
xtal_7.cif,./Al13Sc3N16/31/xtal_7.cif,33.546234,-86.732414
xtal_70.cif,./Al13Sc3N16/__initial__/31/xtal_70.cif,53.61341,28.980293
xtal_71.cif,./Al13Sc3N16/31/xtal_71.cif,92.49354,18.917183
xtal_72.cif,./Al13Sc3N16/__initial__/31/xtal_72.cif,-60.2461,-59.185265
xtal_73.cif,./Al13Sc3N16/31/xtal_73.cif,-88.21607,-34.78524
xtal_74.cif,./Al13Sc3N16/__initial__/31/xtal_74.cif,75.48032,-79.42883
xtal_75.cif,./Al13Sc3N16/31/xtal_75.cif,93.00576,-10.947287
xtal_76.cif,./Al13Sc3N16/31/xtal_76.cif,37.223854,-46.47157
xtal_77.cif,./Al13Sc3N16/31/xtal_77.cif,4.2287827,17.035688
xtal_78.cif,./Al13Sc3N16/31/xtal_78.cif,19.943703,-37.26158
xtal_79.cif,./Al13Sc3N16/__initial__/31/xtal_79.cif,11.049763,-61.459255
xtal_8.cif,./Al13Sc3N16/__initial__/31/xtal_8.cif,37.64225,-74.56937
xtal_80.cif,./Al13Sc3N16/__initial__/31/xtal_80.cif,39.317398,-45.627373
xtal_81.cif,./Al13Sc3N16/__initial__/31/xtal_81.cif,39.875546,-33.175507
xtal_82.cif,./Al13Sc3N16/31/xtal_82.cif,37.182785,-26.287132
xtal_83.cif,./Al13Sc3N16/31/xtal_83.cif,52.374714,-33.072533
xtal_84.cif,./Al13Sc3N16/31/xtal_84.cif,50.35473,-57.523922
xtal_85.cif,./Al13Sc3N16/31/xtal_85.cif,19.050173,-90.35804
xtal_86.cif,./Al13Sc3N16/__initial__/31/xtal_86.cif,46.869606,56.822853
xtal_87.cif,./Al13Sc3N16/31/xtal_87.cif,21.414879,-66.09902
xtal_88.cif,./Al13Sc3N16/31/xtal_88.cif,57.35011,5.983764
xtal_89.cif,./Al13Sc3N16/31/xtal_89.cif,-53.135414,-27.54702
xtal_9.cif,./Al13Sc3N16/__initial__/31/xtal_9.cif,50.626724,-51.15452
xtal_90.cif,./Al13Sc3N16/__initial__/31/xtal_90.cif,34.86153,-79.8288
xtal_91.cif,./Al13Sc3N16/__initial__/31/xtal_91.cif,70.75141,-56.641598
xtal_92.cif,./Al13Sc3N16/__initial__/31/xtal_92.cif,95.43733,-14.656925
xtal_93.cif,./Al13Sc3N16/__initial__/31/xtal_93.cif,-68.73047,-55.510822
xtal_94.cif,./Al13Sc3N16/__initial__/31/xtal_94.cif,55.764107,-20.577797
xtal_95.cif,./Al13Sc3N16/31/xtal_95.cif,65.94974,-12.486392
xtal_96.cif,./Al13Sc3N16/31/xtal_96.cif,10.251427,32.41964
xtal_97.cif,./Al13Sc3N16/__initial__/31/xtal_97.cif,50.81128,-23.629972
xtal_98.cif,./Al13Sc3N16/__initial__/31/xtal_98.cif,56.519012,3.5161324
xtal_99.cif,./Al13Sc3N16/31/xtal_99.cif,60.768356,3.9888322
xtal_1.cif,./Al13Sc3N16/__initial__/32/xtal_1.cif,95.070206,-48.882378
xtal_10.cif,./Al13Sc3N16/32/xtal_10.cif,-101.38843,-6.0223227
xtal_100.cif,./Al13Sc3N16/__initial__/32/xtal_100.cif,30.223867,-49.690758
xtal_11.cif,./Al13Sc3N16/__initial__/32/xtal_11.cif,100.475006,5.196635
xtal_12.cif,./Al13Sc3N16/32/xtal_12.cif,42.598534,-31.586685
xtal_13.cif,./Al13Sc3N16/__initial__/32/xtal_13.cif,23.235697,-55.011513
xtal_14.cif,./Al13Sc3N16/32/xtal_14.cif,-29.715824,-18.554163
xtal_15.cif,./Al13Sc3N16/__initial__/32/xtal_15.cif,63.528378,-55.097588
xtal_16.cif,./Al13Sc3N16/__initial__/32/xtal_16.cif,-61.93222,82.87789
xtal_17.cif,./Al13Sc3N16/__initial__/32/xtal_17.cif,97.756516,-34.144783
xtal_18.cif,./Al13Sc3N16/__initial__/32/xtal_18.cif,-109.88892,-4.973814
xtal_19.cif,./Al13Sc3N16/__initial__/32/xtal_19.cif,49.371864,-42.876347
xtal_2.cif,./Al13Sc3N16/32/xtal_2.cif,75.737206,16.059814
xtal_20.cif,./Al13Sc3N16/__initial__/32/xtal_20.cif,73.56988,28.489834
xtal_21.cif,./Al13Sc3N16/32/xtal_21.cif,30.710075,-42.071278
xtal_22.cif,./Al13Sc3N16/__initial__/32/xtal_22.cif,69.87491,-29.411945
xtal_23.cif,./Al13Sc3N16/32/xtal_23.cif,-0.22140673,80.721535
xtal_24.cif,./Al13Sc3N16/__initial__/32/xtal_24.cif,88.74662,-33.864594
xtal_25.cif,./Al13Sc3N16/32/xtal_25.cif,96.85968,3.143953
xtal_26.cif,./Al13Sc3N16/32/xtal_26.cif,83.32845,-58.868458
xtal_27.cif,./Al13Sc3N16/__initial__/32/xtal_27.cif,-40.10425,54.50635
xtal_28.cif,./Al13Sc3N16/__initial__/32/xtal_28.cif,64.926834,-82.11343
xtal_29.cif,./Al13Sc3N16/32/xtal_29.cif,17.416296,-67.71977
xtal_3.cif,./Al13Sc3N16/__initial__/32/xtal_3.cif,38.42978,-95.16148
xtal_30.cif,./Al13Sc3N16/32/xtal_30.cif,-40.09548,83.92132
xtal_31.cif,./Al13Sc3N16/32/xtal_31.cif,67.78859,-80.01137
xtal_32.cif,./Al13Sc3N16/32/xtal_32.cif,92.72182,-14.131627
xtal_33.cif,./Al13Sc3N16/__initial__/32/xtal_33.cif,-9.85352,-1.20877
xtal_34.cif,./Al13Sc3N16/__initial__/32/xtal_34.cif,69.32922,-36.34715
xtal_35.cif,./Al13Sc3N16/32/xtal_35.cif,75.083435,13.441322
xtal_36.cif,./Al13Sc3N16/32/xtal_36.cif,77.07943,-43.46458
xtal_37.cif,./Al13Sc3N16/__initial__/32/xtal_37.cif,17.429379,-32.359444
xtal_38.cif,./Al13Sc3N16/__initial__/32/xtal_38.cif,18.219065,-55.972977
xtal_39.cif,./Al13Sc3N16/__initial__/32/xtal_39.cif,12.988112,52.032337
xtal_4.cif,./Al13Sc3N16/__initial__/32/xtal_4.cif,-78.67779,-54.481667
xtal_40.cif,./Al13Sc3N16/32/xtal_40.cif,95.3868,0.014308736
xtal_41.cif,./Al13Sc3N16/32/xtal_41.cif,38.078693,-87.61812
xtal_42.cif,./Al13Sc3N16/32/xtal_42.cif,78.60285,-53.469017
xtal_43.cif,./Al13Sc3N16/32/xtal_43.cif,9.502715,37.612522
xtal_44.cif,./Al13Sc3N16/__initial__/32/xtal_44.cif,-24.450895,55.38657
xtal_45.cif,./Al13Sc3N16/32/xtal_45.cif,29.633614,-66.264595
xtal_46.cif,./Al13Sc3N16/__initial__/32/xtal_46.cif,77.31603,14.000895
xtal_47.cif,./Al13Sc3N16/__initial__/32/xtal_47.cif,73.17993,5.3346667
xtal_48.cif,./Al13Sc3N16/__initial__/32/xtal_48.cif,26.015192,74.510765
xtal_49.cif,./Al13Sc3N16/32/xtal_49.cif,48.41879,68.16969
xtal_5.cif,./Al13Sc3N16/__initial__/32/xtal_5.cif,-35.827896,-9.365385
xtal_50.cif,./Al13Sc3N16/32/xtal_50.cif,74.79382,-55.94334
xtal_51.cif,./Al13Sc3N16/__initial__/32/xtal_51.cif,65.8498,-20.984863
xtal_52.cif,./Al13Sc3N16/__initial__/32/xtal_52.cif,55.293392,-41.426937
xtal_53.cif,./Al13Sc3N16/32/xtal_53.cif,86.683914,13.509774
xtal_54.cif,./Al13Sc3N16/__initial__/32/xtal_54.cif,92.34271,-7.569038
xtal_55.cif,./Al13Sc3N16/__initial__/32/xtal_55.cif,37.23388,-86.68738
xtal_56.cif,./Al13Sc3N16/__initial__/32/xtal_56.cif,75.97186,-23.365393
xtal_57.cif,./Al13Sc3N16/32/xtal_57.cif,50.6874,-49.78778
xtal_58.cif,./Al13Sc3N16/32/xtal_58.cif,-36.260494,-22.185448
xtal_59.cif,./Al13Sc3N16/__initial__/32/xtal_59.cif,78.00594,-47.44042
xtal_6.cif,./Al13Sc3N16/__initial__/32/xtal_6.cif,81.98009,-43.02223
xtal_60.cif,./Al13Sc3N16/__initial__/32/xtal_60.cif,-92.404335,30.404358
xtal_61.cif,./Al13Sc3N16/__initial__/32/xtal_61.cif,32.79167,-35.88732
xtal_62.cif,./Al13Sc3N16/32/xtal_62.cif,15.877258,-33.48603
xtal_63.cif,./Al13Sc3N16/32/xtal_63.cif,-9.218996,-70.973145
xtal_64.cif,./Al13Sc3N16/__initial__/32/xtal_64.cif,31.888363,-59.28345
xtal_65.cif,./Al13Sc3N16/__initial__/32/xtal_65.cif,68.44083,-63.627583
xtal_66.cif,./Al13Sc3N16/32/xtal_66.cif,70.1664,-29.374727
xtal_67.cif,./Al13Sc3N16/32/xtal_67.cif,-35.64387,10.644526
xtal_68.cif,./Al13Sc3N16/32/xtal_68.cif,15.641491,26.8929
xtal_69.cif,./Al13Sc3N16/32/xtal_69.cif,72.22293,16.776825
xtal_7.cif,./Al13Sc3N16/32/xtal_7.cif,53.7151,-7.351379
xtal_70.cif,./Al13Sc3N16/__initial__/32/xtal_70.cif,83.80096,44.376816
xtal_71.cif,./Al13Sc3N16/__initial__/32/xtal_71.cif,58.99987,4.794127
xtal_72.cif,./Al13Sc3N16/__initial__/32/xtal_72.cif,38.46282,-53.282696
xtal_73.cif,./Al13Sc3N16/32/xtal_73.cif,54.141777,-12.906012
xtal_74.cif,./Al13Sc3N16/32/xtal_74.cif,15.253565,52.502197
xtal_75.cif,./Al13Sc3N16/32/xtal_75.cif,36.75101,-36.651478
xtal_76.cif,./Al13Sc3N16/__initial__/32/xtal_76.cif,-8.532551,81.28985
xtal_77.cif,./Al13Sc3N16/__initial__/32/xtal_77.cif,15.581183,0.4022713
xtal_78.cif,./Al13Sc3N16/32/xtal_78.cif,83.33416,24.580889
xtal_79.cif,./Al13Sc3N16/__initial__/32/xtal_79.cif,37.049965,-84.69212
xtal_8.cif,./Al13Sc3N16/32/xtal_8.cif,12.449948,79.85819
xtal_80.cif,./Al13Sc3N16/32/xtal_80.cif,99.767494,1.4724653
xtal_81.cif,./Al13Sc3N16/32/xtal_81.cif,8.448339,-1.0883803
xtal_82.cif,./Al13Sc3N16/32/xtal_82.cif,77.3154,25.653496
xtal_83.cif,./Al13Sc3N16/__initial__/32/xtal_83.cif,5.3298063,59.181637
xtal_84.cif,./Al13Sc3N16/__initial__/32/xtal_84.cif,81.668205,-15.097953
xtal_85.cif,./Al13Sc3N16/32/xtal_85.cif,-59.450962,-52.782074
xtal_86.cif,./Al13Sc3N16/32/xtal_86.cif,-10.174548,27.89749
xtal_87.cif,./Al13Sc3N16/32/xtal_87.cif,35.026123,48.570496
xtal_88.cif,./Al13Sc3N16/32/xtal_88.cif,11.227825,-64.330864
xtal_89.cif,./Al13Sc3N16/__initial__/32/xtal_89.cif,-0.23983777,-78.71589
xtal_9.cif,./Al13Sc3N16/__initial__/32/xtal_9.cif,-80.75786,-42.364277
xtal_90.cif,./Al13Sc3N16/__initial__/32/xtal_90.cif,67.27185,-45.965054
xtal_91.cif,./Al13Sc3N16/32/xtal_91.cif,30.56218,-88.09528
xtal_92.cif,./Al13Sc3N16/__initial__/32/xtal_92.cif,-103.21818,2.1558783
xtal_93.cif,./Al13Sc3N16/32/xtal_93.cif,-21.4524,-53.095562
xtal_94.cif,./Al13Sc3N16/32/xtal_94.cif,82.06674,15.433677
xtal_95.cif,./Al13Sc3N16/__initial__/32/xtal_95.cif,-98.84343,-28.20428
xtal_96.cif,./Al13Sc3N16/32/xtal_96.cif,18.05187,-70.99966
xtal_97.cif,./Al13Sc3N16/32/xtal_97.cif,-43.627068,92.2324
xtal_98.cif,./Al13Sc3N16/32/xtal_98.cif,6.3943663,-51.664738
xtal_99.cif,./Al13Sc3N16/32/xtal_99.cif,75.508255,-50.185104
xtal_1.cif,./Al13Sc3N16/__initial__/34/xtal_1.cif,48.314724,-36.23134
xtal_10.cif,./Al13Sc3N16/34/xtal_10.cif,72.25918,15.805653
xtal_100.cif,./Al13Sc3N16/__initial__/34/xtal_100.cif,97.08803,-13.164825
xtal_11.cif,./Al13Sc3N16/__initial__/34/xtal_11.cif,-2.294042,4.969099
xtal_12.cif,./Al13Sc3N16/34/xtal_12.cif,23.202755,-64.49745
xtal_13.cif,./Al13Sc3N16/__initial__/34/xtal_13.cif,-76.13206,-22.257849
xtal_14.cif,./Al13Sc3N16/__initial__/34/xtal_14.cif,47.085514,-55.714592
xtal_15.cif,./Al13Sc3N16/34/xtal_15.cif,89.63079,30.014982
xtal_16.cif,./Al13Sc3N16/__initial__/34/xtal_16.cif,57.5748,-36.13968
xtal_17.cif,./Al13Sc3N16/__initial__/34/xtal_17.cif,50.570656,-16.767902
xtal_18.cif,./Al13Sc3N16/34/xtal_18.cif,-38.38458,45.25957
xtal_19.cif,./Al13Sc3N16/34/xtal_19.cif,77.15485,12.888459
xtal_2.cif,./Al13Sc3N16/__initial__/34/xtal_2.cif,58.044804,-20.177446
xtal_20.cif,./Al13Sc3N16/__initial__/34/xtal_20.cif,-2.6380439,-21.77337
xtal_21.cif,./Al13Sc3N16/34/xtal_21.cif,12.787032,-61.157867
xtal_22.cif,./Al13Sc3N16/__initial__/34/xtal_22.cif,85.68558,29.65986
xtal_23.cif,./Al13Sc3N16/34/xtal_23.cif,-70.98015,-62.385925
xtal_24.cif,./Al13Sc3N16/__initial__/34/xtal_24.cif,-59.156124,-61.650604
xtal_25.cif,./Al13Sc3N16/__initial__/34/xtal_25.cif,59.11583,-84.60861
xtal_26.cif,./Al13Sc3N16/34/xtal_26.cif,70.0285,29.344837
xtal_27.cif,./Al13Sc3N16/34/xtal_27.cif,-72.80388,-59.821785
xtal_28.cif,./Al13Sc3N16/34/xtal_28.cif,15.849602,62.13337
xtal_29.cif,./Al13Sc3N16/__initial__/34/xtal_29.cif,25.597326,-40.458397
xtal_3.cif,./Al13Sc3N16/__initial__/34/xtal_3.cif,-39.815975,-55.571953
xtal_30.cif,./Al13Sc3N16/34/xtal_30.cif,40.463753,-38.818707
xtal_31.cif,./Al13Sc3N16/__initial__/34/xtal_31.cif,70.33505,-43.9436
xtal_32.cif,./Al13Sc3N16/34/xtal_32.cif,98.959206,-16.236809
xtal_33.cif,./Al13Sc3N16/__initial__/34/xtal_33.cif,79.56201,12.791009
xtal_34.cif,./Al13Sc3N16/__initial__/34/xtal_34.cif,12.67045,-73.396286
xtal_35.cif,./Al13Sc3N16/34/xtal_35.cif,69.6478,55.61773
xtal_36.cif,./Al13Sc3N16/__initial__/34/xtal_36.cif,-65.35568,-13.036075
xtal_37.cif,./Al13Sc3N16/34/xtal_37.cif,68.25727,48.13328
xtal_38.cif,./Al13Sc3N16/34/xtal_38.cif,-41.747814,-53.227577
xtal_39.cif,./Al13Sc3N16/__initial__/34/xtal_39.cif,-67.65267,-2.593052
xtal_4.cif,./Al13Sc3N16/__initial__/34/xtal_4.cif,45.563343,-86.6574
xtal_40.cif,./Al13Sc3N16/34/xtal_40.cif,12.908037,-58.981457
xtal_41.cif,./Al13Sc3N16/__initial__/34/xtal_41.cif,57.193874,-28.442698
xtal_42.cif,./Al13Sc3N16/34/xtal_42.cif,79.6612,29.845585
xtal_43.cif,./Al13Sc3N16/__initial__/34/xtal_43.cif,73.14239,46.51129
xtal_44.cif,./Al13Sc3N16/__initial__/34/xtal_44.cif,-88.390816,-18.91824
xtal_45.cif,./Al13Sc3N16/__initial__/34/xtal_45.cif,11.643017,-77.567406
xtal_46.cif,./Al13Sc3N16/__initial__/34/xtal_46.cif,21.350946,-34.462147
xtal_47.cif,./Al13Sc3N16/34/xtal_47.cif,51.848385,-6.8804603
xtal_48.cif,./Al13Sc3N16/34/xtal_48.cif,27.260702,-81.392784
xtal_49.cif,./Al13Sc3N16/__initial__/34/xtal_49.cif,-6.283281,93.4963
xtal_5.cif,./Al13Sc3N16/34/xtal_5.cif,63.957016,-7.0461936
xtal_50.cif,./Al13Sc3N16/34/xtal_50.cif,-84.173195,-37.287518
xtal_51.cif,./Al13Sc3N16/34/xtal_51.cif,74.505516,16.857597
xtal_52.cif,./Al13Sc3N16/34/xtal_52.cif,5.8465366,9.263575
xtal_53.cif,./Al13Sc3N16/__initial__/34/xtal_53.cif,63.028225,2.1536903
xtal_54.cif,./Al13Sc3N16/34/xtal_54.cif,82.82364,12.618559
xtal_55.cif,./Al13Sc3N16/__initial__/34/xtal_55.cif,18.132761,2.5775955
xtal_56.cif,./Al13Sc3N16/__initial__/34/xtal_56.cif,91.253075,-16.154911
xtal_57.cif,./Al13Sc3N16/34/xtal_57.cif,68.62557,50.132805
xtal_58.cif,./Al13Sc3N16/__initial__/34/xtal_58.cif,77.53218,41.003963
xtal_59.cif,./Al13Sc3N16/__initial__/34/xtal_59.cif,76.89677,-5.711703
xtal_6.cif,./Al13Sc3N16/__initial__/34/xtal_6.cif,70.85999,13.188054
xtal_60.cif,./Al13Sc3N16/__initial__/34/xtal_60.cif,-70.86663,-62.53318
xtal_61.cif,./Al13Sc3N16/34/xtal_61.cif,96.398735,-14.811587
xtal_62.cif,./Al13Sc3N16/__initial__/34/xtal_62.cif,12.641746,-55.43723
xtal_63.cif,./Al13Sc3N16/34/xtal_63.cif,93.05436,2.232516
xtal_64.cif,./Al13Sc3N16/34/xtal_64.cif,48.92433,-29.914337
xtal_65.cif,./Al13Sc3N16/__initial__/34/xtal_65.cif,-14.481902,-76.931526
xtal_66.cif,./Al13Sc3N16/34/xtal_66.cif,58.74313,-39.222713
xtal_67.cif,./Al13Sc3N16/34/xtal_67.cif,-58.557594,-58.120193
xtal_68.cif,./Al13Sc3N16/34/xtal_68.cif,59.126217,-42.427555
xtal_69.cif,./Al13Sc3N16/__initial__/34/xtal_69.cif,-33.978397,-56.448524
xtal_7.cif,./Al13Sc3N16/34/xtal_7.cif,39.76196,-21.810282
xtal_70.cif,./Al13Sc3N16/__initial__/34/xtal_70.cif,51.46671,-35.18961
xtal_71.cif,./Al13Sc3N16/__initial__/34/xtal_71.cif,9.394084,-61.908463
xtal_72.cif,./Al13Sc3N16/__initial__/34/xtal_72.cif,10.4655695,-61.191196
xtal_73.cif,./Al13Sc3N16/34/xtal_73.cif,-18.70786,-31.349344
xtal_74.cif,./Al13Sc3N16/34/xtal_74.cif,12.720676,19.459204
xtal_75.cif,./Al13Sc3N16/34/xtal_75.cif,67.176384,-38.90706
xtal_76.cif,./Al13Sc3N16/__initial__/34/xtal_76.cif,19.215324,-67.94264
xtal_77.cif,./Al13Sc3N16/__initial__/34/xtal_77.cif,-14.125841,-49.64729
xtal_78.cif,./Al13Sc3N16/34/xtal_78.cif,55.432755,-69.70413
xtal_79.cif,./Al13Sc3N16/34/xtal_79.cif,-84.28155,-39.78345
xtal_8.cif,./Al13Sc3N16/__initial__/34/xtal_8.cif,50.78302,11.129637
xtal_80.cif,./Al13Sc3N16/34/xtal_80.cif,-36.6454,-54.394505
xtal_81.cif,./Al13Sc3N16/__initial__/34/xtal_81.cif,33.70924,-45.683807
xtal_82.cif,./Al13Sc3N16/34/xtal_82.cif,24.625671,75.20239
xtal_83.cif,./Al13Sc3N16/__initial__/34/xtal_83.cif,35.2797,24.293512
xtal_84.cif,./Al13Sc3N16/34/xtal_84.cif,13.993034,-87.8453
xtal_85.cif,./Al13Sc3N16/34/xtal_85.cif,56.602066,76.635445
xtal_86.cif,./Al13Sc3N16/34/xtal_86.cif,17.271288,-88.37984
xtal_87.cif,./Al13Sc3N16/34/xtal_87.cif,56.87836,-14.145514
xtal_88.cif,./Al13Sc3N16/__initial__/34/xtal_88.cif,28.42628,-46.959183
xtal_89.cif,./Al13Sc3N16/34/xtal_89.cif,64.52402,-36.886745
xtal_9.cif,./Al13Sc3N16/34/xtal_9.cif,-26.084816,6.36382
xtal_90.cif,./Al13Sc3N16/34/xtal_90.cif,96.00012,-0.35213894
xtal_91.cif,./Al13Sc3N16/34/xtal_91.cif,20.566593,-42.87973
xtal_92.cif,./Al13Sc3N16/34/xtal_92.cif,43.81914,-60.626522
xtal_93.cif,./Al13Sc3N16/__initial__/34/xtal_93.cif,-17.590677,13.685301
xtal_94.cif,./Al13Sc3N16/34/xtal_94.cif,20.52637,-59.149567
xtal_95.cif,./Al13Sc3N16/__initial__/34/xtal_95.cif,78.59024,14.492109
xtal_96.cif,./Al13Sc3N16/__initial__/34/xtal_96.cif,76.485695,9.997356
xtal_97.cif,./Al13Sc3N16/34/xtal_97.cif,29.141047,53.53975
xtal_98.cif,./Al13Sc3N16/__initial__/34/xtal_98.cif,66.06177,-13.097317
xtal_99.cif,./Al13Sc3N16/__initial__/34/xtal_99.cif,-69.082726,-43.101646
xtal_1.cif,./Al13Sc3N16/35/xtal_1.cif,27.025885,-76.02649
xtal_10.cif,./Al13Sc3N16/__initial__/35/xtal_10.cif,-67.69869,-30.070902
xtal_100.cif,./Al13Sc3N16/__initial__/35/xtal_100.cif,73.53242,-22.131554
xtal_11.cif,./Al13Sc3N16/35/xtal_11.cif,84.200676,-58.736267
xtal_12.cif,./Al13Sc3N16/35/xtal_12.cif,55.720577,-27.028511
xtal_13.cif,./Al13Sc3N16/35/xtal_13.cif,77.0932,-55.23926
xtal_14.cif,./Al13Sc3N16/35/xtal_14.cif,50.86271,-46.327557
xtal_15.cif,./Al13Sc3N16/35/xtal_15.cif,99.50149,-10.6953335
xtal_16.cif,./Al13Sc3N16/35/xtal_16.cif,62.495068,-86.076164
xtal_17.cif,./Al13Sc3N16/35/xtal_17.cif,85.351295,-44.318752
xtal_18.cif,./Al13Sc3N16/__initial__/35/xtal_18.cif,64.69336,-66.14324
xtal_19.cif,./Al13Sc3N16/__initial__/35/xtal_19.cif,87.492676,-25.39088
xtal_2.cif,./Al13Sc3N16/__initial__/35/xtal_2.cif,-50.97624,-9.533378
xtal_20.cif,./Al13Sc3N16/__initial__/35/xtal_20.cif,-35.899456,48.145897
xtal_21.cif,./Al13Sc3N16/35/xtal_21.cif,-33.944057,-57.90428
xtal_22.cif,./Al13Sc3N16/__initial__/35/xtal_22.cif,80.850334,-57.998596
xtal_23.cif,./Al13Sc3N16/__initial__/35/xtal_23.cif,-10.791149,35.542137
xtal_24.cif,./Al13Sc3N16/35/xtal_24.cif,-68.48491,-58.50504
xtal_25.cif,./Al13Sc3N16/35/xtal_25.cif,65.53951,-87.010666
xtal_26.cif,./Al13Sc3N16/__initial__/35/xtal_26.cif,-13.052978,71.79364
xtal_27.cif,./Al13Sc3N16/__initial__/35/xtal_27.cif,-71.66397,7.6758065
xtal_28.cif,./Al13Sc3N16/35/xtal_28.cif,58.229134,-54.983753
xtal_29.cif,./Al13Sc3N16/35/xtal_29.cif,-63.03266,-60.25222
xtal_3.cif,./Al13Sc3N16/35/xtal_3.cif,-46.6099,17.592024
xtal_30.cif,./Al13Sc3N16/35/xtal_30.cif,89.1822,-17.015114
xtal_31.cif,./Al13Sc3N16/35/xtal_31.cif,72.432785,-29.343884
xtal_32.cif,./Al13Sc3N16/__initial__/35/xtal_32.cif,86.00262,-56.22106
xtal_33.cif,./Al13Sc3N16/35/xtal_33.cif,98.83528,12.883525
xtal_34.cif,./Al13Sc3N16/35/xtal_34.cif,20.961615,-56.29185
xtal_35.cif,./Al13Sc3N16/__initial__/35/xtal_35.cif,33.572937,-56.7423
xtal_36.cif,./Al13Sc3N16/35/xtal_36.cif,68.63632,17.543137
xtal_37.cif,./Al13Sc3N16/__initial__/35/xtal_37.cif,44.457592,-47.83602
xtal_38.cif,./Al13Sc3N16/__initial__/35/xtal_38.cif,94.01094,-49.35244
xtal_39.cif,./Al13Sc3N16/__initial__/35/xtal_39.cif,97.67526,-36.413643
xtal_4.cif,./Al13Sc3N16/__initial__/35/xtal_4.cif,78.699234,8.670191
xtal_40.cif,./Al13Sc3N16/35/xtal_40.cif,65.04075,9.359304
xtal_41.cif,./Al13Sc3N16/35/xtal_41.cif,69.37565,-25.957645
xtal_42.cif,./Al13Sc3N16/35/xtal_42.cif,-51.894882,-12.546856
xtal_43.cif,./Al13Sc3N16/__initial__/35/xtal_43.cif,91.48275,-37.45721
xtal_44.cif,./Al13Sc3N16/35/xtal_44.cif,74.47105,-5.3647003
xtal_45.cif,./Al13Sc3N16/__initial__/35/xtal_45.cif,42.87104,-81.63472
xtal_46.cif,./Al13Sc3N16/__initial__/35/xtal_46.cif,-28.037207,-14.716455
xtal_47.cif,./Al13Sc3N16/__initial__/35/xtal_47.cif,35.46604,-71.55984
xtal_48.cif,./Al13Sc3N16/35/xtal_48.cif,88.4803,-55.03092
xtal_49.cif,./Al13Sc3N16/__initial__/35/xtal_49.cif,-58.471333,-29.671011
xtal_5.cif,./Al13Sc3N16/__initial__/35/xtal_5.cif,96.05757,-35.268658
xtal_50.cif,./Al13Sc3N16/35/xtal_50.cif,0.17105426,-82.84315
xtal_51.cif,./Al13Sc3N16/__initial__/35/xtal_51.cif,20.682566,-92.190125
xtal_52.cif,./Al13Sc3N16/35/xtal_52.cif,28.277412,-88.08899
xtal_53.cif,./Al13Sc3N16/__initial__/35/xtal_53.cif,72.27027,-56.413597
xtal_54.cif,./Al13Sc3N16/35/xtal_54.cif,82.04225,-57.90001
xtal_55.cif,./Al13Sc3N16/__initial__/35/xtal_55.cif,-22.18874,-32.95525
xtal_56.cif,./Al13Sc3N16/35/xtal_56.cif,38.63532,-92.533585
xtal_57.cif,./Al13Sc3N16/__initial__/35/xtal_57.cif,83.12861,-48.739838
xtal_58.cif,./Al13Sc3N16/35/xtal_58.cif,81.18361,-37.183167
xtal_59.cif,./Al13Sc3N16/__initial__/35/xtal_59.cif,-0.28904903,61.958054
xtal_6.cif,./Al13Sc3N16/__initial__/35/xtal_6.cif,11.737563,-77.29159
xtal_60.cif,./Al13Sc3N16/__initial__/35/xtal_60.cif,-52.587296,-65.37505
xtal_61.cif,./Al13Sc3N16/__initial__/35/xtal_61.cif,78.0692,-30.04535
xtal_62.cif,./Al13Sc3N16/35/xtal_62.cif,64.48521,25.854414
xtal_63.cif,./Al13Sc3N16/35/xtal_63.cif,76.37103,-23.498167
xtal_64.cif,./Al13Sc3N16/35/xtal_64.cif,-33.146935,84.86346
xtal_65.cif,./Al13Sc3N16/__initial__/35/xtal_65.cif,74.80025,-47.839745
xtal_66.cif,./Al13Sc3N16/__initial__/35/xtal_66.cif,-74.06161,-36.12009
xtal_67.cif,./Al13Sc3N16/35/xtal_67.cif,82.541565,-47.27838
xtal_68.cif,./Al13Sc3N16/__initial__/35/xtal_68.cif,41.723064,-94.52261
xtal_69.cif,./Al13Sc3N16/__initial__/35/xtal_69.cif,-42.049324,2.9708252
xtal_7.cif,./Al13Sc3N16/__initial__/35/xtal_7.cif,85.92723,-33.24489
xtal_70.cif,./Al13Sc3N16/35/xtal_70.cif,49.249226,-81.335846
xtal_71.cif,./Al13Sc3N16/__initial__/35/xtal_71.cif,-14.110417,-48.213104
xtal_72.cif,./Al13Sc3N16/__initial__/35/xtal_72.cif,36.32561,-92.53145
xtal_73.cif,./Al13Sc3N16/35/xtal_73.cif,45.463253,-55.30982
xtal_74.cif,./Al13Sc3N16/__initial__/35/xtal_74.cif,40.913353,-84.86378
xtal_75.cif,./Al13Sc3N16/35/xtal_75.cif,64.938126,-66.4827
xtal_76.cif,./Al13Sc3N16/35/xtal_76.cif,89.33789,-35.47711
xtal_77.cif,./Al13Sc3N16/__initial__/35/xtal_77.cif,62.66926,-57.14449
xtal_78.cif,./Al13Sc3N16/35/xtal_78.cif,65.074356,-40.281525
xtal_79.cif,./Al13Sc3N16/35/xtal_79.cif,29.631939,-66.023254
xtal_8.cif,./Al13Sc3N16/__initial__/35/xtal_8.cif,-50.246265,3.9897478
xtal_80.cif,./Al13Sc3N16/__initial__/35/xtal_80.cif,76.37751,-79.796234
xtal_81.cif,./Al13Sc3N16/35/xtal_81.cif,13.412255,-88.05904
xtal_82.cif,./Al13Sc3N16/35/xtal_82.cif,-65.9827,-11.767905
xtal_83.cif,./Al13Sc3N16/__initial__/35/xtal_83.cif,69.00677,-35.28189
xtal_84.cif,./Al13Sc3N16/__initial__/35/xtal_84.cif,15.48564,-62.5135
xtal_85.cif,./Al13Sc3N16/__initial__/35/xtal_85.cif,-35.55259,-43.94623
xtal_86.cif,./Al13Sc3N16/__initial__/35/xtal_86.cif,-6.1434894,77.62515
xtal_87.cif,./Al13Sc3N16/__initial__/35/xtal_87.cif,-19.644438,37.12213
xtal_88.cif,./Al13Sc3N16/35/xtal_88.cif,-97.51887,-11.455912
xtal_89.cif,./Al13Sc3N16/35/xtal_89.cif,38.45074,-68.28516
xtal_9.cif,./Al13Sc3N16/35/xtal_9.cif,90.092735,-38.694885
xtal_90.cif,./Al13Sc3N16/35/xtal_90.cif,26.396914,-37.72148
xtal_91.cif,./Al13Sc3N16/35/xtal_91.cif,-36.63096,89.725296
xtal_92.cif,./Al13Sc3N16/__initial__/35/xtal_92.cif,54.152325,-84.97588
xtal_93.cif,./Al13Sc3N16/35/xtal_93.cif,79.196075,-59.41785
xtal_94.cif,./Al13Sc3N16/35/xtal_94.cif,67.28132,-86.81978
xtal_95.cif,./Al13Sc3N16/__initial__/35/xtal_95.cif,-89.58448,-32.957844
xtal_96.cif,./Al13Sc3N16/__initial__/35/xtal_96.cif,19.784004,87.719536
xtal_97.cif,./Al13Sc3N16/35/xtal_97.cif,91.6239,-15.909111
xtal_98.cif,./Al13Sc3N16/__initial__/35/xtal_98.cif,69.73812,-15.286078
xtal_99.cif,./Al13Sc3N16/35/xtal_99.cif,-24.97657,-46.621365
xtal_1.cif,./Al13Sc3N16/__initial__/38/xtal_1.cif,22.465496,-65.23055
xtal_10.cif,./Al13Sc3N16/__initial__/38/xtal_10.cif,72.23908,10.325731
xtal_100.cif,./Al13Sc3N16/__initial__/38/xtal_100.cif,-15.054368,81.36662
xtal_11.cif,./Al13Sc3N16/38/xtal_11.cif,6.0706005,39.904175
xtal_12.cif,./Al13Sc3N16/38/xtal_12.cif,65.775505,-74.38276
xtal_13.cif,./Al13Sc3N16/38/xtal_13.cif,41.558884,-75.97378
xtal_14.cif,./Al13Sc3N16/__initial__/38/xtal_14.cif,-104.37201,3.346238
xtal_15.cif,./Al13Sc3N16/38/xtal_15.cif,80.079346,10.141996
xtal_16.cif,./Al13Sc3N16/__initial__/38/xtal_16.cif,-96.508095,-3.9165328
xtal_17.cif,./Al13Sc3N16/38/xtal_17.cif,-29.918087,70.584015
xtal_18.cif,./Al13Sc3N16/__initial__/38/xtal_18.cif,54.924232,-47.039917
xtal_19.cif,./Al13Sc3N16/__initial__/38/xtal_19.cif,63.524475,5.029288
xtal_2.cif,./Al13Sc3N16/__initial__/38/xtal_2.cif,-43.32709,-20.665422
xtal_20.cif,./Al13Sc3N16/__initial__/38/xtal_20.cif,62.59067,12.842484
xtal_21.cif,./Al13Sc3N16/__initial__/38/xtal_21.cif,68.148865,-71.5761
xtal_22.cif,./Al13Sc3N16/38/xtal_22.cif,-37.4249,44.791817
xtal_23.cif,./Al13Sc3N16/38/xtal_23.cif,79.203636,-67.08662
xtal_24.cif,./Al13Sc3N16/38/xtal_24.cif,13.725374,-75.59223
xtal_25.cif,./Al13Sc3N16/__initial__/38/xtal_25.cif,83.76417,-19.667782
xtal_26.cif,./Al13Sc3N16/__initial__/38/xtal_26.cif,-19.394272,50.29604
xtal_27.cif,./Al13Sc3N16/__initial__/38/xtal_27.cif,-41.801712,42.161697
xtal_28.cif,./Al13Sc3N16/38/xtal_28.cif,97.55642,-14.834717
xtal_29.cif,./Al13Sc3N16/38/xtal_29.cif,-62.841404,50.67405
xtal_3.cif,./Al13Sc3N16/38/xtal_3.cif,56.056644,-67.57138
xtal_30.cif,./Al13Sc3N16/__initial__/38/xtal_30.cif,62.27435,-57.913246
xtal_31.cif,./Al13Sc3N16/__initial__/38/xtal_31.cif,8.612255,36.0312
xtal_32.cif,./Al13Sc3N16/__initial__/38/xtal_32.cif,87.14112,-19.566437
xtal_33.cif,./Al13Sc3N16/__initial__/38/xtal_33.cif,65.210976,-49.309734
xtal_34.cif,./Al13Sc3N16/__initial__/38/xtal_34.cif,72.575615,-1.299432
xtal_35.cif,./Al13Sc3N16/38/xtal_35.cif,42.110546,-4.1748905
xtal_36.cif,./Al13Sc3N16/__initial__/38/xtal_36.cif,-64.82377,-52.887024
xtal_37.cif,./Al13Sc3N16/38/xtal_37.cif,-39.634254,-55.782944
xtal_38.cif,./Al13Sc3N16/__initial__/38/xtal_38.cif,-40.31448,-37.56747
xtal_39.cif,./Al13Sc3N16/__initial__/38/xtal_39.cif,61.7476,-28.34373
xtal_4.cif,./Al13Sc3N16/38/xtal_4.cif,99.12203,-5.610172
xtal_40.cif,./Al13Sc3N16/38/xtal_40.cif,65.8095,-70.19807
xtal_41.cif,./Al13Sc3N16/__initial__/38/xtal_41.cif,-5.6457977,23.22138
xtal_42.cif,./Al13Sc3N16/38/xtal_42.cif,27.106743,-60.789677
xtal_43.cif,./Al13Sc3N16/38/xtal_43.cif,-33.082203,84.92005
xtal_44.cif,./Al13Sc3N16/__initial__/38/xtal_44.cif,25.17601,73.00787
xtal_45.cif,./Al13Sc3N16/__initial__/38/xtal_45.cif,-64.32387,61.861736
xtal_46.cif,./Al13Sc3N16/38/xtal_46.cif,57.32782,-30.089712
xtal_47.cif,./Al13Sc3N16/__initial__/38/xtal_47.cif,59.979115,-17.932598
xtal_48.cif,./Al13Sc3N16/__initial__/38/xtal_48.cif,13.94419,71.60303
xtal_49.cif,./Al13Sc3N16/__initial__/38/xtal_49.cif,75.64196,-74.30142
xtal_5.cif,./Al13Sc3N16/38/xtal_5.cif,14.406453,74.30379
xtal_50.cif,./Al13Sc3N16/38/xtal_50.cif,-51.18646,53.708977
xtal_51.cif,./Al13Sc3N16/__initial__/38/xtal_51.cif,50.974556,-47.3883
xtal_52.cif,./Al13Sc3N16/__initial__/38/xtal_52.cif,-2.2736294,85.75765
xtal_53.cif,./Al13Sc3N16/__initial__/38/xtal_53.cif,30.335491,-78.257416
xtal_54.cif,./Al13Sc3N16/38/xtal_54.cif,70.729515,-83.8322
xtal_55.cif,./Al13Sc3N16/38/xtal_55.cif,-75.416504,-39.028545
xtal_56.cif,./Al13Sc3N16/38/xtal_56.cif,17.683725,-91.6231
xtal_57.cif,./Al13Sc3N16/__initial__/38/xtal_57.cif,-75.27881,-48.566242
xtal_58.cif,./Al13Sc3N16/__initial__/38/xtal_58.cif,92.265785,15.7598095
xtal_59.cif,./Al13Sc3N16/38/xtal_59.cif,47.345947,-45.18416
xtal_6.cif,./Al13Sc3N16/38/xtal_6.cif,34.527077,-32.733215
xtal_60.cif,./Al13Sc3N16/38/xtal_60.cif,67.107574,-79.57961
xtal_61.cif,./Al13Sc3N16/__initial__/38/xtal_61.cif,80.17975,-24.599611
xtal_62.cif,./Al13Sc3N16/__initial__/38/xtal_62.cif,-73.51459,-62.444077
xtal_63.cif,./Al13Sc3N16/38/xtal_63.cif,74.29117,-29.157845
xtal_64.cif,./Al13Sc3N16/__initial__/38/xtal_64.cif,-75.95271,-50.265408
xtal_65.cif,./Al13Sc3N16/__initial__/38/xtal_65.cif,-63.18798,-60.21171
xtal_66.cif,./Al13Sc3N16/__initial__/38/xtal_66.cif,64.44997,20.614073
xtal_67.cif,./Al13Sc3N16/38/xtal_67.cif,67.87947,-63.067295
xtal_68.cif,./Al13Sc3N16/__initial__/38/xtal_68.cif,-34.997154,-48.457428
xtal_69.cif,./Al13Sc3N16/38/xtal_69.cif,-91.05993,-42.176636
xtal_7.cif,./Al13Sc3N16/__initial__/38/xtal_7.cif,-4.6357493,71.26832
xtal_70.cif,./Al13Sc3N16/38/xtal_70.cif,105.91633,-2.025616
xtal_71.cif,./Al13Sc3N16/__initial__/38/xtal_71.cif,38.929012,-86.5586
xtal_72.cif,./Al13Sc3N16/__initial__/38/xtal_72.cif,58.954594,-84.98297
xtal_73.cif,./Al13Sc3N16/__initial__/38/xtal_73.cif,-40.414997,-26.28968
xtal_74.cif,./Al13Sc3N16/__initial__/38/xtal_74.cif,57.050755,-88.70305
xtal_75.cif,./Al13Sc3N16/38/xtal_75.cif,74.69567,-3.5233653
xtal_76.cif,./Al13Sc3N16/38/xtal_76.cif,61.43534,29.983126
xtal_77.cif,./Al13Sc3N16/38/xtal_77.cif,-32.15235,-14.255095
xtal_78.cif,./Al13Sc3N16/38/xtal_78.cif,87.67861,-17.26313
xtal_79.cif,./Al13Sc3N16/__initial__/38/xtal_79.cif,84.99509,27.449
xtal_8.cif,./Al13Sc3N16/38/xtal_8.cif,-13.408446,-49.604557
xtal_80.cif,./Al13Sc3N16/38/xtal_80.cif,14.670079,-85.37479
xtal_81.cif,./Al13Sc3N16/__initial__/38/xtal_81.cif,28.541853,63.3601
xtal_82.cif,./Al13Sc3N16/38/xtal_82.cif,51.95047,-68.67425
xtal_83.cif,./Al13Sc3N16/38/xtal_83.cif,-71.69161,-8.830348
xtal_84.cif,./Al13Sc3N16/38/xtal_84.cif,-47.355076,56.250908
xtal_85.cif,./Al13Sc3N16/38/xtal_85.cif,-60.4383,-59.02762
xtal_86.cif,./Al13Sc3N16/38/xtal_86.cif,51.5899,-71.906395
xtal_87.cif,./Al13Sc3N16/__initial__/38/xtal_87.cif,72.505356,9.2428
xtal_88.cif,./Al13Sc3N16/__initial__/38/xtal_88.cif,67.59148,-16.668339
xtal_89.cif,./Al13Sc3N16/__initial__/38/xtal_89.cif,-89.46885,-43.486927
xtal_9.cif,./Al13Sc3N16/38/xtal_9.cif,100.39418,6.7700047
xtal_90.cif,./Al13Sc3N16/38/xtal_90.cif,31.510862,-79.07511
xtal_91.cif,./Al13Sc3N16/38/xtal_91.cif,38.44446,86.56861
xtal_92.cif,./Al13Sc3N16/38/xtal_92.cif,-81.53654,-10.498488
xtal_93.cif,./Al13Sc3N16/__initial__/38/xtal_93.cif,-101.16412,-13.778717
xtal_94.cif,./Al13Sc3N16/38/xtal_94.cif,9.221382,54.09148
xtal_95.cif,./Al13Sc3N16/38/xtal_95.cif,90.15926,-9.942382
xtal_96.cif,./Al13Sc3N16/__initial__/38/xtal_96.cif,-51.04934,-62.1362
xtal_97.cif,./Al13Sc3N16/38/xtal_97.cif,-52.443954,-57.927628
xtal_98.cif,./Al13Sc3N16/38/xtal_98.cif,-70.342476,-60.558796
xtal_99.cif,./Al13Sc3N16/38/xtal_99.cif,54.949306,-85.7538
xtal_1.cif,./Al13Sc3N16/__initial__/44/xtal_1.cif,7.5417714,-54.321964
xtal_10.cif,./Al13Sc3N16/__initial__/44/xtal_10.cif,3.8736022,-14.067633
xtal_100.cif,./Al13Sc3N16/__initial__/44/xtal_100.cif,70.00972,-82.2246
xtal_11.cif,./Al13Sc3N16/44/xtal_11.cif,-8.083572,-0.22728877
xtal_12.cif,./Al13Sc3N16/__initial__/44/xtal_12.cif,25.858059,-70.183205
xtal_13.cif,./Al13Sc3N16/__initial__/44/xtal_13.cif,66.29827,-84.28722
xtal_14.cif,./Al13Sc3N16/44/xtal_14.cif,68.22932,-83.243645
xtal_15.cif,./Al13Sc3N16/__initial__/44/xtal_15.cif,63.60125,-79.335144
xtal_16.cif,./Al13Sc3N16/__initial__/44/xtal_16.cif,45.110836,-87.750854
xtal_17.cif,./Al13Sc3N16/__initial__/44/xtal_17.cif,-92.8831,-24.984083
xtal_18.cif,./Al13Sc3N16/__initial__/44/xtal_18.cif,-4.6564164,44.08321
xtal_19.cif,./Al13Sc3N16/__initial__/44/xtal_19.cif,54.774376,-87.996124
xtal_2.cif,./Al13Sc3N16/__initial__/44/xtal_2.cif,68.58571,-63.761757
xtal_20.cif,./Al13Sc3N16/44/xtal_20.cif,54.307514,-88.3225
xtal_21.cif,./Al13Sc3N16/44/xtal_21.cif,38.857395,-48.94673
xtal_22.cif,./Al13Sc3N16/44/xtal_22.cif,51.75705,-82.77618
xtal_23.cif,./Al13Sc3N16/__initial__/44/xtal_23.cif,37.805912,-88.89536
xtal_24.cif,./Al13Sc3N16/__initial__/44/xtal_24.cif,45.822006,-47.029182
xtal_25.cif,./Al13Sc3N16/__initial__/44/xtal_25.cif,51.18921,-75.85632
xtal_26.cif,./Al13Sc3N16/44/xtal_26.cif,52.10866,-71.48983
xtal_27.cif,./Al13Sc3N16/__initial__/44/xtal_27.cif,-29.420118,7.092894
xtal_28.cif,./Al13Sc3N16/44/xtal_28.cif,-82.471756,43.621647
xtal_29.cif,./Al13Sc3N16/44/xtal_29.cif,-6.0713205,93.968544
xtal_3.cif,./Al13Sc3N16/__initial__/44/xtal_3.cif,61.069202,7.0694113
xtal_30.cif,./Al13Sc3N16/44/xtal_30.cif,78.0596,17.606472
xtal_31.cif,./Al13Sc3N16/__initial__/44/xtal_31.cif,-40.555603,59.440918
xtal_32.cif,./Al13Sc3N16/__initial__/44/xtal_32.cif,-74.77101,-19.008018
xtal_33.cif,./Al13Sc3N16/__initial__/44/xtal_33.cif,60.944695,-55.64118
xtal_34.cif,./Al13Sc3N16/__initial__/44/xtal_34.cif,-0.28368953,66.40622
xtal_35.cif,./Al13Sc3N16/__initial__/44/xtal_35.cif,-99.14709,-0.49819988
xtal_36.cif,./Al13Sc3N16/44/xtal_36.cif,36.658348,-72.51755
xtal_37.cif,./Al13Sc3N16/__initial__/44/xtal_37.cif,52.815075,-87.527176
xtal_38.cif,./Al13Sc3N16/44/xtal_38.cif,80.8246,-26.493387
xtal_39.cif,./Al13Sc3N16/__initial__/44/xtal_39.cif,33.01552,-83.25364
xtal_4.cif,./Al13Sc3N16/44/xtal_4.cif,99.16664,-16.734169
xtal_40.cif,./Al13Sc3N16/__initial__/44/xtal_40.cif,98.61189,-18.972054
xtal_41.cif,./Al13Sc3N16/44/xtal_41.cif,73.055244,30.987617
xtal_42.cif,./Al13Sc3N16/44/xtal_42.cif,61.3481,-85.61733
xtal_43.cif,./Al13Sc3N16/44/xtal_43.cif,25.832714,-66.437164
xtal_44.cif,./Al13Sc3N16/__initial__/44/xtal_44.cif,45.696964,-53.72293
xtal_45.cif,./Al13Sc3N16/__initial__/44/xtal_45.cif,79.81665,50.88105
xtal_46.cif,./Al13Sc3N16/__initial__/44/xtal_46.cif,-0.4140074,10.0633745
xtal_47.cif,./Al13Sc3N16/__initial__/44/xtal_47.cif,53.254616,-73.65609
xtal_48.cif,./Al13Sc3N16/__initial__/44/xtal_48.cif,50.70621,-59.712074
xtal_49.cif,./Al13Sc3N16/44/xtal_49.cif,89.441986,-54.779438
xtal_5.cif,./Al13Sc3N16/__initial__/44/xtal_5.cif,34.805847,-86.919685
xtal_50.cif,./Al13Sc3N16/44/xtal_50.cif,41.556435,-60.235626
xtal_51.cif,./Al13Sc3N16/__initial__/44/xtal_51.cif,-37.909676,88.83511
xtal_52.cif,./Al13Sc3N16/44/xtal_52.cif,-66.21318,-62.751305
xtal_53.cif,./Al13Sc3N16/44/xtal_53.cif,44.859447,-3.7364564
xtal_54.cif,./Al13Sc3N16/44/xtal_54.cif,-22.647442,49.19961
xtal_55.cif,./Al13Sc3N16/44/xtal_55.cif,74.68349,-68.663155
xtal_56.cif,./Al13Sc3N16/44/xtal_56.cif,62.007446,-6.940814
xtal_57.cif,./Al13Sc3N16/__initial__/44/xtal_57.cif,54.79259,-19.35644
xtal_58.cif,./Al13Sc3N16/__initial__/44/xtal_58.cif,47.1386,-65.94073
xtal_59.cif,./Al13Sc3N16/__initial__/44/xtal_59.cif,9.251773,-73.08949
xtal_6.cif,./Al13Sc3N16/__initial__/44/xtal_6.cif,58.978806,-86.865166
xtal_60.cif,./Al13Sc3N16/44/xtal_60.cif,2.402461,48.51246
xtal_61.cif,./Al13Sc3N16/44/xtal_61.cif,-82.56131,42.789944
xtal_62.cif,./Al13Sc3N16/44/xtal_62.cif,-16.934032,-19.87736
xtal_63.cif,./Al13Sc3N16/44/xtal_63.cif,78.1908,-16.52559
xtal_64.cif,./Al13Sc3N16/44/xtal_64.cif,61.760525,-28.406887
xtal_65.cif,./Al13Sc3N16/44/xtal_65.cif,-23.886208,-7.743213
xtal_66.cif,./Al13Sc3N16/44/xtal_66.cif,87.121506,-4.738169
xtal_67.cif,./Al13Sc3N16/__initial__/44/xtal_67.cif,16.972198,14.527673
xtal_68.cif,./Al13Sc3N16/44/xtal_68.cif,-85.26238,-40.334644
xtal_69.cif,./Al13Sc3N16/44/xtal_69.cif,54.039593,-1.5783967
xtal_7.cif,./Al13Sc3N16/44/xtal_7.cif,-96.361595,-7.0609813
xtal_70.cif,./Al13Sc3N16/__initial__/44/xtal_70.cif,30.123816,-69.840164
xtal_71.cif,./Al13Sc3N16/44/xtal_71.cif,-94.87561,-53.160934
xtal_72.cif,./Al13Sc3N16/44/xtal_72.cif,75.03125,-76.15253
xtal_73.cif,./Al13Sc3N16/44/xtal_73.cif,48.76282,-49.353573
xtal_74.cif,./Al13Sc3N16/44/xtal_74.cif,-37.263035,34.16704
xtal_75.cif,./Al13Sc3N16/44/xtal_75.cif,63.2418,-0.038362715
xtal_76.cif,./Al13Sc3N16/__initial__/44/xtal_76.cif,68.998314,-70.94861
xtal_77.cif,./Al13Sc3N16/__initial__/44/xtal_77.cif,-32.62475,85.22628
xtal_78.cif,./Al13Sc3N16/44/xtal_78.cif,48.26208,-81.51077
xtal_79.cif,./Al13Sc3N16/44/xtal_79.cif,63.49803,-63.382713
xtal_8.cif,./Al13Sc3N16/44/xtal_8.cif,-70.78429,-62.451283
xtal_80.cif,./Al13Sc3N16/44/xtal_80.cif,26.126127,-53.108307
xtal_81.cif,./Al13Sc3N16/44/xtal_81.cif,-35.714417,-0.4408614
xtal_82.cif,./Al13Sc3N16/__initial__/44/xtal_82.cif,40.746773,-85.000824
xtal_83.cif,./Al13Sc3N16/__initial__/44/xtal_83.cif,89.554535,-34.258434
xtal_84.cif,./Al13Sc3N16/__initial__/44/xtal_84.cif,-80.159,-50.864124
xtal_85.cif,./Al13Sc3N16/44/xtal_85.cif,42.37327,-83.95896
xtal_86.cif,./Al13Sc3N16/44/xtal_86.cif,28.37026,27.846863
xtal_87.cif,./Al13Sc3N16/__initial__/44/xtal_87.cif,62.4093,-52.87394
xtal_88.cif,./Al13Sc3N16/__initial__/44/xtal_88.cif,67.26539,-24.096651
xtal_89.cif,./Al13Sc3N16/__initial__/44/xtal_89.cif,94.5117,-21.599924
xtal_9.cif,./Al13Sc3N16/__initial__/44/xtal_9.cif,62.260536,-81.33527
xtal_90.cif,./Al13Sc3N16/__initial__/44/xtal_90.cif,-72.07926,-59.600212
xtal_91.cif,./Al13Sc3N16/44/xtal_91.cif,74.44189,-78.36531
xtal_92.cif,./Al13Sc3N16/44/xtal_92.cif,58.323338,-84.71328
xtal_93.cif,./Al13Sc3N16/__initial__/44/xtal_93.cif,62.25104,44.056484
xtal_94.cif,./Al13Sc3N16/44/xtal_94.cif,91.049225,-20.076166
xtal_95.cif,./Al13Sc3N16/44/xtal_95.cif,-68.130455,-53.371624
xtal_96.cif,./Al13Sc3N16/44/xtal_96.cif,-13.339587,8.142295
xtal_97.cif,./Al13Sc3N16/44/xtal_97.cif,19.995422,-69.09795
xtal_98.cif,./Al13Sc3N16/44/xtal_98.cif,57.938023,-19.031212
xtal_99.cif,./Al13Sc3N16/__initial__/44/xtal_99.cif,91.89597,-4.2558193
xtal_1.cif,./Al13Sc3N16/47/xtal_1.cif,-57.962517,69.33102
xtal_10.cif,./Al13Sc3N16/__initial__/47/xtal_10.cif,-60.95562,-22.417645
xtal_100.cif,./Al13Sc3N16/__initial__/47/xtal_100.cif,-8.396172,91.22421
xtal_11.cif,./Al13Sc3N16/__initial__/47/xtal_11.cif,-5.251484,49.857033
xtal_12.cif,./Al13Sc3N16/__initial__/47/xtal_12.cif,1.9579167,10.499375
xtal_13.cif,./Al13Sc3N16/47/xtal_13.cif,20.787775,32.252426
xtal_14.cif,./Al13Sc3N16/47/xtal_14.cif,-35.246414,40.84839
xtal_15.cif,./Al13Sc3N16/__initial__/47/xtal_15.cif,-71.95048,32.792133
xtal_16.cif,./Al13Sc3N16/47/xtal_16.cif,-19.588694,-8.999944
xtal_17.cif,./Al13Sc3N16/__initial__/47/xtal_17.cif,-28.308388,82.23144
xtal_18.cif,./Al13Sc3N16/__initial__/47/xtal_18.cif,28.558447,20.51089
xtal_19.cif,./Al13Sc3N16/47/xtal_19.cif,-4.4732203,0.80079395
xtal_2.cif,./Al13Sc3N16/47/xtal_2.cif,-24.459398,71.27505
xtal_20.cif,./Al13Sc3N16/47/xtal_20.cif,15.000991,70.40508
xtal_21.cif,./Al13Sc3N16/47/xtal_21.cif,-17.079012,22.509315
xtal_22.cif,./Al13Sc3N16/47/xtal_22.cif,23.247837,40.17199
xtal_23.cif,./Al13Sc3N16/47/xtal_23.cif,-27.530966,-27.14831
xtal_24.cif,./Al13Sc3N16/__initial__/47/xtal_24.cif,-71.0014,18.842995
xtal_25.cif,./Al13Sc3N16/__initial__/47/xtal_25.cif,-43.388184,-33.07691
xtal_26.cif,./Al13Sc3N16/47/xtal_26.cif,-71.678734,27.833912
xtal_27.cif,./Al13Sc3N16/__initial__/47/xtal_27.cif,-3.195421,16.843592
xtal_28.cif,./Al13Sc3N16/__initial__/47/xtal_28.cif,-23.930798,76.18137
xtal_29.cif,./Al13Sc3N16/__initial__/47/xtal_29.cif,-71.8335,38.262512
xtal_3.cif,./Al13Sc3N16/__initial__/47/xtal_3.cif,-16.223225,-20.613014
xtal_30.cif,./Al13Sc3N16/47/xtal_30.cif,-35.661472,-46.06544
xtal_31.cif,./Al13Sc3N16/__initial__/47/xtal_31.cif,-16.02029,24.069756
xtal_32.cif,./Al13Sc3N16/47/xtal_32.cif,-27.498692,-2.021377
xtal_33.cif,./Al13Sc3N16/47/xtal_33.cif,-51.739494,37.45324
xtal_34.cif,./Al13Sc3N16/__initial__/47/xtal_34.cif,-27.607536,-16.101793
xtal_35.cif,./Al13Sc3N16/47/xtal_35.cif,-26.335459,51.617004
xtal_36.cif,./Al13Sc3N16/47/xtal_36.cif,-107.99153,-10.252127
xtal_37.cif,./Al13Sc3N16/__initial__/47/xtal_37.cif,-83.08576,17.710981
xtal_38.cif,./Al13Sc3N16/47/xtal_38.cif,-62.829655,-43.116405
xtal_39.cif,./Al13Sc3N16/47/xtal_39.cif,-24.935555,4.0587306
xtal_4.cif,./Al13Sc3N16/__initial__/47/xtal_4.cif,-72.95036,-42.782627
xtal_40.cif,./Al13Sc3N16/47/xtal_40.cif,2.9621,35.948483
xtal_41.cif,./Al13Sc3N16/__initial__/47/xtal_41.cif,12.574902,17.334515
xtal_42.cif,./Al13Sc3N16/__initial__/47/xtal_42.cif,-6.955767,55.674755
xtal_43.cif,./Al13Sc3N16/__initial__/47/xtal_43.cif,-31.833746,-26.521536
xtal_44.cif,./Al13Sc3N16/__initial__/47/xtal_44.cif,-21.324465,80.81304
xtal_45.cif,./Al13Sc3N16/47/xtal_45.cif,-39.1098,34.266155
xtal_46.cif,./Al13Sc3N16/__initial__/47/xtal_46.cif,-9.051932,31.58315
xtal_47.cif,./Al13Sc3N16/__initial__/47/xtal_47.cif,-63.626675,-2.7999256
xtal_48.cif,./Al13Sc3N16/47/xtal_48.cif,-62.858322,29.030966
xtal_49.cif,./Al13Sc3N16/__initial__/47/xtal_49.cif,-11.968648,-20.639742
xtal_5.cif,./Al13Sc3N16/47/xtal_5.cif,-15.343821,80.06417
xtal_50.cif,./Al13Sc3N16/__initial__/47/xtal_50.cif,-39.770218,72.92033
xtal_51.cif,./Al13Sc3N16/47/xtal_51.cif,1.5514024,12.787123
xtal_52.cif,./Al13Sc3N16/47/xtal_52.cif,-67.31486,-74.10441
xtal_53.cif,./Al13Sc3N16/__initial__/47/xtal_53.cif,-20.209148,77.278595
xtal_54.cif,./Al13Sc3N16/47/xtal_54.cif,-61.681244,41.553726
xtal_55.cif,./Al13Sc3N16/47/xtal_55.cif,-40.286385,91.50304
xtal_56.cif,./Al13Sc3N16/47/xtal_56.cif,-19.251493,33.219906
xtal_57.cif,./Al13Sc3N16/__initial__/47/xtal_57.cif,-44.82414,25.00057
xtal_58.cif,./Al13Sc3N16/47/xtal_58.cif,-74.946655,-25.736135
xtal_59.cif,./Al13Sc3N16/__initial__/47/xtal_59.cif,-79.82706,34.203465
xtal_6.cif,./Al13Sc3N16/47/xtal_6.cif,-7.5858264,89.63165
xtal_60.cif,./Al13Sc3N16/47/xtal_60.cif,-0.92792225,27.58465
xtal_61.cif,./Al13Sc3N16/__initial__/47/xtal_61.cif,-49.05879,47.980816
xtal_62.cif,./Al13Sc3N16/__initial__/47/xtal_62.cif,-50.65321,-23.748009
xtal_63.cif,./Al13Sc3N16/47/xtal_63.cif,-21.069946,57.994614
xtal_64.cif,./Al13Sc3N16/__initial__/47/xtal_64.cif,-16.417469,37.01482
xtal_65.cif,./Al13Sc3N16/47/xtal_65.cif,15.47783,56.908535
xtal_66.cif,./Al13Sc3N16/__initial__/47/xtal_66.cif,-8.954516,-10.509689
xtal_67.cif,./Al13Sc3N16/47/xtal_67.cif,-35.713757,-63.441902
xtal_68.cif,./Al13Sc3N16/__initial__/47/xtal_68.cif,38.138927,69.36854
xtal_69.cif,./Al13Sc3N16/__initial__/47/xtal_69.cif,-84.71945,14.110433
xtal_7.cif,./Al13Sc3N16/47/xtal_7.cif,-50.605915,3.2593155
xtal_70.cif,./Al13Sc3N16/__initial__/47/xtal_70.cif,-25.927511,42.85523
xtal_71.cif,./Al13Sc3N16/__initial__/47/xtal_71.cif,-83.5156,-9.822819
xtal_72.cif,./Al13Sc3N16/47/xtal_72.cif,-8.351329,17.677847
xtal_73.cif,./Al13Sc3N16/47/xtal_73.cif,56.127132,12.27491
xtal_74.cif,./Al13Sc3N16/47/xtal_74.cif,13.354318,32.681217
xtal_75.cif,./Al13Sc3N16/47/xtal_75.cif,-28.940945,-0.15878567
xtal_76.cif,./Al13Sc3N16/__initial__/47/xtal_76.cif,-73.57308,-45.715656
xtal_77.cif,./Al13Sc3N16/__initial__/47/xtal_77.cif,-56.740902,-30.403463
xtal_78.cif,./Al13Sc3N16/47/xtal_78.cif,-83.94996,-3.8926961
xtal_79.cif,./Al13Sc3N16/__initial__/47/xtal_79.cif,8.501004,9.084686
xtal_8.cif,./Al13Sc3N16/47/xtal_8.cif,-25.709158,39.617504
xtal_80.cif,./Al13Sc3N16/__initial__/47/xtal_80.cif,-25.26458,-36.751083
xtal_81.cif,./Al13Sc3N16/__initial__/47/xtal_81.cif,41.68378,59.222805
xtal_82.cif,./Al13Sc3N16/__initial__/47/xtal_82.cif,-65.18653,53.752018
xtal_83.cif,./Al13Sc3N16/47/xtal_83.cif,-48.77834,-13.671513
xtal_84.cif,./Al13Sc3N16/47/xtal_84.cif,-68.98036,-26.982218
xtal_85.cif,./Al13Sc3N16/__initial__/47/xtal_85.cif,-59.340206,-4.3162165
xtal_86.cif,./Al13Sc3N16/47/xtal_86.cif,-1.9433609,-12.122254
xtal_87.cif,./Al13Sc3N16/__initial__/47/xtal_87.cif,-64.85415,6.0657616
xtal_88.cif,./Al13Sc3N16/__initial__/47/xtal_88.cif,-53.060875,5.741923
xtal_89.cif,./Al13Sc3N16/__initial__/47/xtal_89.cif,9.701966,37.849327
xtal_9.cif,./Al13Sc3N16/47/xtal_9.cif,20.59316,82.682594
xtal_90.cif,./Al13Sc3N16/47/xtal_90.cif,-74.487,-25.73852
xtal_91.cif,./Al13Sc3N16/47/xtal_91.cif,-27.050951,20.147854
xtal_92.cif,./Al13Sc3N16/47/xtal_92.cif,-7.356862,-22.632963
xtal_93.cif,./Al13Sc3N16/47/xtal_93.cif,0.7222847,68.9091
xtal_94.cif,./Al13Sc3N16/__initial__/47/xtal_94.cif,-81.034195,24.274572
xtal_95.cif,./Al13Sc3N16/47/xtal_95.cif,-7.2028127,-37.903744
xtal_96.cif,./Al13Sc3N16/47/xtal_96.cif,2.1925669,7.8467264
xtal_97.cif,./Al13Sc3N16/__initial__/47/xtal_97.cif,-60.8227,19.941422
xtal_98.cif,./Al13Sc3N16/47/xtal_98.cif,-35.362213,-0.5682372
xtal_99.cif,./Al13Sc3N16/47/xtal_99.cif,9.449296,32.979465
xtal_1.cif,./Al13Sc3N16/__initial__/48/xtal_1.cif,-72.148315,-34.21838
xtal_10.cif,./Al13Sc3N16/__initial__/48/xtal_10.cif,6.518534,37.8812
xtal_100.cif,./Al13Sc3N16/48/xtal_100.cif,9.486054,3.4062338
xtal_11.cif,./Al13Sc3N16/__initial__/48/xtal_11.cif,2.546887,32.631744
xtal_12.cif,./Al13Sc3N16/48/xtal_12.cif,-65.9653,17.188534
xtal_13.cif,./Al13Sc3N16/48/xtal_13.cif,-22.497917,-42.073
xtal_14.cif,./Al13Sc3N16/__initial__/48/xtal_14.cif,-48.91198,-10.4913845
xtal_15.cif,./Al13Sc3N16/__initial__/48/xtal_15.cif,-45.289085,-40.561283
xtal_16.cif,./Al13Sc3N16/__initial__/48/xtal_16.cif,-68.172295,12.473878
xtal_17.cif,./Al13Sc3N16/48/xtal_17.cif,52.22266,58.80072
xtal_18.cif,./Al13Sc3N16/48/xtal_18.cif,7.928295,-32.77903
xtal_19.cif,./Al13Sc3N16/48/xtal_19.cif,-7.6506634,43.280937
xtal_2.cif,./Al13Sc3N16/__initial__/48/xtal_2.cif,3.7428997,77.51881
xtal_20.cif,./Al13Sc3N16/48/xtal_20.cif,-50.013966,-22.322735
xtal_21.cif,./Al13Sc3N16/48/xtal_21.cif,-43.510666,-47.786564
xtal_22.cif,./Al13Sc3N16/48/xtal_22.cif,8.69308,-11.5581
xtal_23.cif,./Al13Sc3N16/__initial__/48/xtal_23.cif,41.84968,86.916214
xtal_24.cif,./Al13Sc3N16/__initial__/48/xtal_24.cif,28.87905,28.368519
xtal_25.cif,./Al13Sc3N16/48/xtal_25.cif,1.546885,-4.8582015
xtal_26.cif,./Al13Sc3N16/__initial__/48/xtal_26.cif,10.381839,79.44407
xtal_27.cif,./Al13Sc3N16/__initial__/48/xtal_27.cif,21.048708,83.15898
xtal_28.cif,./Al13Sc3N16/48/xtal_28.cif,-6.458346,13.098672
xtal_29.cif,./Al13Sc3N16/__initial__/48/xtal_29.cif,4.9644966,20.96079
xtal_3.cif,./Al13Sc3N16/__initial__/48/xtal_3.cif,42.586834,71.46939
xtal_30.cif,./Al13Sc3N16/__initial__/48/xtal_30.cif,47.16003,45.557472
xtal_31.cif,./Al13Sc3N16/48/xtal_31.cif,66.900925,61.35052
xtal_32.cif,./Al13Sc3N16/48/xtal_32.cif,-40.768208,-67.44475
xtal_33.cif,./Al13Sc3N16/__initial__/48/xtal_33.cif,-3.7717824,-9.97498
xtal_34.cif,./Al13Sc3N16/48/xtal_34.cif,-50.49757,24.78914
xtal_35.cif,./Al13Sc3N16/48/xtal_35.cif,-10.553125,-20.653915
xtal_36.cif,./Al13Sc3N16/48/xtal_36.cif,-30.691992,-41.92532
xtal_37.cif,./Al13Sc3N16/__initial__/48/xtal_37.cif,-95.23528,-13.006208
xtal_38.cif,./Al13Sc3N16/__initial__/48/xtal_38.cif,48.048058,38.743343
xtal_39.cif,./Al13Sc3N16/__initial__/48/xtal_39.cif,36.37575,17.811289
xtal_4.cif,./Al13Sc3N16/48/xtal_4.cif,58.29978,66.66546
xtal_40.cif,./Al13Sc3N16/__initial__/48/xtal_40.cif,7.334945,30.602232
xtal_41.cif,./Al13Sc3N16/__initial__/48/xtal_41.cif,-46.177364,60.208946
xtal_42.cif,./Al13Sc3N16/__initial__/48/xtal_42.cif,-47.08985,18.744432
xtal_43.cif,./Al13Sc3N16/48/xtal_43.cif,4.8877845,70.67
xtal_44.cif,./Al13Sc3N16/48/xtal_44.cif,3.755184,70.33026
xtal_45.cif,./Al13Sc3N16/48/xtal_45.cif,-54.254566,-49.238556
xtal_46.cif,./Al13Sc3N16/__initial__/48/xtal_46.cif,-4.3096447,-7.235102
xtal_47.cif,./Al13Sc3N16/48/xtal_47.cif,-11.608891,42.409927
xtal_48.cif,./Al13Sc3N16/48/xtal_48.cif,-11.8339405,6.3952136
xtal_49.cif,./Al13Sc3N16/__initial__/48/xtal_49.cif,-17.765419,-32.274986
xtal_5.cif,./Al13Sc3N16/__initial__/48/xtal_5.cif,38.500706,59.250546
xtal_50.cif,./Al13Sc3N16/__initial__/48/xtal_50.cif,-98.405365,-10.683253
xtal_51.cif,./Al13Sc3N16/__initial__/48/xtal_51.cif,-3.1636155,-32.552288
xtal_52.cif,./Al13Sc3N16/__initial__/48/xtal_52.cif,-22.067778,-2.1274757
xtal_53.cif,./Al13Sc3N16/48/xtal_53.cif,-13.459111,-37.555
xtal_54.cif,./Al13Sc3N16/48/xtal_54.cif,-81.18022,30.606987
xtal_55.cif,./Al13Sc3N16/__initial__/48/xtal_55.cif,-8.30695,15.819929
xtal_56.cif,./Al13Sc3N16/48/xtal_56.cif,11.940597,70.92548
xtal_57.cif,./Al13Sc3N16/__initial__/48/xtal_57.cif,13.557359,9.016813
xtal_58.cif,./Al13Sc3N16/__initial__/48/xtal_58.cif,-14.194105,-4.4981437
xtal_59.cif,./Al13Sc3N16/48/xtal_59.cif,-13.322234,-29.0407
xtal_6.cif,./Al13Sc3N16/__initial__/48/xtal_6.cif,-36.44723,30.132341
xtal_60.cif,./Al13Sc3N16/48/xtal_60.cif,-14.420935,-6.4460125
xtal_61.cif,./Al13Sc3N16/__initial__/48/xtal_61.cif,-8.090187,2.094058
xtal_62.cif,./Al13Sc3N16/__initial__/48/xtal_62.cif,49.03938,55.961338
xtal_63.cif,./Al13Sc3N16/48/xtal_63.cif,-65.68362,16.225212
xtal_64.cif,./Al13Sc3N16/__initial__/48/xtal_64.cif,-17.055296,-26.37433
xtal_65.cif,./Al13Sc3N16/__initial__/48/xtal_65.cif,-17.168259,-29.85266
xtal_66.cif,./Al13Sc3N16/48/xtal_66.cif,31.246752,35.95959
xtal_67.cif,./Al13Sc3N16/__initial__/48/xtal_67.cif,-65.83983,-45.548656
xtal_68.cif,./Al13Sc3N16/48/xtal_68.cif,-43.441147,-62.880844
xtal_69.cif,./Al13Sc3N16/48/xtal_69.cif,-11.525208,75.38453
xtal_7.cif,./Al13Sc3N16/48/xtal_7.cif,-3.8665037,-16.60581
xtal_70.cif,./Al13Sc3N16/48/xtal_70.cif,-55.419113,13.995528
xtal_71.cif,./Al13Sc3N16/48/xtal_71.cif,-51.197987,-14.63452
xtal_72.cif,./Al13Sc3N16/48/xtal_72.cif,-16.718561,1.7505075
xtal_73.cif,./Al13Sc3N16/__initial__/48/xtal_73.cif,18.573505,5.248832
xtal_74.cif,./Al13Sc3N16/__initial__/48/xtal_74.cif,-62.346115,-15.191805
xtal_75.cif,./Al13Sc3N16/__initial__/48/xtal_75.cif,15.425723,50.293015
xtal_76.cif,./Al13Sc3N16/48/xtal_76.cif,-54.15568,-33.363216
xtal_77.cif,./Al13Sc3N16/__initial__/48/xtal_77.cif,-49.92239,-23.364374
xtal_78.cif,./Al13Sc3N16/48/xtal_78.cif,-18.158453,-58.827297
xtal_79.cif,./Al13Sc3N16/48/xtal_79.cif,16.444128,76.63958
xtal_8.cif,./Al13Sc3N16/__initial__/48/xtal_8.cif,-39.354836,31.993233
xtal_80.cif,./Al13Sc3N16/48/xtal_80.cif,-102.0613,-20.352055
xtal_81.cif,./Al13Sc3N16/48/xtal_81.cif,-10.943395,22.995296
xtal_82.cif,./Al13Sc3N16/__initial__/48/xtal_82.cif,15.428006,8.57192
xtal_83.cif,./Al13Sc3N16/48/xtal_83.cif,-89.42504,-10.102618
xtal_84.cif,./Al13Sc3N16/__initial__/48/xtal_84.cif,17.015692,-6.2293544
xtal_85.cif,./Al13Sc3N16/48/xtal_85.cif,-31.045473,2.2698731
xtal_86.cif,./Al13Sc3N16/__initial__/48/xtal_86.cif,-56.07334,-32.782497
xtal_87.cif,./Al13Sc3N16/48/xtal_87.cif,-25.169094,-26.031153
xtal_88.cif,./Al13Sc3N16/__initial__/48/xtal_88.cif,-66.02874,42.88621
xtal_89.cif,./Al13Sc3N16/48/xtal_89.cif,32.802494,82.90788
xtal_9.cif,./Al13Sc3N16/48/xtal_9.cif,8.568295,6.1109757
xtal_90.cif,./Al13Sc3N16/48/xtal_90.cif,-45.7067,-25.3591
xtal_91.cif,./Al13Sc3N16/48/xtal_91.cif,-48.123142,-30.753641
xtal_92.cif,./Al13Sc3N16/__initial__/48/xtal_92.cif,19.608412,-3.7405093
xtal_93.cif,./Al13Sc3N16/48/xtal_93.cif,54.021347,72.59889
xtal_94.cif,./Al13Sc3N16/48/xtal_94.cif,-44.25979,-44.35928
xtal_95.cif,./Al13Sc3N16/__initial__/48/xtal_95.cif,-14.880486,9.914504
xtal_96.cif,./Al13Sc3N16/__initial__/48/xtal_96.cif,-103.18872,-0.6627392
xtal_97.cif,./Al13Sc3N16/__initial__/48/xtal_97.cif,-7.8115773,19.943903
xtal_98.cif,./Al13Sc3N16/__initial__/48/xtal_98.cif,44.079735,20.962591
xtal_99.cif,./Al13Sc3N16/48/xtal_99.cif,-14.622192,-48.045547
xtal_1.cif,./Al13Sc3N16/__initial__/49/xtal_1.cif,-55.99463,56.46999
xtal_10.cif,./Al13Sc3N16/__initial__/49/xtal_10.cif,-71.97718,11.024686
xtal_100.cif,./Al13Sc3N16/__initial__/49/xtal_100.cif,-46.74356,-34.722355
xtal_11.cif,./Al13Sc3N16/49/xtal_11.cif,36.986423,4.180957
xtal_12.cif,./Al13Sc3N16/__initial__/49/xtal_12.cif,-16.881508,-1.2633822
xtal_13.cif,./Al13Sc3N16/__initial__/49/xtal_13.cif,-23.820309,-22.220146
xtal_14.cif,./Al13Sc3N16/__initial__/49/xtal_14.cif,57.602043,69.05786
xtal_15.cif,./Al13Sc3N16/__initial__/49/xtal_15.cif,40.92241,86.94746
xtal_16.cif,./Al13Sc3N16/__initial__/49/xtal_16.cif,-60.639545,62.83798
xtal_17.cif,./Al13Sc3N16/__initial__/49/xtal_17.cif,42.098843,66.52837
xtal_18.cif,./Al13Sc3N16/__initial__/49/xtal_18.cif,3.910905,7.471444
xtal_19.cif,./Al13Sc3N16/49/xtal_19.cif,-11.738035,-6.8710537
xtal_2.cif,./Al13Sc3N16/__initial__/49/xtal_2.cif,-9.456098,-31.613935
xtal_20.cif,./Al13Sc3N16/49/xtal_20.cif,9.630168,88.5878
xtal_21.cif,./Al13Sc3N16/__initial__/49/xtal_21.cif,-48.262386,69.55574
xtal_22.cif,./Al13Sc3N16/__initial__/49/xtal_22.cif,8.051856,64.514145
xtal_23.cif,./Al13Sc3N16/49/xtal_23.cif,24.620115,25.08331
xtal_24.cif,./Al13Sc3N16/49/xtal_24.cif,-55.35602,-50.92798
xtal_25.cif,./Al13Sc3N16/__initial__/49/xtal_25.cif,-64.17365,61.886852
xtal_26.cif,./Al13Sc3N16/__initial__/49/xtal_26.cif,29.494495,57.958027
xtal_27.cif,./Al13Sc3N16/__initial__/49/xtal_27.cif,-27.185112,-0.58926743
xtal_28.cif,./Al13Sc3N16/49/xtal_28.cif,-23.741814,94.02965
xtal_29.cif,./Al13Sc3N16/49/xtal_29.cif,-42.405674,82.36932
xtal_3.cif,./Al13Sc3N16/49/xtal_3.cif,-16.346962,-1.8891807
xtal_30.cif,./Al13Sc3N16/49/xtal_30.cif,-58.072243,42.02912
xtal_31.cif,./Al13Sc3N16/49/xtal_31.cif,48.943924,55.813656
xtal_32.cif,./Al13Sc3N16/__initial__/49/xtal_32.cif,-15.367741,71.23578
xtal_33.cif,./Al13Sc3N16/__initial__/49/xtal_33.cif,-64.13084,-42.414993
xtal_34.cif,./Al13Sc3N16/__initial__/49/xtal_34.cif,-54.372658,-24.616743
xtal_35.cif,./Al13Sc3N16/__initial__/49/xtal_35.cif,14.058125,34.011024
xtal_36.cif,./Al13Sc3N16/49/xtal_36.cif,-28.336828,-64.81697
xtal_37.cif,./Al13Sc3N16/__initial__/49/xtal_37.cif,8.208061,51.008305
xtal_38.cif,./Al13Sc3N16/49/xtal_38.cif,-24.257666,93.78325
xtal_39.cif,./Al13Sc3N16/__initial__/49/xtal_39.cif,-41.213257,-7.915932
xtal_4.cif,./Al13Sc3N16/__initial__/49/xtal_4.cif,-55.68059,75.374825
xtal_40.cif,./Al13Sc3N16/49/xtal_40.cif,-22.531084,86.18817
xtal_41.cif,./Al13Sc3N16/49/xtal_41.cif,-33.881577,-66.768974
xtal_42.cif,./Al13Sc3N16/49/xtal_42.cif,-50.2954,22.460594
xtal_43.cif,./Al13Sc3N16/49/xtal_43.cif,-71.14551,-25.564491
xtal_44.cif,./Al13Sc3N16/__initial__/49/xtal_44.cif,-28.130249,-6.203325
xtal_45.cif,./Al13Sc3N16/__initial__/49/xtal_45.cif,-15.191762,-25.755203
xtal_46.cif,./Al13Sc3N16/49/xtal_46.cif,-40.506046,25.627583
xtal_47.cif,./Al13Sc3N16/49/xtal_47.cif,-31.873962,37.25017
xtal_48.cif,./Al13Sc3N16/49/xtal_48.cif,-66.86105,41.722923
xtal_49.cif,./Al13Sc3N16/49/xtal_49.cif,-5.1554465,-24.098618
xtal_5.cif,./Al13Sc3N16/__initial__/49/xtal_5.cif,-6.080601,-6.4936056
xtal_50.cif,./Al13Sc3N16/__initial__/49/xtal_50.cif,-58.889275,86.41255
xtal_51.cif,./Al13Sc3N16/49/xtal_51.cif,-71.597916,11.170258
xtal_52.cif,./Al13Sc3N16/49/xtal_52.cif,-74.82934,-19.227808
xtal_53.cif,./Al13Sc3N16/49/xtal_53.cif,-26.325617,51.663986
xtal_54.cif,./Al13Sc3N16/__initial__/49/xtal_54.cif,-26.355118,36.06084
xtal_55.cif,./Al13Sc3N16/49/xtal_55.cif,-27.417305,85.10372
xtal_56.cif,./Al13Sc3N16/49/xtal_56.cif,-17.413185,-17.316217
xtal_57.cif,./Al13Sc3N16/__initial__/49/xtal_57.cif,-51.34337,26.621891
xtal_58.cif,./Al13Sc3N16/49/xtal_58.cif,2.763635,-19.33239
xtal_59.cif,./Al13Sc3N16/__initial__/49/xtal_59.cif,-69.46354,-11.595589
xtal_6.cif,./Al13Sc3N16/49/xtal_6.cif,-51.733765,17.89308
xtal_60.cif,./Al13Sc3N16/49/xtal_60.cif,-49.587337,50.68342
xtal_61.cif,./Al13Sc3N16/__initial__/49/xtal_61.cif,-74.01666,-39.958847
xtal_62.cif,./Al13Sc3N16/__initial__/49/xtal_62.cif,-68.248375,-24.790733
xtal_63.cif,./Al13Sc3N16/49/xtal_63.cif,-24.709095,69.52442
xtal_64.cif,./Al13Sc3N16/49/xtal_64.cif,-10.836769,45.019066
xtal_65.cif,./Al13Sc3N16/49/xtal_65.cif,-4.4529057,-25.558632
xtal_66.cif,./Al13Sc3N16/49/xtal_66.cif,-44.764076,-5.709843
xtal_67.cif,./Al13Sc3N16/__initial__/49/xtal_67.cif,-52.150173,66.25036
xtal_68.cif,./Al13Sc3N16/__initial__/49/xtal_68.cif,-25.11696,7.440185
xtal_69.cif,./Al13Sc3N16/49/xtal_69.cif,-27.919584,5.223198
xtal_7.cif,./Al13Sc3N16/49/xtal_7.cif,-9.057993,31.263876
xtal_70.cif,./Al13Sc3N16/49/xtal_70.cif,67.85145,60.29216
xtal_71.cif,./Al13Sc3N16/49/xtal_71.cif,-27.12166,-1.9101384
xtal_72.cif,./Al13Sc3N16/__initial__/49/xtal_72.cif,-58.977398,71.74973
xtal_73.cif,./Al13Sc3N16/49/xtal_73.cif,-38.351643,90.58189
xtal_74.cif,./Al13Sc3N16/__initial__/49/xtal_74.cif,-7.0069685,-29.985998
xtal_75.cif,./Al13Sc3N16/__initial__/49/xtal_75.cif,23.838947,44.551064
xtal_76.cif,./Al13Sc3N16/49/xtal_76.cif,31.139648,55.851818
xtal_77.cif,./Al13Sc3N16/__initial__/49/xtal_77.cif,-11.49767,66.62077
xtal_78.cif,./Al13Sc3N16/49/xtal_78.cif,-4.3491173,0.7681964
xtal_79.cif,./Al13Sc3N16/__initial__/49/xtal_79.cif,-29.21282,-7.4431887
xtal_8.cif,./Al13Sc3N16/__initial__/49/xtal_8.cif,-87.511696,37.31913
xtal_80.cif,./Al13Sc3N16/49/xtal_80.cif,-74.38033,48.412518
xtal_81.cif,./Al13Sc3N16/__initial__/49/xtal_81.cif,-2.918436,-1.183669
xtal_82.cif,./Al13Sc3N16/49/xtal_82.cif,8.86487,22.57906
xtal_83.cif,./Al13Sc3N16/49/xtal_83.cif,-49.224033,53.944847
xtal_84.cif,./Al13Sc3N16/__initial__/49/xtal_84.cif,-44.660538,84.51009
xtal_85.cif,./Al13Sc3N16/49/xtal_85.cif,15.729779,-4.2186704
xtal_86.cif,./Al13Sc3N16/__initial__/49/xtal_86.cif,-4.31512,77.78205
xtal_87.cif,./Al13Sc3N16/__initial__/49/xtal_87.cif,-6.787982,52.610767
xtal_88.cif,./Al13Sc3N16/49/xtal_88.cif,-47.032425,-24.622183
xtal_89.cif,./Al13Sc3N16/__initial__/49/xtal_89.cif,-54.99367,65.80384
xtal_9.cif,./Al13Sc3N16/49/xtal_9.cif,-38.597275,-13.9217205
xtal_90.cif,./Al13Sc3N16/49/xtal_90.cif,36.863632,63.06813
xtal_91.cif,./Al13Sc3N16/__initial__/49/xtal_91.cif,-10.883121,50.734314
xtal_92.cif,./Al13Sc3N16/49/xtal_92.cif,-19.371939,-45.685177
xtal_93.cif,./Al13Sc3N16/__initial__/49/xtal_93.cif,-19.139215,88.9695
xtal_94.cif,./Al13Sc3N16/__initial__/49/xtal_94.cif,3.8236089,89.848236
xtal_95.cif,./Al13Sc3N16/__initial__/49/xtal_95.cif,-71.23402,-25.840942
xtal_96.cif,./Al13Sc3N16/__initial__/49/xtal_96.cif,-81.24214,-19.230844
xtal_97.cif,./Al13Sc3N16/49/xtal_97.cif,54.55677,62.822517
xtal_98.cif,./Al13Sc3N16/49/xtal_98.cif,-31.813093,37.080784
xtal_99.cif,./Al13Sc3N16/49/xtal_99.cif,-74.7576,45.510498
xtal_1.cif,./Al13Sc3N16/50/xtal_1.cif,-16.92811,22.572626
xtal_10.cif,./Al13Sc3N16/50/xtal_10.cif,-21.906578,-12.240704
xtal_100.cif,./Al13Sc3N16/50/xtal_100.cif,3.6200383,77.42177
xtal_11.cif,./Al13Sc3N16/__initial__/50/xtal_11.cif,-3.731783,58.028286
xtal_12.cif,./Al13Sc3N16/__initial__/50/xtal_12.cif,-90.68921,-24.513332
xtal_13.cif,./Al13Sc3N16/50/xtal_13.cif,-12.871002,48.60169
xtal_14.cif,./Al13Sc3N16/50/xtal_14.cif,-54.258392,24.326847
xtal_15.cif,./Al13Sc3N16/__initial__/50/xtal_15.cif,53.8566,77.60411
xtal_16.cif,./Al13Sc3N16/__initial__/50/xtal_16.cif,-58.69435,48.85462
xtal_17.cif,./Al13Sc3N16/__initial__/50/xtal_17.cif,-54.497246,52.48459
xtal_18.cif,./Al13Sc3N16/__initial__/50/xtal_18.cif,-83.118614,48.70972
xtal_19.cif,./Al13Sc3N16/__initial__/50/xtal_19.cif,-6.433136,36.26134
xtal_2.cif,./Al13Sc3N16/50/xtal_2.cif,-4.01025,62.27591
xtal_20.cif,./Al13Sc3N16/__initial__/50/xtal_20.cif,-5.713423,52.98054
xtal_21.cif,./Al13Sc3N16/__initial__/50/xtal_21.cif,28.224073,23.620493
xtal_22.cif,./Al13Sc3N16/__initial__/50/xtal_22.cif,-25.784096,-9.230864
xtal_23.cif,./Al13Sc3N16/50/xtal_23.cif,45.646515,54.600117
xtal_24.cif,./Al13Sc3N16/50/xtal_24.cif,47.945095,61.005318
xtal_25.cif,./Al13Sc3N16/__initial__/50/xtal_25.cif,17.116035,91.58178
xtal_26.cif,./Al13Sc3N16/__initial__/50/xtal_26.cif,32.18573,18.004866
xtal_27.cif,./Al13Sc3N16/50/xtal_27.cif,-97.55449,-24.331963
xtal_28.cif,./Al13Sc3N16/__initial__/50/xtal_28.cif,18.87478,38.430992
xtal_29.cif,./Al13Sc3N16/50/xtal_29.cif,-25.535713,82.77568
xtal_3.cif,./Al13Sc3N16/__initial__/50/xtal_3.cif,-35.834015,86.528824
xtal_30.cif,./Al13Sc3N16/__initial__/50/xtal_30.cif,-31.79782,-38.957592
xtal_31.cif,./Al13Sc3N16/50/xtal_31.cif,-0.99089944,-14.688233
xtal_32.cif,./Al13Sc3N16/50/xtal_32.cif,13.303457,36.880474
xtal_33.cif,./Al13Sc3N16/__initial__/50/xtal_33.cif,46.543922,41.22328
xtal_34.cif,./Al13Sc3N16/50/xtal_34.cif,-48.437347,6.884878
xtal_35.cif,./Al13Sc3N16/50/xtal_35.cif,-32.285156,55.50412
xtal_36.cif,./Al13Sc3N16/50/xtal_36.cif,21.349289,45.016754
xtal_37.cif,./Al13Sc3N16/__initial__/50/xtal_37.cif,-30.655539,-43.119442
xtal_38.cif,./Al13Sc3N16/50/xtal_38.cif,-17.030012,-25.687033
xtal_39.cif,./Al13Sc3N16/50/xtal_39.cif,-11.071617,4.294696
xtal_4.cif,./Al13Sc3N16/50/xtal_4.cif,56.069977,72.39573
xtal_40.cif,./Al13Sc3N16/__initial__/50/xtal_40.cif,24.840397,-12.187329
xtal_41.cif,./Al13Sc3N16/__initial__/50/xtal_41.cif,-61.501617,87.35715
xtal_42.cif,./Al13Sc3N16/50/xtal_42.cif,-52.07032,54.293785
xtal_43.cif,./Al13Sc3N16/50/xtal_43.cif,1.1936535,-12.114811
xtal_44.cif,./Al13Sc3N16/50/xtal_44.cif,29.576075,43.79841
xtal_45.cif,./Al13Sc3N16/50/xtal_45.cif,-69.677284,-45.68412
xtal_46.cif,./Al13Sc3N16/__initial__/50/xtal_46.cif,-92.06402,4.381243
xtal_47.cif,./Al13Sc3N16/50/xtal_47.cif,30.123407,97.32057
xtal_48.cif,./Al13Sc3N16/__initial__/50/xtal_48.cif,60.597164,65.390686
xtal_49.cif,./Al13Sc3N16/50/xtal_49.cif,-20.84711,4.0365167
xtal_5.cif,./Al13Sc3N16/50/xtal_5.cif,-31.33738,89.96972
xtal_50.cif,./Al13Sc3N16/50/xtal_50.cif,26.492067,3.8335514
xtal_51.cif,./Al13Sc3N16/__initial__/50/xtal_51.cif,-13.581257,7.0822353
xtal_52.cif,./Al13Sc3N16/50/xtal_52.cif,-100.04875,-15.668039
xtal_53.cif,./Al13Sc3N16/__initial__/50/xtal_53.cif,-39.350002,34.297134
xtal_54.cif,./Al13Sc3N16/__initial__/50/xtal_54.cif,-76.560875,21.11648
xtal_55.cif,./Al13Sc3N16/__initial__/50/xtal_55.cif,-21.063622,-5.8069596
xtal_56.cif,./Al13Sc3N16/50/xtal_56.cif,-92.61748,3.906939
xtal_57.cif,./Al13Sc3N16/50/xtal_57.cif,-28.113443,90.122246
xtal_58.cif,./Al13Sc3N16/__initial__/50/xtal_58.cif,1.3228089,57.418552
xtal_59.cif,./Al13Sc3N16/__initial__/50/xtal_59.cif,4.7530923,0.7034836
xtal_6.cif,./Al13Sc3N16/__initial__/50/xtal_6.cif,25.877077,40.857807
xtal_60.cif,./Al13Sc3N16/50/xtal_60.cif,17.452814,91.81274
xtal_61.cif,./Al13Sc3N16/50/xtal_61.cif,-45.390667,-24.851656
xtal_62.cif,./Al13Sc3N16/__initial__/50/xtal_62.cif,-3.442158,74.063095
xtal_63.cif,./Al13Sc3N16/50/xtal_63.cif,10.987482,84.57149
xtal_64.cif,./Al13Sc3N16/__initial__/50/xtal_64.cif,-78.6415,-63.37095
xtal_65.cif,./Al13Sc3N16/50/xtal_65.cif,-18.212408,-6.591108
xtal_66.cif,./Al13Sc3N16/__initial__/50/xtal_66.cif,-38.40852,-2.0122921
xtal_67.cif,./Al13Sc3N16/50/xtal_67.cif,-32.00309,92.99937
xtal_68.cif,./Al13Sc3N16/__initial__/50/xtal_68.cif,-14.624194,76.241585
xtal_69.cif,./Al13Sc3N16/50/xtal_69.cif,-60.43136,-43.229588
xtal_7.cif,./Al13Sc3N16/__initial__/50/xtal_7.cif,15.608844,56.809673
xtal_70.cif,./Al13Sc3N16/__initial__/50/xtal_70.cif,-65.54965,17.971699
xtal_71.cif,./Al13Sc3N16/__initial__/50/xtal_71.cif,46.80852,47.17402
xtal_72.cif,./Al13Sc3N16/50/xtal_72.cif,-24.14311,93.662766
xtal_73.cif,./Al13Sc3N16/50/xtal_73.cif,-40.497284,-50.559994
xtal_74.cif,./Al13Sc3N16/50/xtal_74.cif,-27.082672,-69.967896
xtal_75.cif,./Al13Sc3N16/50/xtal_75.cif,-6.439267,81.75554
xtal_76.cif,./Al13Sc3N16/__initial__/50/xtal_76.cif,-49.301662,-44.73165
xtal_77.cif,./Al13Sc3N16/50/xtal_77.cif,-11.787709,22.031038
xtal_78.cif,./Al13Sc3N16/50/xtal_78.cif,24.43067,28.45564
xtal_79.cif,./Al13Sc3N16/50/xtal_79.cif,-30.224022,86.54761
xtal_8.cif,./Al13Sc3N16/__initial__/50/xtal_8.cif,-68.619576,-20.424397
xtal_80.cif,./Al13Sc3N16/50/xtal_80.cif,-63.598686,42.945156
xtal_81.cif,./Al13Sc3N16/50/xtal_81.cif,10.527443,44.86529
xtal_82.cif,./Al13Sc3N16/50/xtal_82.cif,-26.87584,-52.426155
xtal_83.cif,./Al13Sc3N16/__initial__/50/xtal_83.cif,47.76832,65.14838
xtal_84.cif,./Al13Sc3N16/__initial__/50/xtal_84.cif,-49.401566,-11.003561
xtal_85.cif,./Al13Sc3N16/__initial__/50/xtal_85.cif,-0.29095975,81.30524
xtal_86.cif,./Al13Sc3N16/__initial__/50/xtal_86.cif,-25.909729,-47.075447
xtal_87.cif,./Al13Sc3N16/__initial__/50/xtal_87.cif,-3.2520537,55.30064
xtal_88.cif,./Al13Sc3N16/__initial__/50/xtal_88.cif,-94.48121,1.646229
xtal_89.cif,./Al13Sc3N16/__initial__/50/xtal_89.cif,-59.554905,65.671364
xtal_9.cif,./Al13Sc3N16/50/xtal_9.cif,-1.5560755,45.44252
xtal_90.cif,./Al13Sc3N16/__initial__/50/xtal_90.cif,-60.778862,67.3721
xtal_91.cif,./Al13Sc3N16/__initial__/50/xtal_91.cif,61.78776,61.74132
xtal_92.cif,./Al13Sc3N16/__initial__/50/xtal_92.cif,6.1376333,61.354168
xtal_93.cif,./Al13Sc3N16/50/xtal_93.cif,-34.73842,-53.097008
xtal_94.cif,./Al13Sc3N16/__initial__/50/xtal_94.cif,-76.34074,-32.08233
xtal_95.cif,./Al13Sc3N16/50/xtal_95.cif,27.479374,82.080376
xtal_96.cif,./Al13Sc3N16/__initial__/50/xtal_96.cif,-17.284824,-11.446639
xtal_97.cif,./Al13Sc3N16/50/xtal_97.cif,-13.987684,0.05428747
xtal_98.cif,./Al13Sc3N16/__initial__/50/xtal_98.cif,-9.913691,80.51156
xtal_99.cif,./Al13Sc3N16/50/xtal_99.cif,-7.428292,26.404451
xtal_1.cif,./Al13Sc3N16/51/xtal_1.cif,-11.857309,-6.743978
xtal_10.cif,./Al13Sc3N16/__initial__/51/xtal_10.cif,-72.272224,85.75418
xtal_100.cif,./Al13Sc3N16/__initial__/51/xtal_100.cif,49.359165,41.1205
xtal_11.cif,./Al13Sc3N16/51/xtal_11.cif,10.128297,52.737885
xtal_12.cif,./Al13Sc3N16/51/xtal_12.cif,15.936704,-5.5869465
xtal_13.cif,./Al13Sc3N16/__initial__/51/xtal_13.cif,-38.70785,44.447205
xtal_14.cif,./Al13Sc3N16/__initial__/51/xtal_14.cif,39.265823,86.11382
xtal_15.cif,./Al13Sc3N16/__initial__/51/xtal_15.cif,-78.206314,-20.85183
xtal_16.cif,./Al13Sc3N16/51/xtal_16.cif,40.08501,57.640907
xtal_17.cif,./Al13Sc3N16/51/xtal_17.cif,6.989233,3.3951583
xtal_18.cif,./Al13Sc3N16/__initial__/51/xtal_18.cif,-38.44697,-13.510503
xtal_19.cif,./Al13Sc3N16/__initial__/51/xtal_19.cif,-3.3915212,76.46164
xtal_2.cif,./Al13Sc3N16/51/xtal_2.cif,-36.68168,-1.874907
xtal_20.cif,./Al13Sc3N16/51/xtal_20.cif,-24.919327,38.761932
xtal_21.cif,./Al13Sc3N16/51/xtal_21.cif,-2.397149,-8.944826
xtal_22.cif,./Al13Sc3N16/51/xtal_22.cif,12.488493,73.068886
xtal_23.cif,./Al13Sc3N16/51/xtal_23.cif,-27.858149,-52.727673
xtal_24.cif,./Al13Sc3N16/__initial__/51/xtal_24.cif,1.4154449,20.620684
xtal_25.cif,./Al13Sc3N16/__initial__/51/xtal_25.cif,-26.625977,-14.056553
xtal_26.cif,./Al13Sc3N16/51/xtal_26.cif,-36.381233,-67.042984
xtal_27.cif,./Al13Sc3N16/__initial__/51/xtal_27.cif,-6.8565025,24.532
xtal_28.cif,./Al13Sc3N16/51/xtal_28.cif,-38.746445,28.442139
xtal_29.cif,./Al13Sc3N16/__initial__/51/xtal_29.cif,-30.739744,-64.89006
xtal_3.cif,./Al13Sc3N16/__initial__/51/xtal_3.cif,-77.47004,2.5990064
xtal_30.cif,./Al13Sc3N16/51/xtal_30.cif,-6.607693,81.82031
xtal_31.cif,./Al13Sc3N16/__initial__/51/xtal_31.cif,47.43124,60.451298
xtal_32.cif,./Al13Sc3N16/51/xtal_32.cif,-66.1475,43.574707
xtal_33.cif,./Al13Sc3N16/51/xtal_33.cif,38.713203,29.433989
xtal_34.cif,./Al13Sc3N16/__initial__/51/xtal_34.cif,-81.50165,17.077854
xtal_35.cif,./Al13Sc3N16/__initial__/51/xtal_35.cif,-33.32494,-7.052147
xtal_36.cif,./Al13Sc3N16/__initial__/51/xtal_36.cif,-53.063736,-10.223436
xtal_37.cif,./Al13Sc3N16/51/xtal_37.cif,-16.068409,50.780483
xtal_38.cif,./Al13Sc3N16/51/xtal_38.cif,17.701342,39.61649
xtal_39.cif,./Al13Sc3N16/51/xtal_39.cif,13.636066,15.276374
xtal_4.cif,./Al13Sc3N16/__initial__/51/xtal_4.cif,37.361576,77.88657
xtal_40.cif,./Al13Sc3N16/51/xtal_40.cif,-18.551306,88.288345
xtal_41.cif,./Al13Sc3N16/51/xtal_41.cif,53.097305,58.618725
xtal_42.cif,./Al13Sc3N16/__initial__/51/xtal_42.cif,2.9638882,46.884575
xtal_43.cif,./Al13Sc3N16/51/xtal_43.cif,15.296426,21.892931
xtal_44.cif,./Al13Sc3N16/__initial__/51/xtal_44.cif,12.064237,70.4105
xtal_45.cif,./Al13Sc3N16/__initial__/51/xtal_45.cif,-47.533894,55.903778
xtal_46.cif,./Al13Sc3N16/__initial__/51/xtal_46.cif,-47.120953,15.070818
xtal_47.cif,./Al13Sc3N16/__initial__/51/xtal_47.cif,-16.187622,38.672634
xtal_48.cif,./Al13Sc3N16/51/xtal_48.cif,-30.127518,-13.871798
xtal_49.cif,./Al13Sc3N16/51/xtal_49.cif,-24.621044,-12.067127
xtal_5.cif,./Al13Sc3N16/51/xtal_5.cif,0.14950544,35.607334
xtal_50.cif,./Al13Sc3N16/__initial__/51/xtal_50.cif,-24.736837,78.895
xtal_51.cif,./Al13Sc3N16/51/xtal_51.cif,-51.770977,25.610199
xtal_52.cif,./Al13Sc3N16/51/xtal_52.cif,-54.291363,-15.179542
xtal_53.cif,./Al13Sc3N16/51/xtal_53.cif,22.591097,6.119309
xtal_54.cif,./Al13Sc3N16/51/xtal_54.cif,-42.567738,39.768097
xtal_55.cif,./Al13Sc3N16/__initial__/51/xtal_55.cif,21.206942,93.33506
xtal_56.cif,./Al13Sc3N16/__initial__/51/xtal_56.cif,10.224821,53.620365
xtal_57.cif,./Al13Sc3N16/__initial__/51/xtal_57.cif,47.001846,63.200577
xtal_58.cif,./Al13Sc3N16/__initial__/51/xtal_58.cif,-67.50304,52.3995
xtal_59.cif,./Al13Sc3N16/51/xtal_59.cif,-28.637138,82.06098
xtal_6.cif,./Al13Sc3N16/__initial__/51/xtal_6.cif,-54.474392,-35.92985
xtal_60.cif,./Al13Sc3N16/51/xtal_60.cif,-36.959267,19.174358
xtal_61.cif,./Al13Sc3N16/__initial__/51/xtal_61.cif,-49.147953,13.1684675
xtal_62.cif,./Al13Sc3N16/__initial__/51/xtal_62.cif,-38.933933,71.836266
xtal_63.cif,./Al13Sc3N16/51/xtal_63.cif,-79.663704,-39.855682
xtal_64.cif,./Al13Sc3N16/__initial__/51/xtal_64.cif,13.797366,7.926274
xtal_65.cif,./Al13Sc3N16/__initial__/51/xtal_65.cif,-4.1021967,66.95653
xtal_66.cif,./Al13Sc3N16/51/xtal_66.cif,47.939842,66.88618
xtal_67.cif,./Al13Sc3N16/__initial__/51/xtal_67.cif,-41.609997,-22.160902
xtal_68.cif,./Al13Sc3N16/51/xtal_68.cif,13.991819,68.1453
xtal_69.cif,./Al13Sc3N16/__initial__/51/xtal_69.cif,58.70211,57.0113
xtal_7.cif,./Al13Sc3N16/__initial__/51/xtal_7.cif,30.452503,46.90101
xtal_70.cif,./Al13Sc3N16/51/xtal_70.cif,-72.60016,-34.127052
xtal_71.cif,./Al13Sc3N16/__initial__/51/xtal_71.cif,20.798395,24.41592
xtal_72.cif,./Al13Sc3N16/51/xtal_72.cif,-59.317448,-45.808437
xtal_73.cif,./Al13Sc3N16/51/xtal_73.cif,-13.384753,-9.289655
xtal_74.cif,./Al13Sc3N16/51/xtal_74.cif,-59.165836,33.10776
xtal_75.cif,./Al13Sc3N16/__initial__/51/xtal_75.cif,-38.65636,80.467674
xtal_76.cif,./Al13Sc3N16/51/xtal_76.cif,-39.702744,-21.726406
xtal_77.cif,./Al13Sc3N16/51/xtal_77.cif,42.62636,27.75636
xtal_78.cif,./Al13Sc3N16/51/xtal_78.cif,-74.20186,11.62852
xtal_79.cif,./Al13Sc3N16/51/xtal_79.cif,2.44432,-2.259535
xtal_8.cif,./Al13Sc3N16/__initial__/51/xtal_8.cif,-10.051989,88.24472
xtal_80.cif,./Al13Sc3N16/__initial__/51/xtal_80.cif,-38.7498,-8.147801
xtal_81.cif,./Al13Sc3N16/__initial__/51/xtal_81.cif,-31.63554,-19.937296
xtal_82.cif,./Al13Sc3N16/__initial__/51/xtal_82.cif,-51.456703,41.093666
xtal_83.cif,./Al13Sc3N16/__initial__/51/xtal_83.cif,49.722267,54.863766
xtal_84.cif,./Al13Sc3N16/__initial__/51/xtal_84.cif,-38.519135,-0.14616212
xtal_85.cif,./Al13Sc3N16/51/xtal_85.cif,14.1503935,33.07379
xtal_86.cif,./Al13Sc3N16/51/xtal_86.cif,18.979208,36.989574
xtal_87.cif,./Al13Sc3N16/51/xtal_87.cif,-3.023247,13.629954
xtal_88.cif,./Al13Sc3N16/__initial__/51/xtal_88.cif,-71.50952,46.741436
xtal_89.cif,./Al13Sc3N16/__initial__/51/xtal_89.cif,-9.058268,77.59146
xtal_9.cif,./Al13Sc3N16/51/xtal_9.cif,13.128287,32.53283
xtal_90.cif,./Al13Sc3N16/51/xtal_90.cif,-56.092472,48.123936
xtal_91.cif,./Al13Sc3N16/51/xtal_91.cif,15.188785,-6.849399
xtal_92.cif,./Al13Sc3N16/__initial__/51/xtal_92.cif,-37.113308,29.96014
xtal_93.cif,./Al13Sc3N16/__initial__/51/xtal_93.cif,4.7844143,85.34929
xtal_94.cif,./Al13Sc3N16/__initial__/51/xtal_94.cif,-50.18457,59.32968
xtal_95.cif,./Al13Sc3N16/51/xtal_95.cif,43.163918,30.19053
xtal_96.cif,./Al13Sc3N16/51/xtal_96.cif,-59.845333,40.734764
xtal_97.cif,./Al13Sc3N16/51/xtal_97.cif,-29.172394,-43.54382
xtal_98.cif,./Al13Sc3N16/__initial__/51/xtal_98.cif,-7.98638,26.61394
xtal_99.cif,./Al13Sc3N16/__initial__/51/xtal_99.cif,-9.416462,54.34351
xtal_1.cif,./Al13Sc3N16/__initial__/53/xtal_1.cif,-9.805173,47.60495
xtal_10.cif,./Al13Sc3N16/__initial__/53/xtal_10.cif,-28.32522,88.07513
xtal_100.cif,./Al13Sc3N16/__initial__/53/xtal_100.cif,-33.739803,-49.683586
xtal_11.cif,./Al13Sc3N16/53/xtal_11.cif,-96.93274,0.8568944
xtal_12.cif,./Al13Sc3N16/53/xtal_12.cif,-46.65609,92.06864
xtal_13.cif,./Al13Sc3N16/__initial__/53/xtal_13.cif,-19.841276,-5.579836
xtal_14.cif,./Al13Sc3N16/53/xtal_14.cif,-96.17104,-51.91485
xtal_15.cif,./Al13Sc3N16/53/xtal_15.cif,-7.6575418,66.72932
xtal_16.cif,./Al13Sc3N16/__initial__/53/xtal_16.cif,-28.068129,-11.879221
xtal_17.cif,./Al13Sc3N16/__initial__/53/xtal_17.cif,-6.424882,15.990241
xtal_18.cif,./Al13Sc3N16/__initial__/53/xtal_18.cif,-16.883163,-3.839692
xtal_19.cif,./Al13Sc3N16/__initial__/53/xtal_19.cif,-51.52891,-44.699974
xtal_2.cif,./Al13Sc3N16/53/xtal_2.cif,-31.959255,-53.776875
xtal_20.cif,./Al13Sc3N16/__initial__/53/xtal_20.cif,-91.10761,-8.767904
xtal_21.cif,./Al13Sc3N16/__initial__/53/xtal_21.cif,31.444395,64.05849
xtal_22.cif,./Al13Sc3N16/53/xtal_22.cif,-80.23927,50.451817
xtal_23.cif,./Al13Sc3N16/__initial__/53/xtal_23.cif,-26.001747,77.430786
xtal_24.cif,./Al13Sc3N16/__initial__/53/xtal_24.cif,-27.97286,-22.976963
xtal_25.cif,./Al13Sc3N16/__initial__/53/xtal_25.cif,42.212646,69.69189
xtal_26.cif,./Al13Sc3N16/53/xtal_26.cif,-41.23245,31.58702
xtal_27.cif,./Al13Sc3N16/__initial__/53/xtal_27.cif,-50.93957,17.47332
xtal_28.cif,./Al13Sc3N16/53/xtal_28.cif,-25.370632,41.8386
xtal_29.cif,./Al13Sc3N16/53/xtal_29.cif,-23.878393,-5.374517
xtal_3.cif,./Al13Sc3N16/__initial__/53/xtal_3.cif,-9.48895,19.697979
xtal_30.cif,./Al13Sc3N16/__initial__/53/xtal_30.cif,6.396752,-1.7903179
xtal_31.cif,./Al13Sc3N16/__initial__/53/xtal_31.cif,36.560936,27.790573
xtal_32.cif,./Al13Sc3N16/53/xtal_32.cif,23.991474,4.0849266
xtal_33.cif,./Al13Sc3N16/__initial__/53/xtal_33.cif,29.031864,33.766373
xtal_34.cif,./Al13Sc3N16/__initial__/53/xtal_34.cif,-81.23695,18.992226
xtal_35.cif,./Al13Sc3N16/53/xtal_35.cif,-29.971506,73.07951
xtal_36.cif,./Al13Sc3N16/__initial__/53/xtal_36.cif,14.729539,47.974228
xtal_37.cif,./Al13Sc3N16/__initial__/53/xtal_37.cif,-95.27868,-15.123014
xtal_38.cif,./Al13Sc3N16/53/xtal_38.cif,-29.357758,-25.9139
xtal_39.cif,./Al13Sc3N16/__initial__/53/xtal_39.cif,-84.317604,-19.384783
xtal_4.cif,./Al13Sc3N16/53/xtal_4.cif,-83.171486,-60.749474
xtal_40.cif,./Al13Sc3N16/__initial__/53/xtal_40.cif,-50.046,35.737415
xtal_41.cif,./Al13Sc3N16/53/xtal_41.cif,6.846302,19.842419
xtal_42.cif,./Al13Sc3N16/__initial__/53/xtal_42.cif,37.935734,26.463718
xtal_43.cif,./Al13Sc3N16/__initial__/53/xtal_43.cif,-66.16548,35.186825
xtal_44.cif,./Al13Sc3N16/__initial__/53/xtal_44.cif,0.23030387,70.69886
xtal_45.cif,./Al13Sc3N16/53/xtal_45.cif,-37.135094,38.073746
xtal_46.cif,./Al13Sc3N16/__initial__/53/xtal_46.cif,28.350319,62.785484
xtal_47.cif,./Al13Sc3N16/53/xtal_47.cif,22.648209,6.034789
xtal_48.cif,./Al13Sc3N16/53/xtal_48.cif,-46.871597,-2.5197852
xtal_49.cif,./Al13Sc3N16/53/xtal_49.cif,-92.1721,-20.550806
xtal_5.cif,./Al13Sc3N16/53/xtal_5.cif,27.87391,38.67998
xtal_50.cif,./Al13Sc3N16/53/xtal_50.cif,26.362337,23.560911
xtal_51.cif,./Al13Sc3N16/53/xtal_51.cif,-49.388515,43.05327
xtal_52.cif,./Al13Sc3N16/__initial__/53/xtal_52.cif,-25.963276,-44.272274
xtal_53.cif,./Al13Sc3N16/__initial__/53/xtal_53.cif,-15.318636,-22.70981
xtal_54.cif,./Al13Sc3N16/__initial__/53/xtal_54.cif,15.773069,41.62715
xtal_55.cif,./Al13Sc3N16/__initial__/53/xtal_55.cif,-54.93279,-48.68179
xtal_56.cif,./Al13Sc3N16/__initial__/53/xtal_56.cif,27.396074,27.721668
xtal_57.cif,./Al13Sc3N16/53/xtal_57.cif,-67.59211,-24.101227
xtal_58.cif,./Al13Sc3N16/__initial__/53/xtal_58.cif,-57.803104,14.284422
xtal_59.cif,./Al13Sc3N16/53/xtal_59.cif,64.93445,58.168236
xtal_6.cif,./Al13Sc3N16/53/xtal_6.cif,-15.134049,-35.773968
xtal_60.cif,./Al13Sc3N16/__initial__/53/xtal_60.cif,-23.904436,-16.16988
xtal_61.cif,./Al13Sc3N16/53/xtal_61.cif,12.50592,63.924133
xtal_62.cif,./Al13Sc3N16/__initial__/53/xtal_62.cif,28.480244,72.41695
xtal_63.cif,./Al13Sc3N16/53/xtal_63.cif,-91.17557,-21.233923
xtal_64.cif,./Al13Sc3N16/__initial__/53/xtal_64.cif,-29.983046,85.77294
xtal_65.cif,./Al13Sc3N16/__initial__/53/xtal_65.cif,-65.36052,24.814613
xtal_66.cif,./Al13Sc3N16/53/xtal_66.cif,-51.60024,26.830545
xtal_67.cif,./Al13Sc3N16/53/xtal_67.cif,-15.811935,2.1260815
xtal_68.cif,./Al13Sc3N16/__initial__/53/xtal_68.cif,14.127725,24.585218
xtal_69.cif,./Al13Sc3N16/53/xtal_69.cif,29.679813,85.12591
xtal_7.cif,./Al13Sc3N16/53/xtal_7.cif,-71.53217,26.863695
xtal_70.cif,./Al13Sc3N16/__initial__/53/xtal_70.cif,-61.50668,41.558918
xtal_71.cif,./Al13Sc3N16/__initial__/53/xtal_71.cif,19.168459,24.017994
xtal_72.cif,./Al13Sc3N16/53/xtal_72.cif,38.457645,57.292145
xtal_73.cif,./Al13Sc3N16/53/xtal_73.cif,-60.32574,-27.050573
xtal_74.cif,./Al13Sc3N16/__initial__/53/xtal_74.cif,-72.84299,-28.78978
xtal_75.cif,./Al13Sc3N16/53/xtal_75.cif,-11.230608,0.39907274
xtal_76.cif,./Al13Sc3N16/53/xtal_76.cif,-10.377591,-28.237007
xtal_77.cif,./Al13Sc3N16/__initial__/53/xtal_77.cif,12.218119,39.388973
xtal_78.cif,./Al13Sc3N16/53/xtal_78.cif,68.410164,63.102623
xtal_79.cif,./Al13Sc3N16/__initial__/53/xtal_79.cif,-57.546875,42.21229
xtal_8.cif,./Al13Sc3N16/53/xtal_8.cif,25.497698,19.45351
xtal_80.cif,./Al13Sc3N16/__initial__/53/xtal_80.cif,-3.113082,80.55211
xtal_81.cif,./Al13Sc3N16/53/xtal_81.cif,49.077213,60.138638
xtal_82.cif,./Al13Sc3N16/53/xtal_82.cif,5.6182156,0.40498272
xtal_83.cif,./Al13Sc3N16/53/xtal_83.cif,-5.555071,50.39017
xtal_84.cif,./Al13Sc3N16/53/xtal_84.cif,24.36148,88.81445
xtal_85.cif,./Al13Sc3N16/53/xtal_85.cif,9.029259,57.8017
xtal_86.cif,./Al13Sc3N16/53/xtal_86.cif,-55.51296,-32.177776
xtal_87.cif,./Al13Sc3N16/53/xtal_87.cif,-40.699368,-23.428045
xtal_88.cif,./Al13Sc3N16/53/xtal_88.cif,-41.712357,67.84888
xtal_89.cif,./Al13Sc3N16/53/xtal_89.cif,21.341204,38.716766
xtal_9.cif,./Al13Sc3N16/53/xtal_9.cif,28.226906,48.01216
xtal_90.cif,./Al13Sc3N16/53/xtal_90.cif,-0.46252522,39.481926
xtal_91.cif,./Al13Sc3N16/__initial__/53/xtal_91.cif,-29.50386,74.49706
xtal_92.cif,./Al13Sc3N16/__initial__/53/xtal_92.cif,-54.785503,-12.793793
xtal_93.cif,./Al13Sc3N16/53/xtal_93.cif,-49.324184,71.43077
xtal_94.cif,./Al13Sc3N16/__initial__/53/xtal_94.cif,-59.050617,55.30793
xtal_95.cif,./Al13Sc3N16/__initial__/53/xtal_95.cif,0.24473801,7.9636855
xtal_96.cif,./Al13Sc3N16/__initial__/53/xtal_96.cif,68.54266,61.443394
xtal_97.cif,./Al13Sc3N16/53/xtal_97.cif,-10.878784,-28.152363
xtal_98.cif,./Al13Sc3N16/__initial__/53/xtal_98.cif,1.4426279,66.835594
xtal_99.cif,./Al13Sc3N16/53/xtal_99.cif,8.823698,28.088444
xtal_1.cif,./Al13Sc3N16/__initial__/55/xtal_1.cif,-55.01388,-9.471977
xtal_10.cif,./Al13Sc3N16/55/xtal_10.cif,24.344694,32.312653
xtal_100.cif,./Al13Sc3N16/__initial__/55/xtal_100.cif,-21.450851,82.44019
xtal_11.cif,./Al13Sc3N16/__initial__/55/xtal_11.cif,-99.956276,-9.260391
xtal_12.cif,./Al13Sc3N16/__initial__/55/xtal_12.cif,4.6209674,2.4977195
xtal_13.cif,./Al13Sc3N16/__initial__/55/xtal_13.cif,-81.57675,47.751736
xtal_14.cif,./Al13Sc3N16/__initial__/55/xtal_14.cif,-70.504814,-39.139927
xtal_15.cif,./Al13Sc3N16/55/xtal_15.cif,-27.123873,-69.90588
xtal_16.cif,./Al13Sc3N16/55/xtal_16.cif,-10.294746,-37.981693
xtal_17.cif,./Al13Sc3N16/__initial__/55/xtal_17.cif,-33.406998,-30.51484
xtal_18.cif,./Al13Sc3N16/55/xtal_18.cif,7.9777174,9.244441
xtal_19.cif,./Al13Sc3N16/__initial__/55/xtal_19.cif,0.5383017,18.277864
xtal_2.cif,./Al13Sc3N16/__initial__/55/xtal_2.cif,-101.81165,-0.9806359
xtal_20.cif,./Al13Sc3N16/55/xtal_20.cif,-54.640923,54.136414
xtal_21.cif,./Al13Sc3N16/__initial__/55/xtal_21.cif,-74.19746,53.183754
xtal_22.cif,./Al13Sc3N16/__initial__/55/xtal_22.cif,-66.5977,46.97438
xtal_23.cif,./Al13Sc3N16/__initial__/55/xtal_23.cif,-61.961582,67.20257
xtal_24.cif,./Al13Sc3N16/55/xtal_24.cif,-28.156122,0.3437129
xtal_25.cif,./Al13Sc3N16/__initial__/55/xtal_25.cif,8.794984,3.635735
xtal_26.cif,./Al13Sc3N16/55/xtal_26.cif,13.359155,10.825573
xtal_27.cif,./Al13Sc3N16/55/xtal_27.cif,5.139938,80.39341
xtal_28.cif,./Al13Sc3N16/__initial__/55/xtal_28.cif,-18.103514,73.058044
xtal_29.cif,./Al13Sc3N16/55/xtal_29.cif,5.034159,70.80973
xtal_3.cif,./Al13Sc3N16/55/xtal_3.cif,-54.21773,51.289215
xtal_30.cif,./Al13Sc3N16/__initial__/55/xtal_30.cif,-31.645956,83.12904
xtal_31.cif,./Al13Sc3N16/55/xtal_31.cif,-2.1305912,-39.891235
xtal_32.cif,./Al13Sc3N16/__initial__/55/xtal_32.cif,17.506052,73.8311
xtal_33.cif,./Al13Sc3N16/55/xtal_33.cif,51.094185,42.08708
xtal_34.cif,./Al13Sc3N16/__initial__/55/xtal_34.cif,-21.049107,-27.438402
xtal_35.cif,./Al13Sc3N16/__initial__/55/xtal_35.cif,-81.007774,47.839005
xtal_36.cif,./Al13Sc3N16/__initial__/55/xtal_36.cif,20.268946,53.782818
xtal_37.cif,./Al13Sc3N16/__initial__/55/xtal_37.cif,-46.051277,77.63329
xtal_38.cif,./Al13Sc3N16/55/xtal_38.cif,-59.24597,80.27957
xtal_39.cif,./Al13Sc3N16/55/xtal_39.cif,-30.831032,66.51192
xtal_4.cif,./Al13Sc3N16/__initial__/55/xtal_4.cif,15.685844,-13.610577
xtal_40.cif,./Al13Sc3N16/__initial__/55/xtal_40.cif,30.46647,51.16056
xtal_41.cif,./Al13Sc3N16/55/xtal_41.cif,-4.7214885,-25.34176
xtal_42.cif,./Al13Sc3N16/55/xtal_42.cif,9.786189,4.0945206
xtal_43.cif,./Al13Sc3N16/__initial__/55/xtal_43.cif,-25.67293,45.635048
xtal_44.cif,./Al13Sc3N16/__initial__/55/xtal_44.cif,-67.75458,10.447161
xtal_45.cif,./Al13Sc3N16/55/xtal_45.cif,-46.39097,-48.811413
xtal_46.cif,./Al13Sc3N16/__initial__/55/xtal_46.cif,-42.292618,40.52777
xtal_47.cif,./Al13Sc3N16/__initial__/55/xtal_47.cif,-44.951706,83.1738
xtal_48.cif,./Al13Sc3N16/__initial__/55/xtal_48.cif,6.5409174,6.5675774
xtal_49.cif,./Al13Sc3N16/55/xtal_49.cif,-9.815804,-33.18363
xtal_5.cif,./Al13Sc3N16/55/xtal_5.cif,-7.178941,72.48007
xtal_50.cif,./Al13Sc3N16/55/xtal_50.cif,-35.574272,-0.61757684
xtal_51.cif,./Al13Sc3N16/__initial__/55/xtal_51.cif,-68.602264,-38.00473
xtal_52.cif,./Al13Sc3N16/55/xtal_52.cif,65.89498,62.222492
xtal_53.cif,./Al13Sc3N16/55/xtal_53.cif,-27.14463,-23.71017
xtal_54.cif,./Al13Sc3N16/__initial__/55/xtal_54.cif,-46.860203,51.189663
xtal_55.cif,./Al13Sc3N16/__initial__/55/xtal_55.cif,-6.3587704,62.638783
xtal_56.cif,./Al13Sc3N16/__initial__/55/xtal_56.cif,8.619616,63.232605
xtal_57.cif,./Al13Sc3N16/__initial__/55/xtal_57.cif,43.34869,63.884377
xtal_58.cif,./Al13Sc3N16/55/xtal_58.cif,-61.8809,40.85018
xtal_59.cif,./Al13Sc3N16/__initial__/55/xtal_59.cif,-48.279766,-30.094625
xtal_6.cif,./Al13Sc3N16/__initial__/55/xtal_6.cif,-11.704453,89.39245
xtal_60.cif,./Al13Sc3N16/__initial__/55/xtal_60.cif,61.189747,64.02413
xtal_61.cif,./Al13Sc3N16/55/xtal_61.cif,53.393925,70.459656
xtal_62.cif,./Al13Sc3N16/55/xtal_62.cif,-31.199327,89.63474
xtal_63.cif,./Al13Sc3N16/55/xtal_63.cif,0.36392924,6.475341
xtal_64.cif,./Al13Sc3N16/55/xtal_64.cif,-26.199049,60.7178
xtal_65.cif,./Al13Sc3N16/55/xtal_65.cif,-5.375721,50.419743
xtal_66.cif,./Al13Sc3N16/__initial__/55/xtal_66.cif,-22.21286,41.250656
xtal_67.cif,./Al13Sc3N16/55/xtal_67.cif,-75.6633,56.912052
xtal_68.cif,./Al13Sc3N16/__initial__/55/xtal_68.cif,25.81366,86.409035
xtal_69.cif,./Al13Sc3N16/55/xtal_69.cif,-48.640778,-10.349256
xtal_7.cif,./Al13Sc3N16/55/xtal_7.cif,-60.547268,-1.3973364
xtal_70.cif,./Al13Sc3N16/55/xtal_70.cif,-65.159775,-38.07992
xtal_71.cif,./Al13Sc3N16/__initial__/55/xtal_71.cif,35.246178,54.743443
xtal_72.cif,./Al13Sc3N16/55/xtal_72.cif,24.572132,89.07515
xtal_73.cif,./Al13Sc3N16/__initial__/55/xtal_73.cif,-74.3681,-11.336168
xtal_74.cif,./Al13Sc3N16/55/xtal_74.cif,-46.42748,-38.583828
xtal_75.cif,./Al13Sc3N16/__initial__/55/xtal_75.cif,37.749973,65.99309
xtal_76.cif,./Al13Sc3N16/55/xtal_76.cif,-29.956089,45.653587
xtal_77.cif,./Al13Sc3N16/55/xtal_77.cif,-33.789017,12.606989
xtal_78.cif,./Al13Sc3N16/55/xtal_78.cif,-12.732526,40.691013
xtal_79.cif,./Al13Sc3N16/55/xtal_79.cif,11.069595,-23.874783
xtal_8.cif,./Al13Sc3N16/__initial__/55/xtal_8.cif,-8.1160555,-11.831285
xtal_80.cif,./Al13Sc3N16/55/xtal_80.cif,-86.65537,-37.678753
xtal_81.cif,./Al13Sc3N16/__initial__/55/xtal_81.cif,-71.504105,26.464924
xtal_82.cif,./Al13Sc3N16/55/xtal_82.cif,-33.9809,10.885589
xtal_83.cif,./Al13Sc3N16/55/xtal_83.cif,-37.97184,78.7765
xtal_84.cif,./Al13Sc3N16/__initial__/55/xtal_84.cif,-22.348932,80.12227
xtal_85.cif,./Al13Sc3N16/55/xtal_85.cif,-54.855484,45.943428
xtal_86.cif,./Al13Sc3N16/55/xtal_86.cif,-16.765787,-2.2915387
xtal_87.cif,./Al13Sc3N16/__initial__/55/xtal_87.cif,0.548987,-6.9905314
xtal_88.cif,./Al13Sc3N16/55/xtal_88.cif,-51.518646,-26.707436
xtal_89.cif,./Al13Sc3N16/__initial__/55/xtal_89.cif,35.206726,29.039661
xtal_9.cif,./Al13Sc3N16/__initial__/55/xtal_9.cif,-8.328906,-35.304478
xtal_90.cif,./Al13Sc3N16/55/xtal_90.cif,-73.6434,-20.0549
xtal_91.cif,./Al13Sc3N16/55/xtal_91.cif,-65.98897,17.725492
xtal_92.cif,./Al13Sc3N16/__initial__/55/xtal_92.cif,63.391525,66.38364
xtal_93.cif,./Al13Sc3N16/__initial__/55/xtal_93.cif,-76.75119,10.447999
xtal_94.cif,./Al13Sc3N16/55/xtal_94.cif,10.759222,47.768066
xtal_95.cif,./Al13Sc3N16/__initial__/55/xtal_95.cif,33.779312,61.994457
xtal_96.cif,./Al13Sc3N16/55/xtal_96.cif,9.164593,-30.535189
xtal_97.cif,./Al13Sc3N16/__initial__/55/xtal_97.cif,-51.08819,-14.64392
xtal_98.cif,./Al13Sc3N16/55/xtal_98.cif,-19.452435,-19.122383
xtal_99.cif,./Al13Sc3N16/55/xtal_99.cif,31.123215,1.620494
xtal_1.cif,./Al13Sc3N16/58/xtal_1.cif,-57.713787,-6.8208876
xtal_10.cif,./Al13Sc3N16/__initial__/58/xtal_10.cif,-39.14672,19.684193
xtal_100.cif,./Al13Sc3N16/58/xtal_100.cif,-20.405714,-21.402664
xtal_11.cif,./Al13Sc3N16/58/xtal_11.cif,-91.17003,-21.007746
xtal_12.cif,./Al13Sc3N16/__initial__/58/xtal_12.cif,27.586563,43.6847
xtal_13.cif,./Al13Sc3N16/58/xtal_13.cif,-46.510624,91.8798
xtal_14.cif,./Al13Sc3N16/58/xtal_14.cif,19.229536,74.7346
xtal_15.cif,./Al13Sc3N16/__initial__/58/xtal_15.cif,-97.58684,-16.063696
xtal_16.cif,./Al13Sc3N16/__initial__/58/xtal_16.cif,2.5805883,28.788399
xtal_17.cif,./Al13Sc3N16/58/xtal_17.cif,26.209108,77.75107
xtal_18.cif,./Al13Sc3N16/__initial__/58/xtal_18.cif,-15.230343,27.377724
xtal_19.cif,./Al13Sc3N16/__initial__/58/xtal_19.cif,12.921284,1.1615493
xtal_2.cif,./Al13Sc3N16/__initial__/58/xtal_2.cif,-69.10623,50.682434
xtal_20.cif,./Al13Sc3N16/__initial__/58/xtal_20.cif,38.162197,18.77837
xtal_21.cif,./Al13Sc3N16/__initial__/58/xtal_21.cif,-9.695905,-30.125551
xtal_22.cif,./Al13Sc3N16/__initial__/58/xtal_22.cif,-46.54044,78.56421
xtal_23.cif,./Al13Sc3N16/__initial__/58/xtal_23.cif,-4.4232364,69.077225
xtal_24.cif,./Al13Sc3N16/58/xtal_24.cif,4.8036966,28.624245
xtal_25.cif,./Al13Sc3N16/__initial__/58/xtal_25.cif,-101.635216,-19.995317
xtal_26.cif,./Al13Sc3N16/__initial__/58/xtal_26.cif,-28.19742,88.87005
xtal_27.cif,./Al13Sc3N16/__initial__/58/xtal_27.cif,-37.565933,-11.619587
xtal_28.cif,./Al13Sc3N16/58/xtal_28.cif,-24.949623,39.028996
xtal_29.cif,./Al13Sc3N16/58/xtal_29.cif,31.054323,20.180548
xtal_3.cif,./Al13Sc3N16/__initial__/58/xtal_3.cif,-43.707577,-48.974903
xtal_30.cif,./Al13Sc3N16/__initial__/58/xtal_30.cif,-94.49138,-22.427769
xtal_31.cif,./Al13Sc3N16/58/xtal_31.cif,-49.425632,-27.380127
xtal_32.cif,./Al13Sc3N16/58/xtal_32.cif,-5.409436,-13.219704
xtal_33.cif,./Al13Sc3N16/__initial__/58/xtal_33.cif,-38.726284,77.57947
xtal_34.cif,./Al13Sc3N16/__initial__/58/xtal_34.cif,2.7375166,29.827166
xtal_35.cif,./Al13Sc3N16/58/xtal_35.cif,25.920862,19.179379
xtal_36.cif,./Al13Sc3N16/__initial__/58/xtal_36.cif,49.858326,66.44
xtal_37.cif,./Al13Sc3N16/__initial__/58/xtal_37.cif,-12.138057,46.61389
xtal_38.cif,./Al13Sc3N16/__initial__/58/xtal_38.cif,-41.810593,-11.690362
xtal_39.cif,./Al13Sc3N16/58/xtal_39.cif,1.9519947,2.3080103
xtal_4.cif,./Al13Sc3N16/58/xtal_4.cif,-4.2976437,11.868504
xtal_40.cif,./Al13Sc3N16/58/xtal_40.cif,-52.741234,52.510223
xtal_41.cif,./Al13Sc3N16/58/xtal_41.cif,-3.4194155,42.72134
xtal_42.cif,./Al13Sc3N16/58/xtal_42.cif,-61.36746,41.79426
xtal_43.cif,./Al13Sc3N16/__initial__/58/xtal_43.cif,-91.44785,-17.5207
xtal_44.cif,./Al13Sc3N16/58/xtal_44.cif,-73.93783,-19.077095
xtal_45.cif,./Al13Sc3N16/__initial__/58/xtal_45.cif,-1.7197663,45.352863
xtal_46.cif,./Al13Sc3N16/__initial__/58/xtal_46.cif,34.991467,41.50717
xtal_47.cif,./Al13Sc3N16/58/xtal_47.cif,-27.719452,-47.692066
xtal_48.cif,./Al13Sc3N16/58/xtal_48.cif,-4.8368087,-24.159615
xtal_49.cif,./Al13Sc3N16/58/xtal_49.cif,20.147432,47.907978
xtal_5.cif,./Al13Sc3N16/58/xtal_5.cif,-46.91698,1.4360642
xtal_50.cif,./Al13Sc3N16/__initial__/58/xtal_50.cif,54.535316,65.87398
xtal_51.cif,./Al13Sc3N16/__initial__/58/xtal_51.cif,-73.53323,69.02052
xtal_52.cif,./Al13Sc3N16/58/xtal_52.cif,-57.509266,-36.5147
xtal_53.cif,./Al13Sc3N16/58/xtal_53.cif,28.217037,6.5512714
xtal_54.cif,./Al13Sc3N16/__initial__/58/xtal_54.cif,2.635846,28.944477
xtal_55.cif,./Al13Sc3N16/__initial__/58/xtal_55.cif,51.73711,63.1976
xtal_56.cif,./Al13Sc3N16/__initial__/58/xtal_56.cif,-23.077084,9.648746
xtal_57.cif,./Al13Sc3N16/58/xtal_57.cif,-43.43611,-44.5997
xtal_58.cif,./Al13Sc3N16/58/xtal_58.cif,17.960976,71.25896
xtal_59.cif,./Al13Sc3N16/58/xtal_59.cif,-17.545782,8.9089155
xtal_6.cif,./Al13Sc3N16/__initial__/58/xtal_6.cif,-1.3695387,-34.8347
xtal_60.cif,./Al13Sc3N16/58/xtal_60.cif,-71.589745,27.928324
xtal_61.cif,./Al13Sc3N16/58/xtal_61.cif,20.660648,13.599724
xtal_62.cif,./Al13Sc3N16/58/xtal_62.cif,31.409575,83.62729
xtal_63.cif,./Al13Sc3N16/__initial__/58/xtal_63.cif,-16.903854,-23.189676
xtal_64.cif,./Al13Sc3N16/__initial__/58/xtal_64.cif,-7.596001,-20.02139
xtal_65.cif,./Al13Sc3N16/__initial__/58/xtal_65.cif,54.554016,70.96744
xtal_66.cif,./Al13Sc3N16/__initial__/58/xtal_66.cif,-31.422691,87.8499
xtal_67.cif,./Al13Sc3N16/58/xtal_67.cif,-31.531622,83.52888
xtal_68.cif,./Al13Sc3N16/__initial__/58/xtal_68.cif,19.10186,4.2318907
xtal_69.cif,./Al13Sc3N16/58/xtal_69.cif,-30.17597,2.137471
xtal_7.cif,./Al13Sc3N16/58/xtal_7.cif,42.451767,10.468866
xtal_70.cif,./Al13Sc3N16/58/xtal_70.cif,33.882214,74.60523
xtal_71.cif,./Al13Sc3N16/__initial__/58/xtal_71.cif,-26.79748,-14.932015
xtal_72.cif,./Al13Sc3N16/__initial__/58/xtal_72.cif,-39.8194,-43.432236
xtal_73.cif,./Al13Sc3N16/58/xtal_73.cif,-63.295704,52.481266
xtal_74.cif,./Al13Sc3N16/58/xtal_74.cif,34.0242,86.576614
xtal_75.cif,./Al13Sc3N16/58/xtal_75.cif,-27.292791,73.38517
xtal_76.cif,./Al13Sc3N16/__initial__/58/xtal_76.cif,-0.9453646,88.635155
xtal_77.cif,./Al13Sc3N16/__initial__/58/xtal_77.cif,13.247133,24.773306
xtal_78.cif,./Al13Sc3N16/__initial__/58/xtal_78.cif,-81.88152,-38.76269
xtal_79.cif,./Al13Sc3N16/__initial__/58/xtal_79.cif,-4.595336,-7.1968875
xtal_8.cif,./Al13Sc3N16/58/xtal_8.cif,-2.7195423,-13.768922
xtal_80.cif,./Al13Sc3N16/__initial__/58/xtal_80.cif,-13.243814,-60.292492
xtal_81.cif,./Al13Sc3N16/58/xtal_81.cif,-12.776991,-1.2553772
xtal_82.cif,./Al13Sc3N16/58/xtal_82.cif,-11.970736,75.09358
xtal_83.cif,./Al13Sc3N16/__initial__/58/xtal_83.cif,-52.172787,52.729435
xtal_84.cif,./Al13Sc3N16/__initial__/58/xtal_84.cif,-5.442915,25.946705
xtal_85.cif,./Al13Sc3N16/58/xtal_85.cif,16.909735,70.457924
xtal_86.cif,./Al13Sc3N16/58/xtal_86.cif,-3.2580695,75.79383
xtal_87.cif,./Al13Sc3N16/58/xtal_87.cif,48.731697,64.540695
xtal_88.cif,./Al13Sc3N16/58/xtal_88.cif,1.5368015,76.682274
xtal_89.cif,./Al13Sc3N16/58/xtal_89.cif,-50.119617,77.15246
xtal_9.cif,./Al13Sc3N16/__initial__/58/xtal_9.cif,-79.38472,-39.413193
xtal_90.cif,./Al13Sc3N16/__initial__/58/xtal_90.cif,-79.08721,-37.31033
xtal_91.cif,./Al13Sc3N16/58/xtal_91.cif,1.0925826,9.315241
xtal_92.cif,./Al13Sc3N16/__initial__/58/xtal_92.cif,6.3887205,37.931442
xtal_93.cif,./Al13Sc3N16/__initial__/58/xtal_93.cif,19.504835,13.614698
xtal_94.cif,./Al13Sc3N16/__initial__/58/xtal_94.cif,-50.450058,14.395125
xtal_95.cif,./Al13Sc3N16/58/xtal_95.cif,32.42939,49.409214
xtal_96.cif,./Al13Sc3N16/58/xtal_96.cif,-28.29566,-14.972108
xtal_97.cif,./Al13Sc3N16/58/xtal_97.cif,-10.985485,88.12971
xtal_98.cif,./Al13Sc3N16/__initial__/58/xtal_98.cif,27.17085,80.43125
xtal_99.cif,./Al13Sc3N16/58/xtal_99.cif,67.047325,57.894306
xtal_1.cif,./Al13Sc3N16/59/xtal_1.cif,21.658005,69.423454
xtal_10.cif,./Al13Sc3N16/__initial__/59/xtal_10.cif,-54.620674,-45.56197
xtal_100.cif,./Al13Sc3N16/59/xtal_100.cif,-47.56033,-49.185333
xtal_11.cif,./Al13Sc3N16/59/xtal_11.cif,-2.6160219,-18.926712
xtal_12.cif,./Al13Sc3N16/__initial__/59/xtal_12.cif,-73.499954,29.886194
xtal_13.cif,./Al13Sc3N16/__initial__/59/xtal_13.cif,-79.809135,1.5983949
xtal_14.cif,./Al13Sc3N16/59/xtal_14.cif,-53.118042,5.45085
xtal_15.cif,./Al13Sc3N16/__initial__/59/xtal_15.cif,59.951416,48.022728
xtal_16.cif,./Al13Sc3N16/59/xtal_16.cif,40.07472,69.513565
xtal_17.cif,./Al13Sc3N16/__initial__/59/xtal_17.cif,20.87229,34.26506
xtal_18.cif,./Al13Sc3N16/59/xtal_18.cif,-7.9140377,3.9806693
xtal_19.cif,./Al13Sc3N16/__initial__/59/xtal_19.cif,6.7963195,13.432634
xtal_2.cif,./Al13Sc3N16/59/xtal_2.cif,-45.474884,14.441256
xtal_20.cif,./Al13Sc3N16/59/xtal_20.cif,-51.765972,53.61898
xtal_21.cif,./Al13Sc3N16/59/xtal_21.cif,-67.72432,27.129782
xtal_22.cif,./Al13Sc3N16/__initial__/59/xtal_22.cif,33.498432,53.627434
xtal_23.cif,./Al13Sc3N16/__initial__/59/xtal_23.cif,0.26134083,1.9291514
xtal_24.cif,./Al13Sc3N16/59/xtal_24.cif,-3.4551044,74.24576
xtal_25.cif,./Al13Sc3N16/59/xtal_25.cif,-21.33456,-38.54901
xtal_26.cif,./Al13Sc3N16/59/xtal_26.cif,-51.08994,-26.376371
xtal_27.cif,./Al13Sc3N16/__initial__/59/xtal_27.cif,0.80637264,11.639306
xtal_28.cif,./Al13Sc3N16/59/xtal_28.cif,-91.44242,-31.619356
xtal_29.cif,./Al13Sc3N16/59/xtal_29.cif,8.468629,56.96011
xtal_3.cif,./Al13Sc3N16/__initial__/59/xtal_3.cif,20.781933,59.564915
xtal_30.cif,./Al13Sc3N16/59/xtal_30.cif,-2.89825,17.381975
xtal_31.cif,./Al13Sc3N16/__initial__/59/xtal_31.cif,16.482996,36.38489
xtal_32.cif,./Al13Sc3N16/59/xtal_32.cif,26.072922,77.50315
xtal_33.cif,./Al13Sc3N16/__initial__/59/xtal_33.cif,19.164495,57.05909
xtal_34.cif,./Al13Sc3N16/__initial__/59/xtal_34.cif,-60.28544,-33.413864
xtal_35.cif,./Al13Sc3N16/59/xtal_35.cif,-5.89063,-7.6235414
xtal_36.cif,./Al13Sc3N16/__initial__/59/xtal_36.cif,-75.84467,33.402702
xtal_37.cif,./Al13Sc3N16/59/xtal_37.cif,65.97917,65.65154
xtal_38.cif,./Al13Sc3N16/59/xtal_38.cif,-59.218597,-45.95877
xtal_39.cif,./Al13Sc3N16/59/xtal_39.cif,21.0254,28.687832
xtal_4.cif,./Al13Sc3N16/__initial__/59/xtal_4.cif,-17.046919,-26.129301
xtal_40.cif,./Al13Sc3N16/__initial__/59/xtal_40.cif,-69.22959,-0.5215762
xtal_41.cif,./Al13Sc3N16/__initial__/59/xtal_41.cif,27.273155,27.26688
xtal_42.cif,./Al13Sc3N16/59/xtal_42.cif,-60.244835,-43.36029
xtal_43.cif,./Al13Sc3N16/59/xtal_43.cif,-23.013653,-48.69538
xtal_44.cif,./Al13Sc3N16/59/xtal_44.cif,-15.040296,-13.732538
xtal_45.cif,./Al13Sc3N16/59/xtal_45.cif,28.715788,53.22069
xtal_46.cif,./Al13Sc3N16/__initial__/59/xtal_46.cif,-51.123493,-25.627531
xtal_47.cif,./Al13Sc3N16/__initial__/59/xtal_47.cif,-83.56524,33.86637
xtal_48.cif,./Al13Sc3N16/__initial__/59/xtal_48.cif,2.5824757,25.132574
xtal_49.cif,./Al13Sc3N16/__initial__/59/xtal_49.cif,-63.526264,-45.716377
xtal_5.cif,./Al13Sc3N16/__initial__/59/xtal_5.cif,11.4404125,12.682187
xtal_50.cif,./Al13Sc3N16/59/xtal_50.cif,46.324375,38.867344
xtal_51.cif,./Al13Sc3N16/59/xtal_51.cif,-83.46145,-30.271126
xtal_52.cif,./Al13Sc3N16/__initial__/59/xtal_52.cif,-46.97951,-43.153297
xtal_53.cif,./Al13Sc3N16/59/xtal_53.cif,-81.52953,-1.9535122
xtal_54.cif,./Al13Sc3N16/59/xtal_54.cif,29.304981,84.999825
xtal_55.cif,./Al13Sc3N16/59/xtal_55.cif,0.47818288,20.032942
xtal_56.cif,./Al13Sc3N16/__initial__/59/xtal_56.cif,39.531956,58.25553
xtal_57.cif,./Al13Sc3N16/__initial__/59/xtal_57.cif,66.74064,62.68016
xtal_58.cif,./Al13Sc3N16/59/xtal_58.cif,-94.705315,1.6421131
xtal_59.cif,./Al13Sc3N16/59/xtal_59.cif,-14.279576,-38.37749
xtal_6.cif,./Al13Sc3N16/59/xtal_6.cif,-23.876251,-9.414972
xtal_60.cif,./Al13Sc3N16/59/xtal_60.cif,-25.274189,8.770625
xtal_61.cif,./Al13Sc3N16/__initial__/59/xtal_61.cif,18.137743,-3.016076
xtal_62.cif,./Al13Sc3N16/__initial__/59/xtal_62.cif,-18.40909,34.003117
xtal_63.cif,./Al13Sc3N16/__initial__/59/xtal_63.cif,0.76683456,33.386414
xtal_64.cif,./Al13Sc3N16/59/xtal_64.cif,-3.3100052,-11.41081
xtal_65.cif,./Al13Sc3N16/59/xtal_65.cif,34.43753,46.809864
xtal_66.cif,./Al13Sc3N16/__initial__/59/xtal_66.cif,-41.296448,-48.324753
xtal_67.cif,./Al13Sc3N16/59/xtal_67.cif,45.18726,53.21098
xtal_68.cif,./Al13Sc3N16/__initial__/59/xtal_68.cif,70.27631,73.16025
xtal_69.cif,./Al13Sc3N16/59/xtal_69.cif,-51.605095,37.363033
xtal_7.cif,./Al13Sc3N16/__initial__/59/xtal_7.cif,33.602566,81.150986
xtal_70.cif,./Al13Sc3N16/__initial__/59/xtal_70.cif,45.180267,77.93409
xtal_71.cif,./Al13Sc3N16/__initial__/59/xtal_71.cif,-46.56787,-49.036457
xtal_72.cif,./Al13Sc3N16/__initial__/59/xtal_72.cif,8.299747,-12.003744
xtal_73.cif,./Al13Sc3N16/59/xtal_73.cif,-21.97787,-47.78392
xtal_74.cif,./Al13Sc3N16/__initial__/59/xtal_74.cif,-81.996,0.37223604
xtal_75.cif,./Al13Sc3N16/__initial__/59/xtal_75.cif,-68.20107,-24.75052
xtal_76.cif,./Al13Sc3N16/59/xtal_76.cif,49.32204,63.603073
xtal_77.cif,./Al13Sc3N16/__initial__/59/xtal_77.cif,-27.513714,-12.106548
xtal_78.cif,./Al13Sc3N16/__initial__/59/xtal_78.cif,24.036688,24.439974
xtal_79.cif,./Al13Sc3N16/__initial__/59/xtal_79.cif,-54.31526,18.031183
xtal_8.cif,./Al13Sc3N16/59/xtal_8.cif,-7.563516,63.942787
xtal_80.cif,./Al13Sc3N16/59/xtal_80.cif,17.721296,59.96355
xtal_81.cif,./Al13Sc3N16/59/xtal_81.cif,-90.61597,-29.603802
xtal_82.cif,./Al13Sc3N16/59/xtal_82.cif,-14.896035,14.202295
xtal_83.cif,./Al13Sc3N16/59/xtal_83.cif,-15.694719,-40.515858
xtal_84.cif,./Al13Sc3N16/59/xtal_84.cif,6.5097837,-30.231842
xtal_85.cif,./Al13Sc3N16/__initial__/59/xtal_85.cif,-39.496677,-9.76685
xtal_86.cif,./Al13Sc3N16/__initial__/59/xtal_86.cif,-84.62942,-33.02876
xtal_87.cif,./Al13Sc3N16/__initial__/59/xtal_87.cif,-6.442822,19.87986
xtal_88.cif,./Al13Sc3N16/__initial__/59/xtal_88.cif,53.42199,58.715397
xtal_89.cif,./Al13Sc3N16/__initial__/59/xtal_89.cif,-26.836674,41.72274
xtal_9.cif,./Al13Sc3N16/__initial__/59/xtal_9.cif,-48.858322,-33.50537
xtal_90.cif,./Al13Sc3N16/59/xtal_90.cif,66.72681,61.391167
xtal_91.cif,./Al13Sc3N16/59/xtal_91.cif,-58.25785,-39.566425
xtal_92.cif,./Al13Sc3N16/__initial__/59/xtal_92.cif,-6.3845205,2.0577946
xtal_93.cif,./Al13Sc3N16/__initial__/59/xtal_93.cif,42.187134,20.08369
xtal_94.cif,./Al13Sc3N16/__initial__/59/xtal_94.cif,10.213536,1.977188
xtal_95.cif,./Al13Sc3N16/59/xtal_95.cif,-38.330433,-34.097454
xtal_96.cif,./Al13Sc3N16/59/xtal_96.cif,17.057358,49.65664
xtal_97.cif,./Al13Sc3N16/__initial__/59/xtal_97.cif,-29.535934,72.722
xtal_98.cif,./Al13Sc3N16/59/xtal_98.cif,-71.7355,25.017801
xtal_99.cif,./Al13Sc3N16/__initial__/59/xtal_99.cif,-26.973509,-53.769314
xtal_1.cif,./Al13Sc3N16/__initial__/65/xtal_1.cif,-79.51531,16.977278
xtal_10.cif,./Al13Sc3N16/__initial__/65/xtal_10.cif,-7.6197624,21.43952
xtal_100.cif,./Al13Sc3N16/__initial__/65/xtal_100.cif,-72.98621,53.507046
xtal_11.cif,./Al13Sc3N16/__initial__/65/xtal_11.cif,-6.8573294,-35.43815
xtal_12.cif,./Al13Sc3N16/__initial__/65/xtal_12.cif,-74.843895,47.03854
xtal_13.cif,./Al13Sc3N16/65/xtal_13.cif,-0.8621669,47.931747
xtal_14.cif,./Al13Sc3N16/65/xtal_14.cif,-47.10075,-24.86949
xtal_15.cif,./Al13Sc3N16/65/xtal_15.cif,11.764699,72.711426
xtal_16.cif,./Al13Sc3N16/65/xtal_16.cif,-71.573235,70.311264
xtal_17.cif,./Al13Sc3N16/__initial__/65/xtal_17.cif,-45.610336,24.690294
xtal_18.cif,./Al13Sc3N16/65/xtal_18.cif,-18.268887,54.88884
xtal_19.cif,./Al13Sc3N16/__initial__/65/xtal_19.cif,-67.723854,42.908283
xtal_2.cif,./Al13Sc3N16/65/xtal_2.cif,-9.259096,-20.935001
xtal_20.cif,./Al13Sc3N16/__initial__/65/xtal_20.cif,-77.35179,15.013492
xtal_21.cif,./Al13Sc3N16/__initial__/65/xtal_21.cif,-15.84714,57.992046
xtal_22.cif,./Al13Sc3N16/__initial__/65/xtal_22.cif,-95.57419,0.99168515
xtal_23.cif,./Al13Sc3N16/65/xtal_23.cif,62.968018,62.38002
xtal_24.cif,./Al13Sc3N16/__initial__/65/xtal_24.cif,8.930231,54.88923
xtal_25.cif,./Al13Sc3N16/__initial__/65/xtal_25.cif,50.142403,74.25998
xtal_26.cif,./Al13Sc3N16/65/xtal_26.cif,-83.94879,-19.61617
xtal_27.cif,./Al13Sc3N16/65/xtal_27.cif,-3.3677974,-14.498794
xtal_28.cif,./Al13Sc3N16/__initial__/65/xtal_28.cif,-48.365635,-19.585312
xtal_29.cif,./Al13Sc3N16/65/xtal_29.cif,-37.815098,32.752396
xtal_3.cif,./Al13Sc3N16/65/xtal_3.cif,-79.23508,13.845301
xtal_30.cif,./Al13Sc3N16/65/xtal_30.cif,-85.36954,17.35359
xtal_31.cif,./Al13Sc3N16/65/xtal_31.cif,-45.819096,32.624695
xtal_32.cif,./Al13Sc3N16/__initial__/65/xtal_32.cif,-8.547833,38.598076
xtal_33.cif,./Al13Sc3N16/65/xtal_33.cif,-86.482956,23.859924
xtal_34.cif,./Al13Sc3N16/__initial__/65/xtal_34.cif,-62.892757,83.121994
xtal_35.cif,./Al13Sc3N16/__initial__/65/xtal_35.cif,-54.599926,12.157568
xtal_36.cif,./Al13Sc3N16/65/xtal_36.cif,15.455921,21.958702
xtal_37.cif,./Al13Sc3N16/__initial__/65/xtal_37.cif,-49.974495,73.2367
xtal_38.cif,./Al13Sc3N16/65/xtal_38.cif,-20.0926,-10.983873
xtal_39.cif,./Al13Sc3N16/__initial__/65/xtal_39.cif,-71.47151,53.342266
xtal_4.cif,./Al13Sc3N16/__initial__/65/xtal_4.cif,-12.860871,5.4209967
xtal_40.cif,./Al13Sc3N16/65/xtal_40.cif,-101.456116,-2.2247221
xtal_41.cif,./Al13Sc3N16/65/xtal_41.cif,-78.736534,-14.251272
xtal_42.cif,./Al13Sc3N16/65/xtal_42.cif,-59.67142,-22.79233
xtal_43.cif,./Al13Sc3N16/65/xtal_43.cif,-17.732378,54.925045
xtal_44.cif,./Al13Sc3N16/__initial__/65/xtal_44.cif,39.73826,72.75409
xtal_45.cif,./Al13Sc3N16/65/xtal_45.cif,-9.663737,68.79443
xtal_46.cif,./Al13Sc3N16/__initial__/65/xtal_46.cif,-34.03285,40.103237
xtal_47.cif,./Al13Sc3N16/65/xtal_47.cif,1.2786629,66.995834
xtal_48.cif,./Al13Sc3N16/65/xtal_48.cif,18.401287,-13.605251
xtal_49.cif,./Al13Sc3N16/__initial__/65/xtal_49.cif,-86.79682,26.776442
xtal_5.cif,./Al13Sc3N16/__initial__/65/xtal_5.cif,-67.48048,55.147167
xtal_50.cif,./Al13Sc3N16/65/xtal_50.cif,-69.53233,-11.018638
xtal_51.cif,./Al13Sc3N16/__initial__/65/xtal_51.cif,42.61322,55.935795
xtal_52.cif,./Al13Sc3N16/65/xtal_52.cif,-72.65533,19.42165
xtal_53.cif,./Al13Sc3N16/__initial__/65/xtal_53.cif,-14.628628,-24.317165
xtal_54.cif,./Al13Sc3N16/__initial__/65/xtal_54.cif,-90.99322,-13.571184
xtal_55.cif,./Al13Sc3N16/__initial__/65/xtal_55.cif,-32.913704,-16.502094
xtal_56.cif,./Al13Sc3N16/__initial__/65/xtal_56.cif,-77.781,43.00071
xtal_57.cif,./Al13Sc3N16/65/xtal_57.cif,-27.314665,87.36796
xtal_58.cif,./Al13Sc3N16/__initial__/65/xtal_58.cif,-49.87937,56.679314
xtal_59.cif,./Al13Sc3N16/65/xtal_59.cif,27.255846,74.50247
xtal_6.cif,./Al13Sc3N16/__initial__/65/xtal_6.cif,-90.574814,-15.372676
xtal_60.cif,./Al13Sc3N16/__initial__/65/xtal_60.cif,-81.89595,54.177017
xtal_61.cif,./Al13Sc3N16/65/xtal_61.cif,-46.482597,92.04473
xtal_62.cif,./Al13Sc3N16/65/xtal_62.cif,-45.430004,26.337095
xtal_63.cif,./Al13Sc3N16/65/xtal_63.cif,-51.363117,-12.320034
xtal_64.cif,./Al13Sc3N16/__initial__/65/xtal_64.cif,-52.304855,-17.19303
xtal_65.cif,./Al13Sc3N16/65/xtal_65.cif,-69.396,-13.863313
xtal_66.cif,./Al13Sc3N16/65/xtal_66.cif,-41.337154,82.69803
xtal_67.cif,./Al13Sc3N16/__initial__/65/xtal_67.cif,-63.109123,2.809601
xtal_68.cif,./Al13Sc3N16/__initial__/65/xtal_68.cif,2.261607,84.03179
xtal_69.cif,./Al13Sc3N16/__initial__/65/xtal_69.cif,-18.363476,75.17962
xtal_7.cif,./Al13Sc3N16/__initial__/65/xtal_7.cif,-86.575386,33.676987
xtal_70.cif,./Al13Sc3N16/65/xtal_70.cif,-101.334,-17.103283
xtal_71.cif,./Al13Sc3N16/65/xtal_71.cif,47.56982,82.88533
xtal_72.cif,./Al13Sc3N16/65/xtal_72.cif,-76.12382,-39.562405
xtal_73.cif,./Al13Sc3N16/65/xtal_73.cif,-52.43031,67.959045
xtal_74.cif,./Al13Sc3N16/__initial__/65/xtal_74.cif,-50.37038,-40.442024
xtal_75.cif,./Al13Sc3N16/__initial__/65/xtal_75.cif,-20.253658,8.476822
xtal_76.cif,./Al13Sc3N16/__initial__/65/xtal_76.cif,-45.548325,75.31692
xtal_77.cif,./Al13Sc3N16/65/xtal_77.cif,-59.996704,89.48892
xtal_78.cif,./Al13Sc3N16/65/xtal_78.cif,67.105,70.55088
xtal_79.cif,./Al13Sc3N16/__initial__/65/xtal_79.cif,-19.023048,79.07949
xtal_8.cif,./Al13Sc3N16/__initial__/65/xtal_8.cif,-48.082195,-36.348747
xtal_80.cif,./Al13Sc3N16/65/xtal_80.cif,-63.21316,89.8852
xtal_81.cif,./Al13Sc3N16/__initial__/65/xtal_81.cif,-69.60679,-7.027015
xtal_82.cif,./Al13Sc3N16/65/xtal_82.cif,-53.22314,76.59426
xtal_83.cif,./Al13Sc3N16/__initial__/65/xtal_83.cif,15.1792755,36.218765
xtal_84.cif,./Al13Sc3N16/65/xtal_84.cif,-84.54097,-33.09962
xtal_85.cif,./Al13Sc3N16/65/xtal_85.cif,-37.86487,-6.2999864
xtal_86.cif,./Al13Sc3N16/65/xtal_86.cif,-70.87189,12.949738
xtal_87.cif,./Al13Sc3N16/__initial__/65/xtal_87.cif,-68.28007,-20.859785
xtal_88.cif,./Al13Sc3N16/65/xtal_88.cif,-20.840944,89.69977
xtal_89.cif,./Al13Sc3N16/65/xtal_89.cif,-15.1272745,33.66127
xtal_9.cif,./Al13Sc3N16/__initial__/65/xtal_9.cif,-71.7142,11.036111
xtal_90.cif,./Al13Sc3N16/__initial__/65/xtal_90.cif,-76.35744,33.24955
xtal_91.cif,./Al13Sc3N16/65/xtal_91.cif,-85.848595,39.68288
xtal_92.cif,./Al13Sc3N16/__initial__/65/xtal_92.cif,-55.78971,18.143974
xtal_93.cif,./Al13Sc3N16/65/xtal_93.cif,-70.81819,-38.92835
xtal_94.cif,./Al13Sc3N16/65/xtal_94.cif,-28.585608,-45.934315
xtal_95.cif,./Al13Sc3N16/65/xtal_95.cif,-82.21432,55.010414
xtal_96.cif,./Al13Sc3N16/__initial__/65/xtal_96.cif,-20.762226,23.108524
xtal_97.cif,./Al13Sc3N16/__initial__/65/xtal_97.cif,-42.25884,28.005856
xtal_98.cif,./Al13Sc3N16/__initial__/65/xtal_98.cif,-31.22901,-9.372959
xtal_99.cif,./Al13Sc3N16/65/xtal_99.cif,-55.74702,67.54714
xtal_1.cif,./Al13Sc3N16/__initial__/71/xtal_1.cif,7.632331,45.81025
xtal_10.cif,./Al13Sc3N16/71/xtal_10.cif,20.986496,43.51321
xtal_100.cif,./Al13Sc3N16/71/xtal_100.cif,7.939959,-36.898888
xtal_11.cif,./Al13Sc3N16/__initial__/71/xtal_11.cif,29.490294,70.03094
xtal_12.cif,./Al13Sc3N16/__initial__/71/xtal_12.cif,-30.370506,-39.158146
xtal_13.cif,./Al13Sc3N16/71/xtal_13.cif,-1.9081248,-19.00721
xtal_14.cif,./Al13Sc3N16/71/xtal_14.cif,-7.890302,-43.390636
xtal_15.cif,./Al13Sc3N16/71/xtal_15.cif,-49.05247,7.921076
xtal_16.cif,./Al13Sc3N16/__initial__/71/xtal_16.cif,-46.04837,13.920455
xtal_17.cif,./Al13Sc3N16/__initial__/71/xtal_17.cif,-54.818775,-30.359482
xtal_18.cif,./Al13Sc3N16/__initial__/71/xtal_18.cif,-49.64049,65.023796
xtal_19.cif,./Al13Sc3N16/71/xtal_19.cif,-40.14326,-22.83661
xtal_2.cif,./Al13Sc3N16/__initial__/71/xtal_2.cif,-79.94651,-30.51201
xtal_20.cif,./Al13Sc3N16/71/xtal_20.cif,-74.97934,31.659906
xtal_21.cif,./Al13Sc3N16/71/xtal_21.cif,-55.384724,0.8856482
xtal_22.cif,./Al13Sc3N16/71/xtal_22.cif,14.7008295,-2.5118587
xtal_23.cif,./Al13Sc3N16/71/xtal_23.cif,5.4037876,35.262314
xtal_24.cif,./Al13Sc3N16/__initial__/71/xtal_24.cif,-46.410797,45.81108
xtal_25.cif,./Al13Sc3N16/__initial__/71/xtal_25.cif,-44.67055,30.711199
xtal_26.cif,./Al13Sc3N16/__initial__/71/xtal_26.cif,-34.079308,11.220222
xtal_27.cif,./Al13Sc3N16/71/xtal_27.cif,25.8567,36.42087
xtal_28.cif,./Al13Sc3N16/__initial__/71/xtal_28.cif,12.405198,15.199053
xtal_29.cif,./Al13Sc3N16/__initial__/71/xtal_29.cif,-46.073666,62.83652
xtal_3.cif,./Al13Sc3N16/71/xtal_3.cif,-0.89996463,0.47018293
xtal_30.cif,./Al13Sc3N16/__initial__/71/xtal_30.cif,-0.9724827,77.487366
xtal_31.cif,./Al13Sc3N16/__initial__/71/xtal_31.cif,-22.722275,23.072206
xtal_32.cif,./Al13Sc3N16/__initial__/71/xtal_32.cif,-51.365215,-5.8358026
xtal_33.cif,./Al13Sc3N16/__initial__/71/xtal_33.cif,-50.512123,-37.800175
xtal_34.cif,./Al13Sc3N16/__initial__/71/xtal_34.cif,-81.67291,-44.29483
xtal_35.cif,./Al13Sc3N16/71/xtal_35.cif,-22.886702,53.434
xtal_36.cif,./Al13Sc3N16/71/xtal_36.cif,-0.19529204,-9.331846
xtal_37.cif,./Al13Sc3N16/__initial__/71/xtal_37.cif,-23.042412,0.3467246
xtal_38.cif,./Al13Sc3N16/__initial__/71/xtal_38.cif,-71.81774,70.82342
xtal_39.cif,./Al13Sc3N16/71/xtal_39.cif,-14.137981,-45.596474
xtal_4.cif,./Al13Sc3N16/__initial__/71/xtal_4.cif,-69.9116,50.126945
xtal_40.cif,./Al13Sc3N16/71/xtal_40.cif,26.387491,2.5255272
xtal_41.cif,./Al13Sc3N16/__initial__/71/xtal_41.cif,-20.845364,-37.825172
xtal_42.cif,./Al13Sc3N16/71/xtal_42.cif,-29.536427,-25.94983
xtal_43.cif,./Al13Sc3N16/71/xtal_43.cif,-40.489567,91.326706
xtal_44.cif,./Al13Sc3N16/__initial__/71/xtal_44.cif,-80.753876,68.37617
xtal_45.cif,./Al13Sc3N16/__initial__/71/xtal_45.cif,-45.048214,-74.25863
xtal_46.cif,./Al13Sc3N16/71/xtal_46.cif,-29.839188,37.972656
xtal_47.cif,./Al13Sc3N16/__initial__/71/xtal_47.cif,1.6540695,67.81156
xtal_48.cif,./Al13Sc3N16/__initial__/71/xtal_48.cif,-27.380281,82.8124
xtal_49.cif,./Al13Sc3N16/71/xtal_49.cif,-23.61466,4.150344
xtal_5.cif,./Al13Sc3N16/__initial__/71/xtal_5.cif,-73.80549,-24.41702
xtal_50.cif,./Al13Sc3N16/71/xtal_50.cif,-55.890182,44.93603
xtal_51.cif,./Al13Sc3N16/71/xtal_51.cif,6.9071245,-32.13893
xtal_52.cif,./Al13Sc3N16/71/xtal_52.cif,-47.751667,82.49967
xtal_53.cif,./Al13Sc3N16/__initial__/71/xtal_53.cif,-51.41041,3.6959567
xtal_54.cif,./Al13Sc3N16/71/xtal_54.cif,-5.6234765,-40.93752
xtal_55.cif,./Al13Sc3N16/71/xtal_55.cif,-30.364937,31.279362
xtal_56.cif,./Al13Sc3N16/__initial__/71/xtal_56.cif,-67.15517,82.30558
xtal_57.cif,./Al13Sc3N16/__initial__/71/xtal_57.cif,-2.675104,35.20436
xtal_58.cif,./Al13Sc3N16/__initial__/71/xtal_58.cif,-50.924862,54.792774
xtal_59.cif,./Al13Sc3N16/__initial__/71/xtal_59.cif,-46.959343,69.452995
xtal_6.cif,./Al13Sc3N16/71/xtal_6.cif,-58.383377,-32.05729
xtal_60.cif,./Al13Sc3N16/71/xtal_60.cif,-29.01721,26.078074
xtal_61.cif,./Al13Sc3N16/71/xtal_61.cif,-85.8919,-28.31905
xtal_62.cif,./Al13Sc3N16/71/xtal_62.cif,-73.6743,-27.368404
xtal_63.cif,./Al13Sc3N16/71/xtal_63.cif,-53.78044,75.19999
xtal_64.cif,./Al13Sc3N16/__initial__/71/xtal_64.cif,-60.615814,64.83908
xtal_65.cif,./Al13Sc3N16/71/xtal_65.cif,-69.05253,-26.11375
xtal_66.cif,./Al13Sc3N16/71/xtal_66.cif,-50.538197,-37.931217
xtal_67.cif,./Al13Sc3N16/__initial__/71/xtal_67.cif,-62.209747,-25.446882
xtal_68.cif,./Al13Sc3N16/__initial__/71/xtal_68.cif,31.626987,84.00033
xtal_69.cif,./Al13Sc3N16/__initial__/71/xtal_69.cif,38.580208,27.599525
xtal_7.cif,./Al13Sc3N16/__initial__/71/xtal_7.cif,68.35343,69.08235
xtal_70.cif,./Al13Sc3N16/71/xtal_70.cif,-54.255665,42.63307
xtal_71.cif,./Al13Sc3N16/71/xtal_71.cif,-83.2333,3.2245207
xtal_72.cif,./Al13Sc3N16/71/xtal_72.cif,48.7673,78.111824
xtal_73.cif,./Al13Sc3N16/__initial__/71/xtal_73.cif,-8.425254,37.03074
xtal_74.cif,./Al13Sc3N16/71/xtal_74.cif,59.539375,63.537487
xtal_75.cif,./Al13Sc3N16/71/xtal_75.cif,18.647478,38.870815
xtal_76.cif,./Al13Sc3N16/__initial__/71/xtal_76.cif,-71.78463,-14.006326
xtal_77.cif,./Al13Sc3N16/__initial__/71/xtal_77.cif,-40.332783,91.55646
xtal_78.cif,./Al13Sc3N16/__initial__/71/xtal_78.cif,10.788982,19.545164
xtal_79.cif,./Al13Sc3N16/__initial__/71/xtal_79.cif,-55.87476,-5.310394
xtal_8.cif,./Al13Sc3N16/71/xtal_8.cif,-26.837187,85.66795
xtal_80.cif,./Al13Sc3N16/__initial__/71/xtal_80.cif,-13.4687395,10.910998
xtal_81.cif,./Al13Sc3N16/71/xtal_81.cif,-29.663012,93.47127
xtal_82.cif,./Al13Sc3N16/71/xtal_82.cif,12.338937,69.330536
xtal_83.cif,./Al13Sc3N16/71/xtal_83.cif,-6.4808197,25.296846
xtal_84.cif,./Al13Sc3N16/71/xtal_84.cif,-61.105774,-34.99292
xtal_85.cif,./Al13Sc3N16/__initial__/71/xtal_85.cif,1.0257992,46.85477
xtal_86.cif,./Al13Sc3N16/__initial__/71/xtal_86.cif,-72.674614,57.204304
xtal_87.cif,./Al13Sc3N16/71/xtal_87.cif,-73.58462,33.02514
xtal_88.cif,./Al13Sc3N16/71/xtal_88.cif,-75.36854,-40.413895
xtal_89.cif,./Al13Sc3N16/__initial__/71/xtal_89.cif,30.741026,56.390865
xtal_9.cif,./Al13Sc3N16/71/xtal_9.cif,-84.867966,-30.65409
xtal_90.cif,./Al13Sc3N16/__initial__/71/xtal_90.cif,-63.3159,-16.078615
xtal_91.cif,./Al13Sc3N16/71/xtal_91.cif,-62.753044,65.48056
xtal_92.cif,./Al13Sc3N16/__initial__/71/xtal_92.cif,-58.485607,70.30507
xtal_93.cif,./Al13Sc3N16/__initial__/71/xtal_93.cif,11.291339,68.71781
xtal_94.cif,./Al13Sc3N16/71/xtal_94.cif,-57.68058,8.5015745
xtal_95.cif,./Al13Sc3N16/__initial__/71/xtal_95.cif,-60.490017,12.850389
xtal_96.cif,./Al13Sc3N16/71/xtal_96.cif,-78.594345,-14.976583
xtal_97.cif,./Al13Sc3N16/71/xtal_97.cif,-49.487774,40.13156
xtal_98.cif,./Al13Sc3N16/71/xtal_98.cif,-28.575235,36.144836
xtal_99.cif,./Al13Sc3N16/__initial__/71/xtal_99.cif,-34.407562,38.98207
xtal_1.cif,./Al13Sc3N16/75/xtal_1.cif,-21.92898,44.199215
xtal_10.cif,./Al13Sc3N16/__initial__/75/xtal_10.cif,59.46752,-54.487156
xtal_100.cif,./Al13Sc3N16/75/xtal_100.cif,89.57849,-39.27643
xtal_11.cif,./Al13Sc3N16/__initial__/75/xtal_11.cif,-21.337276,46.68262
xtal_12.cif,./Al13Sc3N16/75/xtal_12.cif,66.859276,9.662195
xtal_13.cif,./Al13Sc3N16/__initial__/75/xtal_13.cif,74.30538,34.16031
xtal_14.cif,./Al13Sc3N16/__initial__/75/xtal_14.cif,-85.402016,-0.58125174
xtal_15.cif,./Al13Sc3N16/__initial__/75/xtal_15.cif,-29.463896,-54.730614
xtal_16.cif,./Al13Sc3N16/__initial__/75/xtal_16.cif,94.611244,-50.869724
xtal_17.cif,./Al13Sc3N16/__initial__/75/xtal_17.cif,-34.526527,45.059525
xtal_18.cif,./Al13Sc3N16/__initial__/75/xtal_18.cif,91.9828,-37.077003
xtal_19.cif,./Al13Sc3N16/75/xtal_19.cif,95.521416,-36.306335
xtal_2.cif,./Al13Sc3N16/75/xtal_2.cif,-40.22285,-42.322094
xtal_20.cif,./Al13Sc3N16/__initial__/75/xtal_20.cif,12.672974,18.623665
xtal_21.cif,./Al13Sc3N16/__initial__/75/xtal_21.cif,89.23471,-34.404865
xtal_22.cif,./Al13Sc3N16/__initial__/75/xtal_22.cif,85.24945,-58.039078
xtal_23.cif,./Al13Sc3N16/__initial__/75/xtal_23.cif,-31.815853,37.05681
xtal_24.cif,./Al13Sc3N16/75/xtal_24.cif,75.19531,-33.101776
xtal_25.cif,./Al13Sc3N16/75/xtal_25.cif,84.033615,-59.65686
xtal_26.cif,./Al13Sc3N16/__initial__/75/xtal_26.cif,-62.676853,-37.420258
xtal_27.cif,./Al13Sc3N16/__initial__/75/xtal_27.cif,79.06942,-60.924816
xtal_28.cif,./Al13Sc3N16/75/xtal_28.cif,92.86481,-40.572704
xtal_29.cif,./Al13Sc3N16/75/xtal_29.cif,-69.675285,46.695404
xtal_3.cif,./Al13Sc3N16/75/xtal_3.cif,70.22579,-71.05069
xtal_30.cif,./Al13Sc3N16/__initial__/75/xtal_30.cif,-10.816155,66.96338
xtal_31.cif,./Al13Sc3N16/75/xtal_31.cif,98.93675,1.3276514
xtal_32.cif,./Al13Sc3N16/__initial__/75/xtal_32.cif,-95.11496,-31.801077
xtal_33.cif,./Al13Sc3N16/75/xtal_33.cif,60.51815,24.478384
xtal_34.cif,./Al13Sc3N16/75/xtal_34.cif,-7.0204167,70.144844
xtal_35.cif,./Al13Sc3N16/75/xtal_35.cif,-26.67088,71.95322
xtal_36.cif,./Al13Sc3N16/__initial__/75/xtal_36.cif,44.034416,-67.471855
xtal_37.cif,./Al13Sc3N16/75/xtal_37.cif,49.409435,-82.5557
xtal_38.cif,./Al13Sc3N16/__initial__/75/xtal_38.cif,-57.563988,60.218292
xtal_39.cif,./Al13Sc3N16/75/xtal_39.cif,83.789444,50.884636
xtal_4.cif,./Al13Sc3N16/75/xtal_4.cif,26.874336,-64.96353
xtal_40.cif,./Al13Sc3N16/__initial__/75/xtal_40.cif,70.04193,22.990465
xtal_41.cif,./Al13Sc3N16/__initial__/75/xtal_41.cif,8.210496,25.621798
xtal_42.cif,./Al13Sc3N16/__initial__/75/xtal_42.cif,97.964806,-13.0269785
xtal_43.cif,./Al13Sc3N16/75/xtal_43.cif,9.928796,20.175573
xtal_44.cif,./Al13Sc3N16/__initial__/75/xtal_44.cif,83.709854,-52.593517
xtal_45.cif,./Al13Sc3N16/75/xtal_45.cif,2.2934523,17.18943
xtal_46.cif,./Al13Sc3N16/75/xtal_46.cif,-41.86589,51.365723
xtal_47.cif,./Al13Sc3N16/__initial__/75/xtal_47.cif,90.90435,-32.433834
xtal_48.cif,./Al13Sc3N16/75/xtal_48.cif,35.4124,-76.14496
xtal_49.cif,./Al13Sc3N16/75/xtal_49.cif,4.2322884,16.340229
xtal_5.cif,./Al13Sc3N16/75/xtal_5.cif,-76.651566,-42.825813
xtal_50.cif,./Al13Sc3N16/__initial__/75/xtal_50.cif,78.99921,-59.32678
xtal_51.cif,./Al13Sc3N16/75/xtal_51.cif,36.46989,46.64735
xtal_52.cif,./Al13Sc3N16/__initial__/75/xtal_52.cif,62.86705,-41.631756
xtal_53.cif,./Al13Sc3N16/__initial__/75/xtal_53.cif,37.77014,-3.5230763
xtal_54.cif,./Al13Sc3N16/75/xtal_54.cif,-26.512619,5.7529926
xtal_55.cif,./Al13Sc3N16/75/xtal_55.cif,78.09679,4.815215
xtal_56.cif,./Al13Sc3N16/75/xtal_56.cif,-58.44723,-29.912243
xtal_57.cif,./Al13Sc3N16/75/xtal_57.cif,35.193504,-95.516655
xtal_58.cif,./Al13Sc3N16/__initial__/75/xtal_58.cif,-27.883127,49.599236
xtal_59.cif,./Al13Sc3N16/75/xtal_59.cif,-30.325485,76.17363
xtal_6.cif,./Al13Sc3N16/__initial__/75/xtal_6.cif,65.689186,-69.579704
xtal_60.cif,./Al13Sc3N16/__initial__/75/xtal_60.cif,-62.095455,-59.16192
xtal_61.cif,./Al13Sc3N16/75/xtal_61.cif,82.771385,-47.35108
xtal_62.cif,./Al13Sc3N16/__initial__/75/xtal_62.cif,-8.430138,-3.3455157
xtal_63.cif,./Al13Sc3N16/75/xtal_63.cif,75.50614,-45.183945
xtal_64.cif,./Al13Sc3N16/__initial__/75/xtal_64.cif,15.4746,-75.24744
xtal_65.cif,./Al13Sc3N16/__initial__/75/xtal_65.cif,94.42675,-49.977505
xtal_66.cif,./Al13Sc3N16/__initial__/75/xtal_66.cif,99.90839,-36.5976
xtal_67.cif,./Al13Sc3N16/75/xtal_67.cif,73.15244,-39.51516
xtal_68.cif,./Al13Sc3N16/__initial__/75/xtal_68.cif,64.24174,-40.756374
xtal_69.cif,./Al13Sc3N16/__initial__/75/xtal_69.cif,88.72952,-5.5923066
xtal_7.cif,./Al13Sc3N16/75/xtal_7.cif,68.34461,5.837282
xtal_70.cif,./Al13Sc3N16/__initial__/75/xtal_70.cif,89.28834,-51.427605
xtal_71.cif,./Al13Sc3N16/75/xtal_71.cif,98.084015,-0.13668735
xtal_72.cif,./Al13Sc3N16/75/xtal_72.cif,77.87549,-55.94732
xtal_73.cif,./Al13Sc3N16/__initial__/75/xtal_73.cif,-62.108936,-65.81694
xtal_74.cif,./Al13Sc3N16/__initial__/75/xtal_74.cif,46.904606,-48.20369
xtal_75.cif,./Al13Sc3N16/__initial__/75/xtal_75.cif,58.840317,-29.528755
xtal_76.cif,./Al13Sc3N16/__initial__/75/xtal_76.cif,40.421085,41.739254
xtal_77.cif,./Al13Sc3N16/75/xtal_77.cif,69.37675,-42.03856
xtal_78.cif,./Al13Sc3N16/75/xtal_78.cif,23.819252,-65.77051
xtal_79.cif,./Al13Sc3N16/75/xtal_79.cif,84.426285,-52.81213
xtal_8.cif,./Al13Sc3N16/__initial__/75/xtal_8.cif,-97.55652,-19.977362
xtal_80.cif,./Al13Sc3N16/__initial__/75/xtal_80.cif,94.302246,-34.05511
xtal_81.cif,./Al13Sc3N16/__initial__/75/xtal_81.cif,-42.152554,45.783295
xtal_82.cif,./Al13Sc3N16/75/xtal_82.cif,38.336987,-66.42694
xtal_83.cif,./Al13Sc3N16/__initial__/75/xtal_83.cif,13.504216,12.784056
xtal_84.cif,./Al13Sc3N16/75/xtal_84.cif,77.8535,-27.548172
xtal_85.cif,./Al13Sc3N16/75/xtal_85.cif,31.918262,-89.436615
xtal_86.cif,./Al13Sc3N16/75/xtal_86.cif,78.23258,-22.774017
xtal_87.cif,./Al13Sc3N16/75/xtal_87.cif,92.09112,-20.184439
xtal_88.cif,./Al13Sc3N16/75/xtal_88.cif,-66.38155,-51.637253
xtal_89.cif,./Al13Sc3N16/75/xtal_89.cif,-61.386845,-55.10813
xtal_9.cif,./Al13Sc3N16/__initial__/75/xtal_9.cif,87.74293,47.80376
xtal_90.cif,./Al13Sc3N16/__initial__/75/xtal_90.cif,-60.612247,-66.51562
xtal_91.cif,./Al13Sc3N16/__initial__/75/xtal_91.cif,81.70978,-55.230045
xtal_92.cif,./Al13Sc3N16/__initial__/75/xtal_92.cif,-71.62478,-8.556621
xtal_93.cif,./Al13Sc3N16/__initial__/75/xtal_93.cif,79.92027,-51.96876
xtal_94.cif,./Al13Sc3N16/75/xtal_94.cif,38.24847,39.491287
xtal_95.cif,./Al13Sc3N16/75/xtal_95.cif,67.11306,-30.632587
xtal_96.cif,./Al13Sc3N16/75/xtal_96.cif,0.026954118,-12.144998
xtal_97.cif,./Al13Sc3N16/__initial__/75/xtal_97.cif,18.455326,74.53446
xtal_98.cif,./Al13Sc3N16/75/xtal_98.cif,72.754074,-26.653154
xtal_99.cif,./Al13Sc3N16/75/xtal_99.cif,59.664986,-8.51505
xtal_1.cif,./Al13Sc3N16/77/xtal_1.cif,39.613125,-37.743813
xtal_10.cif,./Al13Sc3N16/__initial__/77/xtal_10.cif,93.96864,-22.565765
xtal_100.cif,./Al13Sc3N16/__initial__/77/xtal_100.cif,-24.170702,-7.6098022
xtal_11.cif,./Al13Sc3N16/77/xtal_11.cif,72.356316,29.683975
xtal_12.cif,./Al13Sc3N16/77/xtal_12.cif,-2.5913284,0.39484125
xtal_13.cif,./Al13Sc3N16/77/xtal_13.cif,-29.549078,-33.869232
xtal_14.cif,./Al13Sc3N16/77/xtal_14.cif,-19.829493,-23.446083
xtal_15.cif,./Al13Sc3N16/77/xtal_15.cif,91.20202,-20.421383
xtal_16.cif,./Al13Sc3N16/__initial__/77/xtal_16.cif,-74.29519,-58.82218
xtal_17.cif,./Al13Sc3N16/__initial__/77/xtal_17.cif,51.810627,-14.1725445
xtal_18.cif,./Al13Sc3N16/77/xtal_18.cif,26.217613,-7.47241
xtal_19.cif,./Al13Sc3N16/__initial__/77/xtal_19.cif,-69.98793,-45.132877
xtal_2.cif,./Al13Sc3N16/77/xtal_2.cif,36.241592,-61.277023
xtal_20.cif,./Al13Sc3N16/__initial__/77/xtal_20.cif,40.101864,43.657616
xtal_21.cif,./Al13Sc3N16/__initial__/77/xtal_21.cif,88.699425,-37.4234
xtal_22.cif,./Al13Sc3N16/__initial__/77/xtal_22.cif,-76.99087,-38.226894
xtal_23.cif,./Al13Sc3N16/__initial__/77/xtal_23.cif,-101.04744,-8.407004
xtal_24.cif,./Al13Sc3N16/__initial__/77/xtal_24.cif,81.51274,15.910812
xtal_25.cif,./Al13Sc3N16/__initial__/77/xtal_25.cif,79.63382,-51.96366
xtal_26.cif,./Al13Sc3N16/77/xtal_26.cif,37.49533,-57.683567
xtal_27.cif,./Al13Sc3N16/77/xtal_27.cif,-14.453642,-46.095516
xtal_28.cif,./Al13Sc3N16/77/xtal_28.cif,-27.007925,-50.28244
xtal_29.cif,./Al13Sc3N16/77/xtal_29.cif,-93.35429,-46.925182
xtal_3.cif,./Al13Sc3N16/__initial__/77/xtal_3.cif,24.233694,-37.01758
xtal_30.cif,./Al13Sc3N16/77/xtal_30.cif,11.206338,-5.6220016
xtal_31.cif,./Al13Sc3N16/__initial__/77/xtal_31.cif,47.370693,12.122578
xtal_32.cif,./Al13Sc3N16/77/xtal_32.cif,10.218755,-49.220398
xtal_33.cif,./Al13Sc3N16/__initial__/77/xtal_33.cif,82.45298,12.763696
xtal_34.cif,./Al13Sc3N16/__initial__/77/xtal_34.cif,-37.509415,3.1329496
xtal_35.cif,./Al13Sc3N16/__initial__/77/xtal_35.cif,62.192097,-18.108765
xtal_36.cif,./Al13Sc3N16/__initial__/77/xtal_36.cif,-33.023018,-41.40931
xtal_37.cif,./Al13Sc3N16/77/xtal_37.cif,-40.434483,-5.4463325
xtal_38.cif,./Al13Sc3N16/77/xtal_38.cif,60.573082,67.63535
xtal_39.cif,./Al13Sc3N16/__initial__/77/xtal_39.cif,-102.79517,5.6609416
xtal_4.cif,./Al13Sc3N16/__initial__/77/xtal_4.cif,50.181015,58.815445
xtal_40.cif,./Al13Sc3N16/__initial__/77/xtal_40.cif,48.46475,-14.4138975
xtal_41.cif,./Al13Sc3N16/77/xtal_41.cif,83.94283,-1.3308333
xtal_42.cif,./Al13Sc3N16/__initial__/77/xtal_42.cif,46.62231,-8.018974
xtal_43.cif,./Al13Sc3N16/77/xtal_43.cif,40.748947,-30.783207
xtal_44.cif,./Al13Sc3N16/__initial__/77/xtal_44.cif,50.19007,-52.5803
xtal_45.cif,./Al13Sc3N16/__initial__/77/xtal_45.cif,75.37581,49.71344
xtal_46.cif,./Al13Sc3N16/__initial__/77/xtal_46.cif,-39.893066,-32.687958
xtal_47.cif,./Al13Sc3N16/__initial__/77/xtal_47.cif,65.92868,38.318935
xtal_48.cif,./Al13Sc3N16/__initial__/77/xtal_48.cif,41.45892,-68.92493
xtal_49.cif,./Al13Sc3N16/77/xtal_49.cif,77.792015,19.938946
xtal_5.cif,./Al13Sc3N16/77/xtal_5.cif,21.172274,78.973175
xtal_50.cif,./Al13Sc3N16/77/xtal_50.cif,20.04418,31.246012
xtal_51.cif,./Al13Sc3N16/77/xtal_51.cif,-3.8432903,-11.079094
xtal_52.cif,./Al13Sc3N16/__initial__/77/xtal_52.cif,-81.03754,-18.641134
xtal_53.cif,./Al13Sc3N16/__initial__/77/xtal_53.cif,-11.157423,-13.950134
xtal_54.cif,./Al13Sc3N16/77/xtal_54.cif,89.88586,-37.553688
xtal_55.cif,./Al13Sc3N16/77/xtal_55.cif,-7.9163895,-65.231834
xtal_56.cif,./Al13Sc3N16/77/xtal_56.cif,-6.0298166,-19.72808
xtal_57.cif,./Al13Sc3N16/77/xtal_57.cif,-50.65933,-58.292694
xtal_58.cif,./Al13Sc3N16/77/xtal_58.cif,-3.6211889,-14.861
xtal_59.cif,./Al13Sc3N16/__initial__/77/xtal_59.cif,54.993824,-85.77496
xtal_6.cif,./Al13Sc3N16/77/xtal_6.cif,85.04918,-7.4870143
xtal_60.cif,./Al13Sc3N16/77/xtal_60.cif,38.039925,-13.573145
xtal_61.cif,./Al13Sc3N16/__initial__/77/xtal_61.cif,59.05921,14.867104
xtal_62.cif,./Al13Sc3N16/77/xtal_62.cif,74.28675,-26.31108
xtal_63.cif,./Al13Sc3N16/77/xtal_63.cif,53.38561,-32.789074
xtal_64.cif,./Al13Sc3N16/__initial__/77/xtal_64.cif,11.049445,-18.306522
xtal_65.cif,./Al13Sc3N16/__initial__/77/xtal_65.cif,-76.972694,-76.07924
xtal_66.cif,./Al13Sc3N16/__initial__/77/xtal_66.cif,-36.46016,26.61533
xtal_67.cif,./Al13Sc3N16/77/xtal_67.cif,54.978256,33.117764
xtal_68.cif,./Al13Sc3N16/__initial__/77/xtal_68.cif,3.8822536,-71.43422
xtal_69.cif,./Al13Sc3N16/77/xtal_69.cif,31.524828,-78.9207
xtal_7.cif,./Al13Sc3N16/__initial__/77/xtal_7.cif,47.570404,-45.820282
xtal_70.cif,./Al13Sc3N16/77/xtal_70.cif,33.231773,-75.60513
xtal_71.cif,./Al13Sc3N16/__initial__/77/xtal_71.cif,-60.73756,-60.76784
xtal_72.cif,./Al13Sc3N16/77/xtal_72.cif,-48.17043,46.626488
xtal_73.cif,./Al13Sc3N16/77/xtal_73.cif,-43.008213,-50.770664
xtal_74.cif,./Al13Sc3N16/__initial__/77/xtal_74.cif,-24.751167,33.152355
xtal_75.cif,./Al13Sc3N16/__initial__/77/xtal_75.cif,68.91048,41.539364
xtal_76.cif,./Al13Sc3N16/__initial__/77/xtal_76.cif,18.69575,-37.271378
xtal_77.cif,./Al13Sc3N16/77/xtal_77.cif,25.487492,-51.592136
xtal_78.cif,./Al13Sc3N16/__initial__/77/xtal_78.cif,93.24139,-35.194935
xtal_79.cif,./Al13Sc3N16/__initial__/77/xtal_79.cif,87.48417,26.828657
xtal_8.cif,./Al13Sc3N16/__initial__/77/xtal_8.cif,-20.747908,-15.629518
xtal_80.cif,./Al13Sc3N16/__initial__/77/xtal_80.cif,62.66872,-4.689933
xtal_81.cif,./Al13Sc3N16/77/xtal_81.cif,-80.455986,-49.560524
xtal_82.cif,./Al13Sc3N16/77/xtal_82.cif,-24.213676,-52.02076
xtal_83.cif,./Al13Sc3N16/77/xtal_83.cif,-31.59553,-49.689514
xtal_84.cif,./Al13Sc3N16/__initial__/77/xtal_84.cif,-93.18202,-16.590984
xtal_85.cif,./Al13Sc3N16/__initial__/77/xtal_85.cif,17.45944,-71.908646
xtal_86.cif,./Al13Sc3N16/77/xtal_86.cif,-48.03157,-21.008165
xtal_87.cif,./Al13Sc3N16/__initial__/77/xtal_87.cif,77.5744,8.495983
xtal_88.cif,./Al13Sc3N16/77/xtal_88.cif,6.4207025,25.314602
xtal_89.cif,./Al13Sc3N16/77/xtal_89.cif,77.60618,19.932875
xtal_9.cif,./Al13Sc3N16/77/xtal_9.cif,38.48894,-80.28806
xtal_90.cif,./Al13Sc3N16/77/xtal_90.cif,16.447266,-29.333128
xtal_91.cif,./Al13Sc3N16/77/xtal_91.cif,35.402416,-34.120327
xtal_92.cif,./Al13Sc3N16/__initial__/77/xtal_92.cif,49.194656,11.288426
xtal_93.cif,./Al13Sc3N16/77/xtal_93.cif,49.016186,-14.308773
xtal_94.cif,./Al13Sc3N16/77/xtal_94.cif,-83.32211,-40.246677
xtal_95.cif,./Al13Sc3N16/77/xtal_95.cif,-24.938171,-6.9825373
xtal_96.cif,./Al13Sc3N16/__initial__/77/xtal_96.cif,-17.025543,49.47246
xtal_97.cif,./Al13Sc3N16/77/xtal_97.cif,53.994316,-31.4195
xtal_98.cif,./Al13Sc3N16/77/xtal_98.cif,-50.26843,-16.459778
xtal_99.cif,./Al13Sc3N16/77/xtal_99.cif,79.62537,30.058645
xtal_1.cif,./Al13Sc3N16/79/xtal_1.cif,71.0627,-61.350006
xtal_10.cif,./Al13Sc3N16/__initial__/79/xtal_10.cif,40.74217,-93.49393
xtal_100.cif,./Al13Sc3N16/__initial__/79/xtal_100.cif,-47.73879,-5.533799
xtal_11.cif,./Al13Sc3N16/__initial__/79/xtal_11.cif,19.52696,-59.931854
xtal_12.cif,./Al13Sc3N16/79/xtal_12.cif,58.077827,-43.935894
xtal_13.cif,./Al13Sc3N16/__initial__/79/xtal_13.cif,-27.162212,75.38091
xtal_14.cif,./Al13Sc3N16/__initial__/79/xtal_14.cif,30.253891,-56.090088
xtal_15.cif,./Al13Sc3N16/__initial__/79/xtal_15.cif,-14.241782,65.05735
xtal_16.cif,./Al13Sc3N16/__initial__/79/xtal_16.cif,18.415861,34.294262
xtal_17.cif,./Al13Sc3N16/79/xtal_17.cif,-59.081284,86.60225
xtal_18.cif,./Al13Sc3N16/79/xtal_18.cif,11.006755,-25.380955
xtal_19.cif,./Al13Sc3N16/__initial__/79/xtal_19.cif,91.35131,14.443578
xtal_2.cif,./Al13Sc3N16/__initial__/79/xtal_2.cif,79.7033,-31.900625
xtal_20.cif,./Al13Sc3N16/__initial__/79/xtal_20.cif,45.6648,-48.169483
xtal_21.cif,./Al13Sc3N16/__initial__/79/xtal_21.cif,14.731364,38.297195
xtal_22.cif,./Al13Sc3N16/__initial__/79/xtal_22.cif,-36.44971,71.85949
xtal_23.cif,./Al13Sc3N16/79/xtal_23.cif,-72.45398,51.650284
xtal_24.cif,./Al13Sc3N16/__initial__/79/xtal_24.cif,74.321014,-25.95063
xtal_25.cif,./Al13Sc3N16/79/xtal_25.cif,38.610058,-89.52226
xtal_26.cif,./Al13Sc3N16/__initial__/79/xtal_26.cif,-59.893406,-52.12384
xtal_27.cif,./Al13Sc3N16/79/xtal_27.cif,1.6937729,36.556896
xtal_28.cif,./Al13Sc3N16/__initial__/79/xtal_28.cif,-52.524933,-7.435566
xtal_29.cif,./Al13Sc3N16/__initial__/79/xtal_29.cif,-51.690907,-20.957083
xtal_3.cif,./Al13Sc3N16/__initial__/79/xtal_3.cif,86.893394,28.093954
xtal_30.cif,./Al13Sc3N16/79/xtal_30.cif,33.81288,-35.985497
xtal_31.cif,./Al13Sc3N16/79/xtal_31.cif,-1.7962614,-30.558695
xtal_32.cif,./Al13Sc3N16/__initial__/79/xtal_32.cif,-75.858734,-30.92133
xtal_33.cif,./Al13Sc3N16/__initial__/79/xtal_33.cif,-68.625984,-27.185186
xtal_34.cif,./Al13Sc3N16/__initial__/79/xtal_34.cif,-19.620089,-32.92395
xtal_35.cif,./Al13Sc3N16/79/xtal_35.cif,85.85164,-43.83462
xtal_36.cif,./Al13Sc3N16/__initial__/79/xtal_36.cif,-24.073101,44.484406
xtal_37.cif,./Al13Sc3N16/79/xtal_37.cif,45.374054,-64.44051
xtal_38.cif,./Al13Sc3N16/79/xtal_38.cif,25.705036,74.3628
xtal_39.cif,./Al13Sc3N16/__initial__/79/xtal_39.cif,1.5197368,86.25983
xtal_4.cif,./Al13Sc3N16/79/xtal_4.cif,-20.303581,-52.57081
xtal_40.cif,./Al13Sc3N16/__initial__/79/xtal_40.cif,68.07947,-60.92921
xtal_41.cif,./Al13Sc3N16/79/xtal_41.cif,48.33305,-16.414103
xtal_42.cif,./Al13Sc3N16/79/xtal_42.cif,14.029526,70.23809
xtal_43.cif,./Al13Sc3N16/79/xtal_43.cif,-75.35252,-48.50234
xtal_44.cif,./Al13Sc3N16/79/xtal_44.cif,7.4415565,23.998274
xtal_45.cif,./Al13Sc3N16/79/xtal_45.cif,75.644066,46.75996
xtal_46.cif,./Al13Sc3N16/__initial__/79/xtal_46.cif,74.280914,-41.492683
xtal_47.cif,./Al13Sc3N16/__initial__/79/xtal_47.cif,85.62625,-35.16284
xtal_48.cif,./Al13Sc3N16/__initial__/79/xtal_48.cif,56.626892,34.41242
xtal_49.cif,./Al13Sc3N16/__initial__/79/xtal_49.cif,69.14865,-25.216192
xtal_5.cif,./Al13Sc3N16/__initial__/79/xtal_5.cif,58.02588,-55.07782
xtal_50.cif,./Al13Sc3N16/79/xtal_50.cif,86.92104,-58.168198
xtal_51.cif,./Al13Sc3N16/__initial__/79/xtal_51.cif,79.30392,-47.010834
xtal_52.cif,./Al13Sc3N16/__initial__/79/xtal_52.cif,-92.741196,53.538647
xtal_53.cif,./Al13Sc3N16/79/xtal_53.cif,85.74074,-52.20254
xtal_54.cif,./Al13Sc3N16/__initial__/79/xtal_54.cif,-47.117363,49.025414
xtal_55.cif,./Al13Sc3N16/__initial__/79/xtal_55.cif,82.89874,-68.66309
xtal_56.cif,./Al13Sc3N16/79/xtal_56.cif,-22.663181,58.257957
xtal_57.cif,./Al13Sc3N16/79/xtal_57.cif,-33.770195,-36.238716
xtal_58.cif,./Al13Sc3N16/79/xtal_58.cif,-33.40374,6.045209
xtal_59.cif,./Al13Sc3N16/79/xtal_59.cif,97.5227,3.5442913
xtal_6.cif,./Al13Sc3N16/__initial__/79/xtal_6.cif,-52.140724,78.91156
xtal_60.cif,./Al13Sc3N16/79/xtal_60.cif,25.793364,61.283367
xtal_61.cif,./Al13Sc3N16/79/xtal_61.cif,-71.071594,-33.670643
xtal_62.cif,./Al13Sc3N16/__initial__/79/xtal_62.cif,-7.5018573,5.2920356
xtal_63.cif,./Al13Sc3N16/79/xtal_63.cif,47.0842,-43.03701
xtal_64.cif,./Al13Sc3N16/__initial__/79/xtal_64.cif,-10.489556,60.370747
xtal_65.cif,./Al13Sc3N16/79/xtal_65.cif,-30.456327,3.0344765
xtal_66.cif,./Al13Sc3N16/__initial__/79/xtal_66.cif,72.384155,-83.22697
xtal_67.cif,./Al13Sc3N16/__initial__/79/xtal_67.cif,74.67305,-68.70551
xtal_68.cif,./Al13Sc3N16/79/xtal_68.cif,10.138316,79.332634
xtal_69.cif,./Al13Sc3N16/__initial__/79/xtal_69.cif,-62.52708,-21.985899
xtal_7.cif,./Al13Sc3N16/79/xtal_7.cif,68.15752,-69.19507
xtal_70.cif,./Al13Sc3N16/__initial__/79/xtal_70.cif,-30.047113,54.21526
xtal_71.cif,./Al13Sc3N16/79/xtal_71.cif,-35.602806,-0.5992159
xtal_72.cif,./Al13Sc3N16/__initial__/79/xtal_72.cif,-58.30099,-9.426978
xtal_73.cif,./Al13Sc3N16/79/xtal_73.cif,-30.977299,-29.056438
xtal_74.cif,./Al13Sc3N16/79/xtal_74.cif,2.3650038,17.289022
xtal_75.cif,./Al13Sc3N16/79/xtal_75.cif,-65.66175,-54.32527
xtal_76.cif,./Al13Sc3N16/__initial__/79/xtal_76.cif,-12.964935,-14.757598
xtal_77.cif,./Al13Sc3N16/__initial__/79/xtal_77.cif,-51.171448,-54.558678
xtal_78.cif,./Al13Sc3N16/__initial__/79/xtal_78.cif,75.149055,13.352628
xtal_79.cif,./Al13Sc3N16/79/xtal_79.cif,15.673237,10.00573
xtal_8.cif,./Al13Sc3N16/__initial__/79/xtal_8.cif,-62.763794,66.49794
xtal_80.cif,./Al13Sc3N16/__initial__/79/xtal_80.cif,-33.72844,-40.666656
xtal_81.cif,./Al13Sc3N16/79/xtal_81.cif,58.222107,-83.09984
xtal_82.cif,./Al13Sc3N16/79/xtal_82.cif,-47.876472,-77.46073
xtal_83.cif,./Al13Sc3N16/__initial__/79/xtal_83.cif,42.437885,-94.64686
xtal_84.cif,./Al13Sc3N16/__initial__/79/xtal_84.cif,81.36371,-37.465736
xtal_85.cif,./Al13Sc3N16/79/xtal_85.cif,-38.412327,14.372772
xtal_86.cif,./Al13Sc3N16/79/xtal_86.cif,29.462227,91.143776
xtal_87.cif,./Al13Sc3N16/79/xtal_87.cif,83.15631,-57.839844
xtal_88.cif,./Al13Sc3N16/__initial__/79/xtal_88.cif,-0.1945255,92.9152
xtal_89.cif,./Al13Sc3N16/79/xtal_89.cif,-27.67264,72.19744
xtal_9.cif,./Al13Sc3N16/79/xtal_9.cif,65.32949,-86.25585
xtal_90.cif,./Al13Sc3N16/79/xtal_90.cif,-64.43818,17.936691
xtal_91.cif,./Al13Sc3N16/79/xtal_91.cif,43.189255,84.40622
xtal_92.cif,./Al13Sc3N16/79/xtal_92.cif,76.44722,-38.96315
xtal_93.cif,./Al13Sc3N16/__initial__/79/xtal_93.cif,23.373398,89.228004
xtal_94.cif,./Al13Sc3N16/79/xtal_94.cif,26.361776,-64.177025
xtal_95.cif,./Al13Sc3N16/__initial__/79/xtal_95.cif,80.37062,-34.208206
xtal_96.cif,./Al13Sc3N16/79/xtal_96.cif,-3.7956285,87.67416
xtal_97.cif,./Al13Sc3N16/79/xtal_97.cif,-40.786728,-41.074104
xtal_98.cif,./Al13Sc3N16/79/xtal_98.cif,-57.64916,-37.03966
xtal_99.cif,./Al13Sc3N16/79/xtal_99.cif,26.368343,-37.663597
xtal_1.cif,./Al13Sc3N16/81/xtal_1.cif,8.061897,-56.837124
xtal_10.cif,./Al13Sc3N16/81/xtal_10.cif,22.716942,-10.968175
xtal_100.cif,./Al13Sc3N16/__initial__/81/xtal_100.cif,85.501175,31.139639
xtal_11.cif,./Al13Sc3N16/81/xtal_11.cif,12.491085,-7.088116
xtal_12.cif,./Al13Sc3N16/__initial__/81/xtal_12.cif,89.7508,18.386917
xtal_13.cif,./Al13Sc3N16/__initial__/81/xtal_13.cif,-28.477806,-21.326223
xtal_14.cif,./Al13Sc3N16/__initial__/81/xtal_14.cif,11.097285,27.50778
xtal_15.cif,./Al13Sc3N16/__initial__/81/xtal_15.cif,-25.464668,-51.26888
xtal_16.cif,./Al13Sc3N16/__initial__/81/xtal_16.cif,-38.77686,17.922146
xtal_17.cif,./Al13Sc3N16/81/xtal_17.cif,74.15165,1.8484002
xtal_18.cif,./Al13Sc3N16/81/xtal_18.cif,-14.988311,-31.918785
xtal_19.cif,./Al13Sc3N16/81/xtal_19.cif,55.564953,1.3151838
xtal_2.cif,./Al13Sc3N16/__initial__/81/xtal_2.cif,57.200584,58.018623
xtal_20.cif,./Al13Sc3N16/81/xtal_20.cif,-84.243004,-51.796253
xtal_21.cif,./Al13Sc3N16/__initial__/81/xtal_21.cif,30.963234,90.139046
xtal_22.cif,./Al13Sc3N16/81/xtal_22.cif,-0.61142135,53.846447
xtal_23.cif,./Al13Sc3N16/81/xtal_23.cif,-59.3625,-75.40562
xtal_24.cif,./Al13Sc3N16/81/xtal_24.cif,81.73416,38.844604
xtal_25.cif,./Al13Sc3N16/81/xtal_25.cif,16.19381,-68.85661
xtal_26.cif,./Al13Sc3N16/81/xtal_26.cif,-65.31191,-60.59585
xtal_27.cif,./Al13Sc3N16/__initial__/81/xtal_27.cif,18.986603,-66.7609
xtal_28.cif,./Al13Sc3N16/81/xtal_28.cif,-83.76344,-40.34926
xtal_29.cif,./Al13Sc3N16/__initial__/81/xtal_29.cif,-34.317947,28.900795
xtal_3.cif,./Al13Sc3N16/__initial__/81/xtal_3.cif,60.74345,-61.743492
xtal_30.cif,./Al13Sc3N16/81/xtal_30.cif,84.877,41.085342
xtal_31.cif,./Al13Sc3N16/__initial__/81/xtal_31.cif,30.81512,-87.02097
xtal_32.cif,./Al13Sc3N16/81/xtal_32.cif,-31.758432,36.957474
xtal_33.cif,./Al13Sc3N16/__initial__/81/xtal_33.cif,-77.163734,-64.61304
xtal_34.cif,./Al13Sc3N16/__initial__/81/xtal_34.cif,-27.41796,73.40308
xtal_35.cif,./Al13Sc3N16/__initial__/81/xtal_35.cif,54.233047,-0.9603342
xtal_36.cif,./Al13Sc3N16/__initial__/81/xtal_36.cif,-60.208054,-32.59682
xtal_37.cif,./Al13Sc3N16/__initial__/81/xtal_37.cif,48.548527,-70.442024
xtal_38.cif,./Al13Sc3N16/81/xtal_38.cif,36.117264,-46.658226
xtal_39.cif,./Al13Sc3N16/__initial__/81/xtal_39.cif,96.43657,-12.149373
xtal_4.cif,./Al13Sc3N16/81/xtal_4.cif,32.464283,-32.052853
xtal_40.cif,./Al13Sc3N16/__initial__/81/xtal_40.cif,-30.603207,60.005695
xtal_41.cif,./Al13Sc3N16/81/xtal_41.cif,-57.768955,83.23582
xtal_42.cif,./Al13Sc3N16/__initial__/81/xtal_42.cif,7.5605745,93.130516
xtal_43.cif,./Al13Sc3N16/__initial__/81/xtal_43.cif,-6.0164137,3.3563035
xtal_44.cif,./Al13Sc3N16/81/xtal_44.cif,20.53633,-10.286849
xtal_45.cif,./Al13Sc3N16/81/xtal_45.cif,25.897768,-61.586136
xtal_46.cif,./Al13Sc3N16/81/xtal_46.cif,63.53014,41.801933
xtal_47.cif,./Al13Sc3N16/81/xtal_47.cif,-28.778374,78.8394
xtal_48.cif,./Al13Sc3N16/81/xtal_48.cif,-6.197401,-40.778683
xtal_49.cif,./Al13Sc3N16/81/xtal_49.cif,35.29639,-63.227303
xtal_5.cif,./Al13Sc3N16/__initial__/81/xtal_5.cif,57.25305,-31.082056
xtal_50.cif,./Al13Sc3N16/81/xtal_50.cif,-58.783722,-58.465443
xtal_51.cif,./Al13Sc3N16/__initial__/81/xtal_51.cif,-21.26318,43.227417
xtal_52.cif,./Al13Sc3N16/81/xtal_52.cif,15.204817,-87.15176
xtal_53.cif,./Al13Sc3N16/81/xtal_53.cif,68.32895,-8.740566
xtal_54.cif,./Al13Sc3N16/81/xtal_54.cif,-38.72147,-52.5686
xtal_55.cif,./Al13Sc3N16/81/xtal_55.cif,36.223785,-32.176575
xtal_56.cif,./Al13Sc3N16/81/xtal_56.cif,31.36513,92.73269
xtal_57.cif,./Al13Sc3N16/81/xtal_57.cif,76.43903,25.046228
xtal_58.cif,./Al13Sc3N16/__initial__/81/xtal_58.cif,74.8612,21.237194
xtal_59.cif,./Al13Sc3N16/81/xtal_59.cif,85.02894,41.72836
xtal_6.cif,./Al13Sc3N16/81/xtal_6.cif,49.379147,-47.286007
xtal_60.cif,./Al13Sc3N16/81/xtal_60.cif,27.162859,-81.4747
xtal_61.cif,./Al13Sc3N16/81/xtal_61.cif,52.03511,-39.111465
xtal_62.cif,./Al13Sc3N16/__initial__/81/xtal_62.cif,-3.3123817,32.323307
xtal_63.cif,./Al13Sc3N16/__initial__/81/xtal_63.cif,76.19213,64.02646
xtal_64.cif,./Al13Sc3N16/__initial__/81/xtal_64.cif,10.537662,55.173508
xtal_65.cif,./Al13Sc3N16/81/xtal_65.cif,64.20793,-7.0230026
xtal_66.cif,./Al13Sc3N16/__initial__/81/xtal_66.cif,20.609163,85.001785
xtal_67.cif,./Al13Sc3N16/81/xtal_67.cif,0.03896243,57.01513
xtal_68.cif,./Al13Sc3N16/__initial__/81/xtal_68.cif,9.8840685,-8.087515
xtal_69.cif,./Al13Sc3N16/__initial__/81/xtal_69.cif,91.41813,-12.676951
xtal_7.cif,./Al13Sc3N16/81/xtal_7.cif,34.136887,-64.11097
xtal_70.cif,./Al13Sc3N16/81/xtal_70.cif,49.9089,-15.63513
xtal_71.cif,./Al13Sc3N16/__initial__/81/xtal_71.cif,-34.29591,6.0050454
xtal_72.cif,./Al13Sc3N16/__initial__/81/xtal_72.cif,87.36947,3.4578035
xtal_73.cif,./Al13Sc3N16/81/xtal_73.cif,77.71416,12.962827
xtal_74.cif,./Al13Sc3N16/__initial__/81/xtal_74.cif,-81.54624,-25.862839
xtal_75.cif,./Al13Sc3N16/81/xtal_75.cif,7.854622,22.866287
xtal_76.cif,./Al13Sc3N16/81/xtal_76.cif,95.94061,-5.2556725
xtal_77.cif,./Al13Sc3N16/81/xtal_77.cif,-25.31632,-42.332317
xtal_78.cif,./Al13Sc3N16/__initial__/81/xtal_78.cif,83.724655,29.407398
xtal_79.cif,./Al13Sc3N16/__initial__/81/xtal_79.cif,-63.151745,50.915047
xtal_8.cif,./Al13Sc3N16/81/xtal_8.cif,54.946594,-88.071655
xtal_80.cif,./Al13Sc3N16/__initial__/81/xtal_80.cif,-21.53507,34.965645
xtal_81.cif,./Al13Sc3N16/__initial__/81/xtal_81.cif,-62.322266,-11.157158
xtal_82.cif,./Al13Sc3N16/81/xtal_82.cif,-25.084673,40.245167
xtal_83.cif,./Al13Sc3N16/__initial__/81/xtal_83.cif,-66.33567,-47.39552
xtal_84.cif,./Al13Sc3N16/__initial__/81/xtal_84.cif,9.678098,-7.128147
xtal_85.cif,./Al13Sc3N16/81/xtal_85.cif,74.28171,0.0014864589
xtal_86.cif,./Al13Sc3N16/81/xtal_86.cif,13.5213585,76.702965
xtal_87.cif,./Al13Sc3N16/81/xtal_87.cif,0.47186744,-0.9754956
xtal_88.cif,./Al13Sc3N16/81/xtal_88.cif,-50.804764,45.06308
xtal_89.cif,./Al13Sc3N16/81/xtal_89.cif,-30.133072,-49.10471
xtal_9.cif,./Al13Sc3N16/__initial__/81/xtal_9.cif,12.015935,7.8441696
xtal_90.cif,./Al13Sc3N16/__initial__/81/xtal_90.cif,92.8907,1.8576871
xtal_91.cif,./Al13Sc3N16/__initial__/81/xtal_91.cif,103.03991,-11.023672
xtal_92.cif,./Al13Sc3N16/81/xtal_92.cif,86.152374,15.240183
xtal_93.cif,./Al13Sc3N16/__initial__/81/xtal_93.cif,47.130623,-43.27455
xtal_94.cif,./Al13Sc3N16/__initial__/81/xtal_94.cif,-31.731495,-69.16939
xtal_95.cif,./Al13Sc3N16/81/xtal_95.cif,35.972134,-82.68831
xtal_96.cif,./Al13Sc3N16/__initial__/81/xtal_96.cif,77.52339,0.3146691
xtal_97.cif,./Al13Sc3N16/__initial__/81/xtal_97.cif,-34.494995,-13.066089
xtal_98.cif,./Al13Sc3N16/__initial__/81/xtal_98.cif,-99.21853,-16.60622
xtal_99.cif,./Al13Sc3N16/__initial__/81/xtal_99.cif,-33.455276,33.5777
xtal_1.cif,./Al13Sc3N16/__initial__/82/xtal_1.cif,39.925243,-25.687056
xtal_10.cif,./Al13Sc3N16/__initial__/82/xtal_10.cif,-14.617392,-9.971688
xtal_100.cif,./Al13Sc3N16/82/xtal_100.cif,90.30929,-4.9035587
xtal_11.cif,./Al13Sc3N16/82/xtal_11.cif,52.951946,-46.410645
xtal_12.cif,./Al13Sc3N16/82/xtal_12.cif,15.8734865,69.21116
xtal_13.cif,./Al13Sc3N16/__initial__/82/xtal_13.cif,-50.746716,-35.063873
xtal_14.cif,./Al13Sc3N16/__initial__/82/xtal_14.cif,10.444535,-78.491264
xtal_15.cif,./Al13Sc3N16/82/xtal_15.cif,50.587414,-53.735596
xtal_16.cif,./Al13Sc3N16/__initial__/82/xtal_16.cif,45.65452,-80.00115
xtal_17.cif,./Al13Sc3N16/__initial__/82/xtal_17.cif,16.668028,-87.531944
xtal_18.cif,./Al13Sc3N16/82/xtal_18.cif,23.660538,39.125137
xtal_19.cif,./Al13Sc3N16/82/xtal_19.cif,1.036847,68.643394
xtal_2.cif,./Al13Sc3N16/__initial__/82/xtal_2.cif,57.3809,-83.647255
xtal_20.cif,./Al13Sc3N16/__initial__/82/xtal_20.cif,55.7895,-67.30319
xtal_21.cif,./Al13Sc3N16/82/xtal_21.cif,0.043678526,57.085224
xtal_22.cif,./Al13Sc3N16/__initial__/82/xtal_22.cif,-73.71651,-57.84206
xtal_23.cif,./Al13Sc3N16/82/xtal_23.cif,-72.745415,-36.197117
xtal_24.cif,./Al13Sc3N16/__initial__/82/xtal_24.cif,37.453247,-41.98185
xtal_25.cif,./Al13Sc3N16/__initial__/82/xtal_25.cif,24.947718,30.609724
xtal_26.cif,./Al13Sc3N16/82/xtal_26.cif,-49.936607,-9.473166
xtal_27.cif,./Al13Sc3N16/82/xtal_27.cif,34.51853,-63.917797
xtal_28.cif,./Al13Sc3N16/82/xtal_28.cif,-71.395195,-51.93716
xtal_29.cif,./Al13Sc3N16/82/xtal_29.cif,-54.960136,-61.94911
xtal_3.cif,./Al13Sc3N16/82/xtal_3.cif,93.788025,10.196697
xtal_30.cif,./Al13Sc3N16/82/xtal_30.cif,-52.634594,-60.216183
xtal_31.cif,./Al13Sc3N16/82/xtal_31.cif,21.64078,-11.350905
xtal_32.cif,./Al13Sc3N16/__initial__/82/xtal_32.cif,65.84772,72.38065
xtal_33.cif,./Al13Sc3N16/82/xtal_33.cif,67.72753,-0.23504426
xtal_34.cif,./Al13Sc3N16/82/xtal_34.cif,-22.77784,49.16101
xtal_35.cif,./Al13Sc3N16/82/xtal_35.cif,44.689907,-36.131824
xtal_36.cif,./Al13Sc3N16/__initial__/82/xtal_36.cif,56.146927,7.7439637
xtal_37.cif,./Al13Sc3N16/__initial__/82/xtal_37.cif,-7.8040714,13.053176
xtal_38.cif,./Al13Sc3N16/82/xtal_38.cif,-35.643196,-5.219361
xtal_39.cif,./Al13Sc3N16/__initial__/82/xtal_39.cif,52.891544,-66.504234
xtal_4.cif,./Al13Sc3N16/82/xtal_4.cif,-47.030716,-24.840534
xtal_40.cif,./Al13Sc3N16/__initial__/82/xtal_40.cif,-69.373375,-59.396214
xtal_41.cif,./Al13Sc3N16/__initial__/82/xtal_41.cif,86.07228,40.529495
xtal_42.cif,./Al13Sc3N16/82/xtal_42.cif,76.04376,14.120562
xtal_43.cif,./Al13Sc3N16/82/xtal_43.cif,90.67297,3.4510753
xtal_44.cif,./Al13Sc3N16/__initial__/82/xtal_44.cif,95.20384,-19.053165
xtal_45.cif,./Al13Sc3N16/__initial__/82/xtal_45.cif,70.41526,9.710832
xtal_46.cif,./Al13Sc3N16/82/xtal_46.cif,35.65047,-45.757465
xtal_47.cif,./Al13Sc3N16/__initial__/82/xtal_47.cif,-71.247635,-62.85855
xtal_48.cif,./Al13Sc3N16/__initial__/82/xtal_48.cif,87.39955,15.991195
xtal_49.cif,./Al13Sc3N16/82/xtal_49.cif,26.30656,-41.02165
xtal_5.cif,./Al13Sc3N16/82/xtal_5.cif,43.43059,-33.489254
xtal_50.cif,./Al13Sc3N16/82/xtal_50.cif,32.65394,-82.61538
xtal_51.cif,./Al13Sc3N16/82/xtal_51.cif,-27.581478,76.46704
xtal_52.cif,./Al13Sc3N16/__initial__/82/xtal_52.cif,45.980896,-31.485111
xtal_53.cif,./Al13Sc3N16/82/xtal_53.cif,29.743427,54.672478
xtal_54.cif,./Al13Sc3N16/82/xtal_54.cif,-6.6086426,15.965661
xtal_55.cif,./Al13Sc3N16/82/xtal_55.cif,49.939964,-69.006134
xtal_56.cif,./Al13Sc3N16/82/xtal_56.cif,-6.695308,51.22935
xtal_57.cif,./Al13Sc3N16/__initial__/82/xtal_57.cif,52.781326,-47.556847
xtal_58.cif,./Al13Sc3N16/82/xtal_58.cif,21.795012,50.23534
xtal_59.cif,./Al13Sc3N16/__initial__/82/xtal_59.cif,17.28315,23.065231
xtal_6.cif,./Al13Sc3N16/__initial__/82/xtal_6.cif,-19.881498,-21.522514
xtal_60.cif,./Al13Sc3N16/82/xtal_60.cif,40.02638,-23.869238
xtal_61.cif,./Al13Sc3N16/82/xtal_61.cif,79.93113,-7.3136573
xtal_62.cif,./Al13Sc3N16/__initial__/82/xtal_62.cif,32.655796,-70.55687
xtal_63.cif,./Al13Sc3N16/82/xtal_63.cif,66.58818,28.75568
xtal_64.cif,./Al13Sc3N16/__initial__/82/xtal_64.cif,-58.549652,-9.662776
xtal_65.cif,./Al13Sc3N16/__initial__/82/xtal_65.cif,-54.03563,51.416626
xtal_66.cif,./Al13Sc3N16/__initial__/82/xtal_66.cif,-30.483042,3.3410697
xtal_67.cif,./Al13Sc3N16/__initial__/82/xtal_67.cif,-34.30201,68.00883
xtal_68.cif,./Al13Sc3N16/__initial__/82/xtal_68.cif,-4.9982224,40.413296
xtal_69.cif,./Al13Sc3N16/82/xtal_69.cif,47.509937,-20.5574
xtal_7.cif,./Al13Sc3N16/__initial__/82/xtal_7.cif,66.16412,-82.95984
xtal_70.cif,./Al13Sc3N16/__initial__/82/xtal_70.cif,69.14515,-66.043526
xtal_71.cif,./Al13Sc3N16/__initial__/82/xtal_71.cif,-74.955864,-28.54952
xtal_72.cif,./Al13Sc3N16/__initial__/82/xtal_72.cif,-33.098335,-61.112156
xtal_73.cif,./Al13Sc3N16/__initial__/82/xtal_73.cif,-5.2677035,79.51224
xtal_74.cif,./Al13Sc3N16/__initial__/82/xtal_74.cif,39.447426,-70.328064
xtal_75.cif,./Al13Sc3N16/82/xtal_75.cif,20.42641,-21.7795
xtal_76.cif,./Al13Sc3N16/82/xtal_76.cif,-68.3273,-49.570606
xtal_77.cif,./Al13Sc3N16/82/xtal_77.cif,89.03859,28.186214
xtal_78.cif,./Al13Sc3N16/82/xtal_78.cif,-35.605934,-21.201334
xtal_79.cif,./Al13Sc3N16/82/xtal_79.cif,-2.0145063,-5.228472
xtal_8.cif,./Al13Sc3N16/__initial__/82/xtal_8.cif,8.442323,-8.811297
xtal_80.cif,./Al13Sc3N16/__initial__/82/xtal_80.cif,3.5366564,48.6365
xtal_81.cif,./Al13Sc3N16/82/xtal_81.cif,2.9874475,-7.3867884
xtal_82.cif,./Al13Sc3N16/82/xtal_82.cif,91.32489,16.770426
xtal_83.cif,./Al13Sc3N16/__initial__/82/xtal_83.cif,106.32088,-1.0145249
xtal_84.cif,./Al13Sc3N16/82/xtal_84.cif,-80.5098,-17.710112
xtal_85.cif,./Al13Sc3N16/82/xtal_85.cif,57.841633,-83.2818
xtal_86.cif,./Al13Sc3N16/__initial__/82/xtal_86.cif,-103.851494,-2.475976
xtal_87.cif,./Al13Sc3N16/__initial__/82/xtal_87.cif,68.22458,3.2040765
xtal_88.cif,./Al13Sc3N16/82/xtal_88.cif,-18.44508,67.59904
xtal_89.cif,./Al13Sc3N16/__initial__/82/xtal_89.cif,-44.24155,-60.915375
xtal_9.cif,./Al13Sc3N16/82/xtal_9.cif,-22.836002,49.582626
xtal_90.cif,./Al13Sc3N16/__initial__/82/xtal_90.cif,-21.03172,37.605045
xtal_91.cif,./Al13Sc3N16/__initial__/82/xtal_91.cif,-76.76454,-50.529648
xtal_92.cif,./Al13Sc3N16/__initial__/82/xtal_92.cif,-29.019878,42.001408
xtal_93.cif,./Al13Sc3N16/82/xtal_93.cif,-16.17336,86.69402
xtal_94.cif,./Al13Sc3N16/__initial__/82/xtal_94.cif,-10.904595,-15.430865
xtal_95.cif,./Al13Sc3N16/__initial__/82/xtal_95.cif,34.858845,11.577463
xtal_96.cif,./Al13Sc3N16/82/xtal_96.cif,-34.767654,68.53588
xtal_97.cif,./Al13Sc3N16/__initial__/82/xtal_97.cif,51.24728,-26.26789
xtal_98.cif,./Al13Sc3N16/__initial__/82/xtal_98.cif,40.96582,30.52769
xtal_99.cif,./Al13Sc3N16/82/xtal_99.cif,89.99248,20.154802
xtal_1.cif,./Al13Sc3N16/83/xtal_1.cif,-13.147322,-60.544094
xtal_10.cif,./Al13Sc3N16/__initial__/83/xtal_10.cif,-74.014854,3.3658419
xtal_100.cif,./Al13Sc3N16/83/xtal_100.cif,1.6784155,84.53694
xtal_11.cif,./Al13Sc3N16/83/xtal_11.cif,19.591824,45.26153
xtal_12.cif,./Al13Sc3N16/83/xtal_12.cif,28.262753,88.94637
xtal_13.cif,./Al13Sc3N16/__initial__/83/xtal_13.cif,31.7068,35.97671
xtal_14.cif,./Al13Sc3N16/__initial__/83/xtal_14.cif,-36.939625,13.4997425
xtal_15.cif,./Al13Sc3N16/__initial__/83/xtal_15.cif,-13.462912,85.0974
xtal_16.cif,./Al13Sc3N16/83/xtal_16.cif,-42.325268,18.350935
xtal_17.cif,./Al13Sc3N16/__initial__/83/xtal_17.cif,-4.882129,-13.241091
xtal_18.cif,./Al13Sc3N16/__initial__/83/xtal_18.cif,21.52682,35.379757
xtal_19.cif,./Al13Sc3N16/__initial__/83/xtal_19.cif,-86.43594,-28.46442
xtal_2.cif,./Al13Sc3N16/__initial__/83/xtal_2.cif,-65.79611,-6.3141284
xtal_20.cif,./Al13Sc3N16/83/xtal_20.cif,-15.076644,17.281418
xtal_21.cif,./Al13Sc3N16/83/xtal_21.cif,-24.786528,-33.140446
xtal_22.cif,./Al13Sc3N16/__initial__/83/xtal_22.cif,-66.701294,-9.881043
xtal_23.cif,./Al13Sc3N16/__initial__/83/xtal_23.cif,32.87939,91.17276
xtal_24.cif,./Al13Sc3N16/__initial__/83/xtal_24.cif,-79.3378,-14.784628
xtal_25.cif,./Al13Sc3N16/83/xtal_25.cif,29.153383,37.62357
xtal_26.cif,./Al13Sc3N16/83/xtal_26.cif,-49.975967,27.072495
xtal_27.cif,./Al13Sc3N16/__initial__/83/xtal_27.cif,51.478928,47.22675
xtal_28.cif,./Al13Sc3N16/__initial__/83/xtal_28.cif,-3.8582876,-33.71908
xtal_29.cif,./Al13Sc3N16/__initial__/83/xtal_29.cif,29.251648,93.93498
xtal_3.cif,./Al13Sc3N16/83/xtal_3.cif,-25.37441,-46.73897
xtal_30.cif,./Al13Sc3N16/__initial__/83/xtal_30.cif,-10.238246,17.988367
xtal_31.cif,./Al13Sc3N16/83/xtal_31.cif,-14.304479,76.58811
xtal_32.cif,./Al13Sc3N16/83/xtal_32.cif,8.83462,89.758125
xtal_33.cif,./Al13Sc3N16/__initial__/83/xtal_33.cif,-81.126884,-1.1319878
xtal_34.cif,./Al13Sc3N16/__initial__/83/xtal_34.cif,13.125783,-28.026724
xtal_35.cif,./Al13Sc3N16/83/xtal_35.cif,-17.184572,-8.752507
xtal_36.cif,./Al13Sc3N16/__initial__/83/xtal_36.cif,-19.498371,-12.990906
xtal_37.cif,./Al13Sc3N16/__initial__/83/xtal_37.cif,-62.40968,65.62545
xtal_38.cif,./Al13Sc3N16/__initial__/83/xtal_38.cif,-56.17534,75.724815
xtal_39.cif,./Al13Sc3N16/83/xtal_39.cif,15.330861,72.06498
xtal_4.cif,./Al13Sc3N16/__initial__/83/xtal_4.cif,-55.74805,-32.209538
xtal_40.cif,./Al13Sc3N16/83/xtal_40.cif,-20.53077,83.069626
xtal_41.cif,./Al13Sc3N16/__initial__/83/xtal_41.cif,-28.634666,3.86823
xtal_42.cif,./Al13Sc3N16/__initial__/83/xtal_42.cif,-29.62183,28.857878
xtal_43.cif,./Al13Sc3N16/__initial__/83/xtal_43.cif,7.851638,-20.313393
xtal_44.cif,./Al13Sc3N16/83/xtal_44.cif,-67.666885,28.187462
xtal_45.cif,./Al13Sc3N16/83/xtal_45.cif,4.158268,-22.540236
xtal_46.cif,./Al13Sc3N16/83/xtal_46.cif,-38.022842,13.097084
xtal_47.cif,./Al13Sc3N16/__initial__/83/xtal_47.cif,-0.17895941,-7.8561664
xtal_48.cif,./Al13Sc3N16/83/xtal_48.cif,-47.201626,72.66488
xtal_49.cif,./Al13Sc3N16/83/xtal_49.cif,-67.39863,25.632128
xtal_5.cif,./Al13Sc3N16/83/xtal_5.cif,14.51602,28.25318
xtal_50.cif,./Al13Sc3N16/__initial__/83/xtal_50.cif,-42.86844,-41.67581
xtal_51.cif,./Al13Sc3N16/83/xtal_51.cif,-78.096176,4.090509
xtal_52.cif,./Al13Sc3N16/__initial__/83/xtal_52.cif,-30.371622,42.97637
xtal_53.cif,./Al13Sc3N16/__initial__/83/xtal_53.cif,-13.943422,85.18976
xtal_54.cif,./Al13Sc3N16/83/xtal_54.cif,23.381376,33.15518
xtal_55.cif,./Al13Sc3N16/__initial__/83/xtal_55.cif,-66.72283,-19.076036
xtal_56.cif,./Al13Sc3N16/83/xtal_56.cif,-19.6646,34.027306
xtal_57.cif,./Al13Sc3N16/83/xtal_57.cif,-67.995346,-45.168274
xtal_58.cif,./Al13Sc3N16/__initial__/83/xtal_58.cif,-51.408848,-26.506048
xtal_59.cif,./Al13Sc3N16/83/xtal_59.cif,-17.32748,81.75369
xtal_6.cif,./Al13Sc3N16/__initial__/83/xtal_6.cif,37.750946,32.644043
xtal_60.cif,./Al13Sc3N16/83/xtal_60.cif,11.256761,12.729697
xtal_61.cif,./Al13Sc3N16/__initial__/83/xtal_61.cif,53.53151,65.38457
xtal_62.cif,./Al13Sc3N16/__initial__/83/xtal_62.cif,-14.498333,86.115166
xtal_63.cif,./Al13Sc3N16/__initial__/83/xtal_63.cif,24.652308,28.716806
xtal_64.cif,./Al13Sc3N16/__initial__/83/xtal_64.cif,-37.43334,-10.380551
xtal_65.cif,./Al13Sc3N16/83/xtal_65.cif,-11.1747055,92.622444
xtal_66.cif,./Al13Sc3N16/83/xtal_66.cif,-7.2177477,10.309567
xtal_67.cif,./Al13Sc3N16/83/xtal_67.cif,-81.234985,5.716547
xtal_68.cif,./Al13Sc3N16/83/xtal_68.cif,-3.2214735,-38.50679
xtal_69.cif,./Al13Sc3N16/__initial__/83/xtal_69.cif,-24.036295,5.739256
xtal_7.cif,./Al13Sc3N16/__initial__/83/xtal_7.cif,-35.411247,21.79686
xtal_70.cif,./Al13Sc3N16/83/xtal_70.cif,-64.64971,41.78539
xtal_71.cif,./Al13Sc3N16/83/xtal_71.cif,28.56206,35.668247
xtal_72.cif,./Al13Sc3N16/83/xtal_72.cif,7.9007187,51.23374
xtal_73.cif,./Al13Sc3N16/83/xtal_73.cif,-27.383793,-14.045362
xtal_74.cif,./Al13Sc3N16/__initial__/83/xtal_74.cif,-65.30505,-39.12726
xtal_75.cif,./Al13Sc3N16/__initial__/83/xtal_75.cif,-62.376278,44.74542
xtal_76.cif,./Al13Sc3N16/83/xtal_76.cif,-22.370243,-42.198925
xtal_77.cif,./Al13Sc3N16/83/xtal_77.cif,-5.433015,-13.299001
xtal_78.cif,./Al13Sc3N16/__initial__/83/xtal_78.cif,19.272177,19.011688
xtal_79.cif,./Al13Sc3N16/__initial__/83/xtal_79.cif,-33.632446,23.185505
xtal_8.cif,./Al13Sc3N16/83/xtal_8.cif,33.18488,15.44461
xtal_80.cif,./Al13Sc3N16/83/xtal_80.cif,-17.802576,29.013588
xtal_81.cif,./Al13Sc3N16/__initial__/83/xtal_81.cif,-38.03284,19.429989
xtal_82.cif,./Al13Sc3N16/__initial__/83/xtal_82.cif,54.50102,43.495384
xtal_83.cif,./Al13Sc3N16/83/xtal_83.cif,32.266747,30.980236
xtal_84.cif,./Al13Sc3N16/__initial__/83/xtal_84.cif,-71.37381,71.08354
xtal_85.cif,./Al13Sc3N16/83/xtal_85.cif,19.408344,67.21603
xtal_86.cif,./Al13Sc3N16/83/xtal_86.cif,-50.187496,59.82083
xtal_87.cif,./Al13Sc3N16/__initial__/83/xtal_87.cif,61.958023,70.50634
xtal_88.cif,./Al13Sc3N16/83/xtal_88.cif,38.445206,55.3165
xtal_89.cif,./Al13Sc3N16/83/xtal_89.cif,23.089552,51.999435
xtal_9.cif,./Al13Sc3N16/83/xtal_9.cif,-14.075907,71.87789
xtal_90.cif,./Al13Sc3N16/83/xtal_90.cif,-54.488342,13.887322
xtal_91.cif,./Al13Sc3N16/__initial__/83/xtal_91.cif,-81.96413,50.97201
xtal_92.cif,./Al13Sc3N16/83/xtal_92.cif,-30.867994,-53.69672
xtal_93.cif,./Al13Sc3N16/__initial__/83/xtal_93.cif,-69.173584,25.407885
xtal_94.cif,./Al13Sc3N16/__initial__/83/xtal_94.cif,-48.11824,52.97467
xtal_95.cif,./Al13Sc3N16/__initial__/83/xtal_95.cif,-20.197954,23.37816
xtal_96.cif,./Al13Sc3N16/83/xtal_96.cif,-0.51220185,40.70615
xtal_97.cif,./Al13Sc3N16/83/xtal_97.cif,-33.378147,33.498928
xtal_98.cif,./Al13Sc3N16/83/xtal_98.cif,63.490562,56.10552
xtal_99.cif,./Al13Sc3N16/83/xtal_99.cif,3.226698,29.06817
xtal_1.cif,./Al13Sc3N16/__initial__/84/xtal_1.cif,-32.487526,-17.46532
xtal_10.cif,./Al13Sc3N16/__initial__/84/xtal_10.cif,-11.01088,93.020294
xtal_100.cif,./Al13Sc3N16/__initial__/84/xtal_100.cif,18.809822,75.081856
xtal_11.cif,./Al13Sc3N16/__initial__/84/xtal_11.cif,-49.448154,-9.880741
xtal_12.cif,./Al13Sc3N16/84/xtal_12.cif,-53.36523,76.56425
xtal_13.cif,./Al13Sc3N16/84/xtal_13.cif,-48.659435,-71.66424
xtal_14.cif,./Al13Sc3N16/__initial__/84/xtal_14.cif,-5.384329,91.2719
xtal_15.cif,./Al13Sc3N16/__initial__/84/xtal_15.cif,26.082766,1.4031569
xtal_16.cif,./Al13Sc3N16/__initial__/84/xtal_16.cif,37.398724,59.887856
xtal_17.cif,./Al13Sc3N16/84/xtal_17.cif,-30.786482,-21.460302
xtal_18.cif,./Al13Sc3N16/__initial__/84/xtal_18.cif,3.17859,37.124485
xtal_19.cif,./Al13Sc3N16/84/xtal_19.cif,-48.706154,-27.021555
xtal_2.cif,./Al13Sc3N16/__initial__/84/xtal_2.cif,-100.011925,-2.7896166
xtal_20.cif,./Al13Sc3N16/__initial__/84/xtal_20.cif,-44.099224,44.638172
xtal_21.cif,./Al13Sc3N16/84/xtal_21.cif,-24.307081,0.7270878
xtal_22.cif,./Al13Sc3N16/__initial__/84/xtal_22.cif,-14.273537,41.00438
xtal_23.cif,./Al13Sc3N16/__initial__/84/xtal_23.cif,-79.18365,-29.92085
xtal_24.cif,./Al13Sc3N16/84/xtal_24.cif,-31.930061,29.958408
xtal_25.cif,./Al13Sc3N16/84/xtal_25.cif,-29.145317,-25.744255
xtal_26.cif,./Al13Sc3N16/__initial__/84/xtal_26.cif,31.448616,22.64435
xtal_27.cif,./Al13Sc3N16/__initial__/84/xtal_27.cif,-45.513397,75.678955
xtal_28.cif,./Al13Sc3N16/__initial__/84/xtal_28.cif,-77.04829,77.38472
xtal_29.cif,./Al13Sc3N16/84/xtal_29.cif,-15.554425,-7.048049
xtal_3.cif,./Al13Sc3N16/84/xtal_3.cif,31.076754,75.615265
xtal_30.cif,./Al13Sc3N16/__initial__/84/xtal_30.cif,-25.656761,82.81047
xtal_31.cif,./Al13Sc3N16/__initial__/84/xtal_31.cif,49.5589,67.78653
xtal_32.cif,./Al13Sc3N16/__initial__/84/xtal_32.cif,41.1858,13.129516
xtal_33.cif,./Al13Sc3N16/__initial__/84/xtal_33.cif,4.5081544,0.3612814
xtal_34.cif,./Al13Sc3N16/__initial__/84/xtal_34.cif,-32.256905,82.21518
xtal_35.cif,./Al13Sc3N16/84/xtal_35.cif,-55.751957,34.820038
xtal_36.cif,./Al13Sc3N16/84/xtal_36.cif,-13.167006,44.89035
xtal_37.cif,./Al13Sc3N16/84/xtal_37.cif,-39.595577,-9.550696
xtal_38.cif,./Al13Sc3N16/__initial__/84/xtal_38.cif,28.720774,16.552986
xtal_39.cif,./Al13Sc3N16/84/xtal_39.cif,-4.4622765,-15.864455
xtal_4.cif,./Al13Sc3N16/84/xtal_4.cif,-28.300817,53.276894
xtal_40.cif,./Al13Sc3N16/84/xtal_40.cif,10.295255,77.143745
xtal_41.cif,./Al13Sc3N16/__initial__/84/xtal_41.cif,47.09661,47.836327
xtal_42.cif,./Al13Sc3N16/84/xtal_42.cif,10.901169,44.293434
xtal_43.cif,./Al13Sc3N16/84/xtal_43.cif,46.408703,37.74354
xtal_44.cif,./Al13Sc3N16/84/xtal_44.cif,-22.221516,-36.29069
xtal_45.cif,./Al13Sc3N16/__initial__/84/xtal_45.cif,27.904255,46.382275
xtal_46.cif,./Al13Sc3N16/84/xtal_46.cif,-58.08346,24.227318
xtal_47.cif,./Al13Sc3N16/__initial__/84/xtal_47.cif,-50.800392,-46.72945
xtal_48.cif,./Al13Sc3N16/84/xtal_48.cif,14.075605,81.41899
xtal_49.cif,./Al13Sc3N16/84/xtal_49.cif,-26.857811,42.096794
xtal_5.cif,./Al13Sc3N16/84/xtal_5.cif,-38.05657,79.231476
xtal_50.cif,./Al13Sc3N16/__initial__/84/xtal_50.cif,-41.304993,-16.629587
xtal_51.cif,./Al13Sc3N16/84/xtal_51.cif,-24.111118,-44.621162
xtal_52.cif,./Al13Sc3N16/84/xtal_52.cif,-12.904824,76.19838
xtal_53.cif,./Al13Sc3N16/__initial__/84/xtal_53.cif,-31.2175,39.002213
xtal_54.cif,./Al13Sc3N16/__initial__/84/xtal_54.cif,-56.07551,82.99152
xtal_55.cif,./Al13Sc3N16/__initial__/84/xtal_55.cif,-9.4209795,26.73776
xtal_56.cif,./Al13Sc3N16/__initial__/84/xtal_56.cif,-14.90628,-19.752691
xtal_57.cif,./Al13Sc3N16/84/xtal_57.cif,13.990063,4.630382
xtal_58.cif,./Al13Sc3N16/84/xtal_58.cif,-65.91948,50.37444
xtal_59.cif,./Al13Sc3N16/__initial__/84/xtal_59.cif,12.438288,63.99544
xtal_6.cif,./Al13Sc3N16/__initial__/84/xtal_6.cif,55.25493,46.312164
xtal_60.cif,./Al13Sc3N16/84/xtal_60.cif,31.844408,7.125583
xtal_61.cif,./Al13Sc3N16/84/xtal_61.cif,-18.786455,-16.129627
xtal_62.cif,./Al13Sc3N16/84/xtal_62.cif,-5.647185,2.922655
xtal_63.cif,./Al13Sc3N16/__initial__/84/xtal_63.cif,11.018464,2.7925537
xtal_64.cif,./Al13Sc3N16/84/xtal_64.cif,-23.59482,-43.370083
xtal_65.cif,./Al13Sc3N16/__initial__/84/xtal_65.cif,-86.508934,-12.749301
xtal_66.cif,./Al13Sc3N16/84/xtal_66.cif,-1.4223595,-24.330612
xtal_67.cif,./Al13Sc3N16/__initial__/84/xtal_67.cif,34.7869,61.041756
xtal_68.cif,./Al13Sc3N16/84/xtal_68.cif,-10.393631,28.474314
xtal_69.cif,./Al13Sc3N16/__initial__/84/xtal_69.cif,24.655252,85.523796
xtal_7.cif,./Al13Sc3N16/__initial__/84/xtal_7.cif,-38.321857,92.22295
xtal_70.cif,./Al13Sc3N16/84/xtal_70.cif,22.276102,30.486628
xtal_71.cif,./Al13Sc3N16/__initial__/84/xtal_71.cif,-91.897575,-8.662317
xtal_72.cif,./Al13Sc3N16/__initial__/84/xtal_72.cif,-37.852276,-42.91107
xtal_73.cif,./Al13Sc3N16/__initial__/84/xtal_73.cif,-29.944477,4.7629404
xtal_74.cif,./Al13Sc3N16/84/xtal_74.cif,33.95805,87.66639
xtal_75.cif,./Al13Sc3N16/84/xtal_75.cif,51.83888,61.802437
xtal_76.cif,./Al13Sc3N16/__initial__/84/xtal_76.cif,-64.57037,43.799797
xtal_77.cif,./Al13Sc3N16/__initial__/84/xtal_77.cif,-14.898948,38.515434
xtal_78.cif,./Al13Sc3N16/__initial__/84/xtal_78.cif,-100.05665,1.4317915
xtal_79.cif,./Al13Sc3N16/84/xtal_79.cif,-82.856,41.889465
xtal_8.cif,./Al13Sc3N16/84/xtal_8.cif,29.220823,4.150897
xtal_80.cif,./Al13Sc3N16/84/xtal_80.cif,-6.886659,-35.45835
xtal_81.cif,./Al13Sc3N16/84/xtal_81.cif,-40.780388,-5.9471707
xtal_82.cif,./Al13Sc3N16/__initial__/84/xtal_82.cif,-82.86887,1.2462106
xtal_83.cif,./Al13Sc3N16/84/xtal_83.cif,-55.647556,-11.703794
xtal_84.cif,./Al13Sc3N16/84/xtal_84.cif,-2.6818426,91.33248
xtal_85.cif,./Al13Sc3N16/__initial__/84/xtal_85.cif,45.231804,51.316944
xtal_86.cif,./Al13Sc3N16/__initial__/84/xtal_86.cif,4.8599534,88.67049
xtal_87.cif,./Al13Sc3N16/84/xtal_87.cif,13.799017,-16.880476
xtal_88.cif,./Al13Sc3N16/84/xtal_88.cif,-13.666723,81.659645
xtal_89.cif,./Al13Sc3N16/84/xtal_89.cif,-74.701965,30.419762
xtal_9.cif,./Al13Sc3N16/__initial__/84/xtal_9.cif,48.887913,53.84743
xtal_90.cif,./Al13Sc3N16/__initial__/84/xtal_90.cif,-100.87761,-11.476791
xtal_91.cif,./Al13Sc3N16/84/xtal_91.cif,-11.93566,4.0087504
xtal_92.cif,./Al13Sc3N16/84/xtal_92.cif,-15.625239,-16.642336
xtal_93.cif,./Al13Sc3N16/84/xtal_93.cif,-40.08525,28.514347
xtal_94.cif,./Al13Sc3N16/84/xtal_94.cif,-19.994715,52.46471
xtal_95.cif,./Al13Sc3N16/84/xtal_95.cif,-34.145844,-36.114803
xtal_96.cif,./Al13Sc3N16/84/xtal_96.cif,-26.90838,-47.11666
xtal_97.cif,./Al13Sc3N16/__initial__/84/xtal_97.cif,-44.93618,19.657623
xtal_98.cif,./Al13Sc3N16/__initial__/84/xtal_98.cif,-44.812115,-52.012287
xtal_99.cif,./Al13Sc3N16/__initial__/84/xtal_99.cif,20.833387,83.168564
xtal_1.cif,./Al13Sc3N16/__initial__/85/xtal_1.cif,-4.1074924,52.0512
xtal_10.cif,./Al13Sc3N16/__initial__/85/xtal_10.cif,-28.898985,-51.918236
xtal_100.cif,./Al13Sc3N16/__initial__/85/xtal_100.cif,-68.80844,87.13269
xtal_11.cif,./Al13Sc3N16/85/xtal_11.cif,40.078686,40.608635
xtal_12.cif,./Al13Sc3N16/__initial__/85/xtal_12.cif,-73.9572,-5.1941876
xtal_13.cif,./Al13Sc3N16/__initial__/85/xtal_13.cif,-19.931522,26.325336
xtal_14.cif,./Al13Sc3N16/85/xtal_14.cif,-75.64423,77.30845
xtal_15.cif,./Al13Sc3N16/85/xtal_15.cif,-15.98758,43.009666
xtal_16.cif,./Al13Sc3N16/85/xtal_16.cif,-47.29257,-50.55351
xtal_17.cif,./Al13Sc3N16/__initial__/85/xtal_17.cif,-53.24429,5.9421954
xtal_18.cif,./Al13Sc3N16/__initial__/85/xtal_18.cif,-83.086136,2.2593307
xtal_19.cif,./Al13Sc3N16/__initial__/85/xtal_19.cif,-79.092094,-42.299038
xtal_2.cif,./Al13Sc3N16/__initial__/85/xtal_2.cif,-19.023325,31.278904
xtal_20.cif,./Al13Sc3N16/85/xtal_20.cif,-62.101254,46.278343
xtal_21.cif,./Al13Sc3N16/85/xtal_21.cif,-70.737076,-8.884534
xtal_22.cif,./Al13Sc3N16/85/xtal_22.cif,18.809353,12.899865
xtal_23.cif,./Al13Sc3N16/__initial__/85/xtal_23.cif,-42.308884,35.757942
xtal_24.cif,./Al13Sc3N16/85/xtal_24.cif,38.617294,29.723684
xtal_25.cif,./Al13Sc3N16/85/xtal_25.cif,27.109844,43.375935
xtal_26.cif,./Al13Sc3N16/85/xtal_26.cif,16.996733,85.81754
xtal_27.cif,./Al13Sc3N16/85/xtal_27.cif,15.350123,-17.068825
xtal_28.cif,./Al13Sc3N16/__initial__/85/xtal_28.cif,-47.870712,-10.347463
xtal_29.cif,./Al13Sc3N16/85/xtal_29.cif,-12.035929,75.48215
xtal_3.cif,./Al13Sc3N16/__initial__/85/xtal_3.cif,-25.713236,46.360207
xtal_30.cif,./Al13Sc3N16/__initial__/85/xtal_30.cif,-0.56700116,-14.5364275
xtal_31.cif,./Al13Sc3N16/__initial__/85/xtal_31.cif,-85.5767,-11.533514
xtal_32.cif,./Al13Sc3N16/85/xtal_32.cif,32.25402,12.504385
xtal_33.cif,./Al13Sc3N16/85/xtal_33.cif,17.983898,56.93
xtal_34.cif,./Al13Sc3N16/85/xtal_34.cif,-6.811389,-46.29608
xtal_35.cif,./Al13Sc3N16/85/xtal_35.cif,53.972057,57.974297
xtal_36.cif,./Al13Sc3N16/__initial__/85/xtal_36.cif,11.410117,52.44942
xtal_37.cif,./Al13Sc3N16/__initial__/85/xtal_37.cif,48.850994,75.98463
xtal_38.cif,./Al13Sc3N16/__initial__/85/xtal_38.cif,49.864567,33.53237
xtal_39.cif,./Al13Sc3N16/__initial__/85/xtal_39.cif,-19.095274,-5.136611
xtal_4.cif,./Al13Sc3N16/85/xtal_4.cif,-50.584694,77.36788
xtal_40.cif,./Al13Sc3N16/85/xtal_40.cif,2.6634476,83.551636
xtal_41.cif,./Al13Sc3N16/85/xtal_41.cif,-34.3188,-1.2945553
xtal_42.cif,./Al13Sc3N16/85/xtal_42.cif,16.275742,50.890373
xtal_43.cif,./Al13Sc3N16/85/xtal_43.cif,-11.040843,-32.134956
xtal_44.cif,./Al13Sc3N16/__initial__/85/xtal_44.cif,13.928526,-9.716082
xtal_45.cif,./Al13Sc3N16/__initial__/85/xtal_45.cif,-36.57813,-25.266619
xtal_46.cif,./Al13Sc3N16/__initial__/85/xtal_46.cif,-51.276,40.379536
xtal_47.cif,./Al13Sc3N16/__initial__/85/xtal_47.cif,-45.995995,19.88876
xtal_48.cif,./Al13Sc3N16/__initial__/85/xtal_48.cif,0.06920688,53.62432
xtal_49.cif,./Al13Sc3N16/__initial__/85/xtal_49.cif,55.066597,40.795727
xtal_5.cif,./Al13Sc3N16/__initial__/85/xtal_5.cif,-33.3675,88.21241
xtal_50.cif,./Al13Sc3N16/85/xtal_50.cif,-41.520195,-13.668289
xtal_51.cif,./Al13Sc3N16/85/xtal_51.cif,12.132716,2.3190415
xtal_52.cif,./Al13Sc3N16/85/xtal_52.cif,-24.22948,80.9607
xtal_53.cif,./Al13Sc3N16/85/xtal_53.cif,-46.702442,13.786623
xtal_54.cif,./Al13Sc3N16/85/xtal_54.cif,40.380447,-16.234047
xtal_55.cif,./Al13Sc3N16/85/xtal_55.cif,6.421605,-31.677269
xtal_56.cif,./Al13Sc3N16/85/xtal_56.cif,-42.54729,-31.566368
xtal_57.cif,./Al13Sc3N16/__initial__/85/xtal_57.cif,-13.912629,-0.2415982
xtal_58.cif,./Al13Sc3N16/__initial__/85/xtal_58.cif,-43.79854,17.074108
xtal_59.cif,./Al13Sc3N16/85/xtal_59.cif,-73.783424,-40.08595
xtal_6.cif,./Al13Sc3N16/85/xtal_6.cif,-44.458748,6.228955
xtal_60.cif,./Al13Sc3N16/__initial__/85/xtal_60.cif,-49.95845,42.90194
xtal_61.cif,./Al13Sc3N16/__initial__/85/xtal_61.cif,45.09415,52.960205
xtal_62.cif,./Al13Sc3N16/85/xtal_62.cif,10.928108,55.51558
xtal_63.cif,./Al13Sc3N16/85/xtal_63.cif,25.56141,34.431824
xtal_64.cif,./Al13Sc3N16/__initial__/85/xtal_64.cif,-19.874918,58.00338
xtal_65.cif,./Al13Sc3N16/85/xtal_65.cif,6.200293,35.91733
xtal_66.cif,./Al13Sc3N16/85/xtal_66.cif,-34.79205,-40.171898
xtal_67.cif,./Al13Sc3N16/85/xtal_67.cif,-20.642443,-62.377186
xtal_68.cif,./Al13Sc3N16/__initial__/85/xtal_68.cif,42.909626,33.05209
xtal_69.cif,./Al13Sc3N16/85/xtal_69.cif,-34.63243,75.04279
xtal_7.cif,./Al13Sc3N16/__initial__/85/xtal_7.cif,-32.808052,-11.222981
xtal_70.cif,./Al13Sc3N16/__initial__/85/xtal_70.cif,-2.6510181,-40.55501
xtal_71.cif,./Al13Sc3N16/85/xtal_71.cif,-67.14911,-33.226185
xtal_72.cif,./Al13Sc3N16/__initial__/85/xtal_72.cif,-27.58579,-6.7281775
xtal_73.cif,./Al13Sc3N16/85/xtal_73.cif,-32.356014,-36.18534
xtal_74.cif,./Al13Sc3N16/__initial__/85/xtal_74.cif,11.003154,29.56729
xtal_75.cif,./Al13Sc3N16/__initial__/85/xtal_75.cif,26.864164,79.806656
xtal_76.cif,./Al13Sc3N16/__initial__/85/xtal_76.cif,-86.49105,39.21567
xtal_77.cif,./Al13Sc3N16/85/xtal_77.cif,1.7868835,-19.629877
xtal_78.cif,./Al13Sc3N16/85/xtal_78.cif,-83.94887,19.229137
xtal_79.cif,./Al13Sc3N16/85/xtal_79.cif,7.52882,84.52241
xtal_8.cif,./Al13Sc3N16/85/xtal_8.cif,-79.29679,-40.53236
xtal_80.cif,./Al13Sc3N16/85/xtal_80.cif,-13.87287,-11.125905
xtal_81.cif,./Al13Sc3N16/__initial__/85/xtal_81.cif,-81.37179,-14.586956
xtal_82.cif,./Al13Sc3N16/__initial__/85/xtal_82.cif,-52.03188,46.9266
xtal_83.cif,./Al13Sc3N16/85/xtal_83.cif,-62.251377,45.743145
xtal_84.cif,./Al13Sc3N16/85/xtal_84.cif,28.70892,89.67632
xtal_85.cif,./Al13Sc3N16/__initial__/85/xtal_85.cif,-20.474823,58.299362
xtal_86.cif,./Al13Sc3N16/__initial__/85/xtal_86.cif,-10.141308,65.096825
xtal_87.cif,./Al13Sc3N16/85/xtal_87.cif,20.858927,45.537136
xtal_88.cif,./Al13Sc3N16/85/xtal_88.cif,-31.431189,60.2406
xtal_89.cif,./Al13Sc3N16/85/xtal_89.cif,-13.815151,40.821484
xtal_9.cif,./Al13Sc3N16/__initial__/85/xtal_9.cif,5.6158686,-11.4538555
xtal_90.cif,./Al13Sc3N16/__initial__/85/xtal_90.cif,-0.63633394,82.968605
xtal_91.cif,./Al13Sc3N16/85/xtal_91.cif,62.64599,49.273014
xtal_92.cif,./Al13Sc3N16/__initial__/85/xtal_92.cif,-61.031044,82.01731
xtal_93.cif,./Al13Sc3N16/85/xtal_93.cif,-45.41656,19.628315
xtal_94.cif,./Al13Sc3N16/__initial__/85/xtal_94.cif,-50.123302,-9.491644
xtal_95.cif,./Al13Sc3N16/85/xtal_95.cif,-14.135887,19.820868
xtal_96.cif,./Al13Sc3N16/__initial__/85/xtal_96.cif,-76.20217,11.659889
xtal_97.cif,./Al13Sc3N16/__initial__/85/xtal_97.cif,-90.58209,-8.193363
xtal_98.cif,./Al13Sc3N16/85/xtal_98.cif,-8.66215,37.188267
xtal_99.cif,./Al13Sc3N16/__initial__/85/xtal_99.cif,-56.307083,55.43453
xtal_1.cif,./Al13Sc3N16/86/xtal_1.cif,-56.07012,84.49805
xtal_10.cif,./Al13Sc3N16/86/xtal_10.cif,-7.9387655,12.72808
xtal_100.cif,./Al13Sc3N16/__initial__/86/xtal_100.cif,-39.942364,36.908768
xtal_11.cif,./Al13Sc3N16/__initial__/86/xtal_11.cif,-13.189648,53.929337
xtal_12.cif,./Al13Sc3N16/__initial__/86/xtal_12.cif,-98.44748,-25.95393
xtal_13.cif,./Al13Sc3N16/86/xtal_13.cif,54.46219,40.983948
xtal_14.cif,./Al13Sc3N16/__initial__/86/xtal_14.cif,-25.624613,-53.146404
xtal_15.cif,./Al13Sc3N16/86/xtal_15.cif,34.893135,40.530537
xtal_16.cif,./Al13Sc3N16/__initial__/86/xtal_16.cif,-25.745186,-50.598724
xtal_17.cif,./Al13Sc3N16/__initial__/86/xtal_17.cif,-39.80155,-43.505463
xtal_18.cif,./Al13Sc3N16/__initial__/86/xtal_18.cif,-40.088722,92.534874
xtal_19.cif,./Al13Sc3N16/__initial__/86/xtal_19.cif,-14.162955,-45.817116
xtal_2.cif,./Al13Sc3N16/86/xtal_2.cif,-29.430937,47.72326
xtal_20.cif,./Al13Sc3N16/86/xtal_20.cif,22.306648,25.47153
xtal_21.cif,./Al13Sc3N16/__initial__/86/xtal_21.cif,-44.64722,-26.486473
xtal_22.cif,./Al13Sc3N16/__initial__/86/xtal_22.cif,18.719778,82.17048
xtal_23.cif,./Al13Sc3N16/86/xtal_23.cif,-13.925838,-32.814228
xtal_24.cif,./Al13Sc3N16/__initial__/86/xtal_24.cif,-71.57203,-31.999096
xtal_25.cif,./Al13Sc3N16/86/xtal_25.cif,-6.749938,-44.539124
xtal_26.cif,./Al13Sc3N16/86/xtal_26.cif,-29.10611,-57.00022
xtal_27.cif,./Al13Sc3N16/86/xtal_27.cif,-74.34426,-32.29077
xtal_28.cif,./Al13Sc3N16/__initial__/86/xtal_28.cif,0.3098867,73.41362
xtal_29.cif,./Al13Sc3N16/__initial__/86/xtal_29.cif,47.71866,27.349245
xtal_3.cif,./Al13Sc3N16/__initial__/86/xtal_3.cif,-22.718931,84.62038
xtal_30.cif,./Al13Sc3N16/__initial__/86/xtal_30.cif,-9.125922,9.140302
xtal_31.cif,./Al13Sc3N16/__initial__/86/xtal_31.cif,-29.315744,73.238
xtal_32.cif,./Al13Sc3N16/__initial__/86/xtal_32.cif,-33.10148,-66.075874
xtal_33.cif,./Al13Sc3N16/__initial__/86/xtal_33.cif,-11.965687,7.8082848
xtal_34.cif,./Al13Sc3N16/86/xtal_34.cif,42.39925,47.02728
xtal_35.cif,./Al13Sc3N16/__initial__/86/xtal_35.cif,8.235164,30.772858
xtal_36.cif,./Al13Sc3N16/86/xtal_36.cif,26.543686,75.41419
xtal_37.cif,./Al13Sc3N16/86/xtal_37.cif,-25.03892,-11.549764
xtal_38.cif,./Al13Sc3N16/__initial__/86/xtal_38.cif,-59.199146,-34.493908
xtal_39.cif,./Al13Sc3N16/86/xtal_39.cif,27.943016,-2.0273242
xtal_4.cif,./Al13Sc3N16/__initial__/86/xtal_4.cif,10.786557,85.4607
xtal_40.cif,./Al13Sc3N16/86/xtal_40.cif,-75.53291,-39.093563
xtal_41.cif,./Al13Sc3N16/86/xtal_41.cif,-2.9579108,-44.0474
xtal_42.cif,./Al13Sc3N16/__initial__/86/xtal_42.cif,-14.382064,-27.503279
xtal_43.cif,./Al13Sc3N16/86/xtal_43.cif,-29.61289,-50.57034
xtal_44.cif,./Al13Sc3N16/__initial__/86/xtal_44.cif,-37.84789,13.205112
xtal_45.cif,./Al13Sc3N16/86/xtal_45.cif,31.703112,83.94226
xtal_46.cif,./Al13Sc3N16/86/xtal_46.cif,-15.6107,21.396759
xtal_47.cif,./Al13Sc3N16/__initial__/86/xtal_47.cif,-0.428854,-30.26557
xtal_48.cif,./Al13Sc3N16/__initial__/86/xtal_48.cif,36.564415,44.55284
xtal_49.cif,./Al13Sc3N16/86/xtal_49.cif,39.820267,77.9943
xtal_5.cif,./Al13Sc3N16/86/xtal_5.cif,19.16082,8.578937
xtal_50.cif,./Al13Sc3N16/86/xtal_50.cif,-34.590996,-22.383223
xtal_51.cif,./Al13Sc3N16/86/xtal_51.cif,-65.894714,-45.65783
xtal_52.cif,./Al13Sc3N16/86/xtal_52.cif,-17.157219,49.83475
xtal_53.cif,./Al13Sc3N16/__initial__/86/xtal_53.cif,-31.857079,6.450734
xtal_54.cif,./Al13Sc3N16/__initial__/86/xtal_54.cif,-29.03263,-0.9840071
xtal_55.cif,./Al13Sc3N16/86/xtal_55.cif,-25.465508,-14.992269
xtal_56.cif,./Al13Sc3N16/__initial__/86/xtal_56.cif,-44.944054,-49.267685
xtal_57.cif,./Al13Sc3N16/86/xtal_57.cif,29.49339,55.050823
xtal_58.cif,./Al13Sc3N16/__initial__/86/xtal_58.cif,-46.540794,3.6415234
xtal_59.cif,./Al13Sc3N16/__initial__/86/xtal_59.cif,29.66949,25.812717
xtal_6.cif,./Al13Sc3N16/__initial__/86/xtal_6.cif,-30.343828,48.918076
xtal_60.cif,./Al13Sc3N16/86/xtal_60.cif,5.9573617,-9.45035
xtal_61.cif,./Al13Sc3N16/86/xtal_61.cif,-26.036623,-61.759346
xtal_62.cif,./Al13Sc3N16/__initial__/86/xtal_62.cif,-82.37219,-41.64868
xtal_63.cif,./Al13Sc3N16/__initial__/86/xtal_63.cif,-70.7736,-17.950136
xtal_64.cif,./Al13Sc3N16/__initial__/86/xtal_64.cif,-78.64869,43.39308
xtal_65.cif,./Al13Sc3N16/86/xtal_65.cif,49.55327,38.5146
xtal_66.cif,./Al13Sc3N16/__initial__/86/xtal_66.cif,-13.655811,-17.378477
xtal_67.cif,./Al13Sc3N16/86/xtal_67.cif,-41.600048,67.844185
xtal_68.cif,./Al13Sc3N16/__initial__/86/xtal_68.cif,26.027964,39.650433
xtal_69.cif,./Al13Sc3N16/86/xtal_69.cif,47.588573,38.55881
xtal_7.cif,./Al13Sc3N16/86/xtal_7.cif,-36.91695,-7.315588
xtal_70.cif,./Al13Sc3N16/__initial__/86/xtal_70.cif,-15.712412,-27.702465
xtal_71.cif,./Al13Sc3N16/86/xtal_71.cif,41.950596,15.586342
xtal_72.cif,./Al13Sc3N16/__initial__/86/xtal_72.cif,-24.044954,23.925571
xtal_73.cif,./Al13Sc3N16/86/xtal_73.cif,-38.816986,-7.8673015
xtal_74.cif,./Al13Sc3N16/__initial__/86/xtal_74.cif,-38.09421,30.200134
xtal_75.cif,./Al13Sc3N16/86/xtal_75.cif,-48.06385,-54.69783
xtal_76.cif,./Al13Sc3N16/__initial__/86/xtal_76.cif,4.279361,-26.515278
xtal_77.cif,./Al13Sc3N16/__initial__/86/xtal_77.cif,-16.78544,49.16521
xtal_78.cif,./Al13Sc3N16/86/xtal_78.cif,18.536741,-3.9776018
xtal_79.cif,./Al13Sc3N16/__initial__/86/xtal_79.cif,-72.659355,-45.66964
xtal_8.cif,./Al13Sc3N16/86/xtal_8.cif,-10.193844,64.95046
xtal_80.cif,./Al13Sc3N16/__initial__/86/xtal_80.cif,-69.0918,-9.979815
xtal_81.cif,./Al13Sc3N16/__initial__/86/xtal_81.cif,39.804688,32.92148
xtal_82.cif,./Al13Sc3N16/86/xtal_82.cif,-1.5643191,-30.444412
xtal_83.cif,./Al13Sc3N16/__initial__/86/xtal_83.cif,36.077213,81.97593
xtal_84.cif,./Al13Sc3N16/86/xtal_84.cif,-5.2568073,-39.870907
xtal_85.cif,./Al13Sc3N16/86/xtal_85.cif,36.81965,3.701929
xtal_86.cif,./Al13Sc3N16/86/xtal_86.cif,65.615875,57.085667
xtal_87.cif,./Al13Sc3N16/86/xtal_87.cif,-24.821562,51.003075
xtal_88.cif,./Al13Sc3N16/86/xtal_88.cif,-100.06325,-15.506569
xtal_89.cif,./Al13Sc3N16/86/xtal_89.cif,-16.424435,-57.9001
xtal_9.cif,./Al13Sc3N16/__initial__/86/xtal_9.cif,50.70633,52.163284
xtal_90.cif,./Al13Sc3N16/86/xtal_90.cif,32.860672,17.639675
xtal_91.cif,./Al13Sc3N16/86/xtal_91.cif,-1.6002454,-34.805237
xtal_92.cif,./Al13Sc3N16/__initial__/86/xtal_92.cif,-11.950388,3.92657
xtal_93.cif,./Al13Sc3N16/86/xtal_93.cif,53.60674,41.870567
xtal_94.cif,./Al13Sc3N16/86/xtal_94.cif,25.97949,15.920433
xtal_95.cif,./Al13Sc3N16/86/xtal_95.cif,-3.0855014,-44.650883
xtal_96.cif,./Al13Sc3N16/__initial__/86/xtal_96.cif,5.0318933,40.90271
xtal_97.cif,./Al13Sc3N16/86/xtal_97.cif,28.11367,4.105787
xtal_98.cif,./Al13Sc3N16/__initial__/86/xtal_98.cif,-82.93072,-46.137012
xtal_99.cif,./Al13Sc3N16/__initial__/86/xtal_99.cif,-7.3557806,20.361961
xtal_1.cif,./Al13Sc3N16/87/xtal_1.cif,21.098139,7.5927787
xtal_10.cif,./Al13Sc3N16/87/xtal_10.cif,57.243183,67.35324
xtal_100.cif,./Al13Sc3N16/__initial__/87/xtal_100.cif,-50.022915,58.53794
xtal_11.cif,./Al13Sc3N16/__initial__/87/xtal_11.cif,6.9428077,29.62214
xtal_12.cif,./Al13Sc3N16/87/xtal_12.cif,-22.775255,23.043356
xtal_13.cif,./Al13Sc3N16/87/xtal_13.cif,-72.24245,35.483315
xtal_14.cif,./Al13Sc3N16/__initial__/87/xtal_14.cif,-17.936626,-2.502024
xtal_15.cif,./Al13Sc3N16/__initial__/87/xtal_15.cif,-27.525705,58.543602
xtal_16.cif,./Al13Sc3N16/__initial__/87/xtal_16.cif,-64.23835,-39.967167
xtal_17.cif,./Al13Sc3N16/__initial__/87/xtal_17.cif,-24.986599,-17.464813
xtal_18.cif,./Al13Sc3N16/__initial__/87/xtal_18.cif,-17.50638,26.345213
xtal_19.cif,./Al13Sc3N16/__initial__/87/xtal_19.cif,-47.283607,9.974041
xtal_2.cif,./Al13Sc3N16/__initial__/87/xtal_2.cif,-39.142967,-12.902232
xtal_20.cif,./Al13Sc3N16/87/xtal_20.cif,7.523174,-5.767601
xtal_21.cif,./Al13Sc3N16/__initial__/87/xtal_21.cif,29.635542,25.835142
xtal_22.cif,./Al13Sc3N16/__initial__/87/xtal_22.cif,-26.251495,43.262318
xtal_23.cif,./Al13Sc3N16/87/xtal_23.cif,1.0887929,-14.579066
xtal_24.cif,./Al13Sc3N16/__initial__/87/xtal_24.cif,-17.005875,-29.057491
xtal_25.cif,./Al13Sc3N16/__initial__/87/xtal_25.cif,-32.03868,-24.169159
xtal_26.cif,./Al13Sc3N16/__initial__/87/xtal_26.cif,-61.594913,88.78072
xtal_27.cif,./Al13Sc3N16/__initial__/87/xtal_27.cif,-20.509424,71.50783
xtal_28.cif,./Al13Sc3N16/__initial__/87/xtal_28.cif,-5.886725,6.295294
xtal_29.cif,./Al13Sc3N16/87/xtal_29.cif,-58.59336,48.820316
xtal_3.cif,./Al13Sc3N16/__initial__/87/xtal_3.cif,7.9589386,-2.6300688
xtal_30.cif,./Al13Sc3N16/87/xtal_30.cif,14.097527,-18.056389
xtal_31.cif,./Al13Sc3N16/__initial__/87/xtal_31.cif,21.989046,84.89319
xtal_32.cif,./Al13Sc3N16/87/xtal_32.cif,-40.761738,-34.389492
xtal_33.cif,./Al13Sc3N16/87/xtal_33.cif,-8.902694,40.538475
xtal_34.cif,./Al13Sc3N16/87/xtal_34.cif,33.544647,7.2028065
xtal_35.cif,./Al13Sc3N16/87/xtal_35.cif,18.164131,22.112158
xtal_36.cif,./Al13Sc3N16/87/xtal_36.cif,-30.209248,92.54977
xtal_37.cif,./Al13Sc3N16/__initial__/87/xtal_37.cif,-60.85819,56.186066
xtal_38.cif,./Al13Sc3N16/__initial__/87/xtal_38.cif,-81.131065,5.5678706
xtal_39.cif,./Al13Sc3N16/__initial__/87/xtal_39.cif,-62.29955,5.202743
xtal_4.cif,./Al13Sc3N16/__initial__/87/xtal_4.cif,-21.080458,63.058147
xtal_40.cif,./Al13Sc3N16/87/xtal_40.cif,-20.10058,-30.2441
xtal_41.cif,./Al13Sc3N16/87/xtal_41.cif,-49.971233,27.96199
xtal_42.cif,./Al13Sc3N16/__initial__/87/xtal_42.cif,-0.47257677,-15.465496
xtal_43.cif,./Al13Sc3N16/__initial__/87/xtal_43.cif,-7.548944,-41.1048
xtal_44.cif,./Al13Sc3N16/87/xtal_44.cif,-22.627836,56.62315
xtal_45.cif,./Al13Sc3N16/__initial__/87/xtal_45.cif,-20.711782,34.78163
xtal_46.cif,./Al13Sc3N16/87/xtal_46.cif,-2.3194873,-8.905802
xtal_47.cif,./Al13Sc3N16/__initial__/87/xtal_47.cif,-60.225224,6.328009
xtal_48.cif,./Al13Sc3N16/__initial__/87/xtal_48.cif,-38.105846,91.5571
xtal_49.cif,./Al13Sc3N16/87/xtal_49.cif,-46.795567,-27.781729
xtal_5.cif,./Al13Sc3N16/87/xtal_5.cif,-42.036705,63.52734
xtal_50.cif,./Al13Sc3N16/87/xtal_50.cif,-2.234836,11.382652
xtal_51.cif,./Al13Sc3N16/87/xtal_51.cif,-46.29167,-28.83869
xtal_52.cif,./Al13Sc3N16/__initial__/87/xtal_52.cif,-51.94911,6.2681518
xtal_53.cif,./Al13Sc3N16/87/xtal_53.cif,-52.027058,-5.6193213
xtal_54.cif,./Al13Sc3N16/__initial__/87/xtal_54.cif,-18.115,84.31448
xtal_55.cif,./Al13Sc3N16/87/xtal_55.cif,-43.18186,73.55111
xtal_56.cif,./Al13Sc3N16/__initial__/87/xtal_56.cif,-58.04237,11.246982
xtal_57.cif,./Al13Sc3N16/87/xtal_57.cif,-36.1876,75.850975
xtal_58.cif,./Al13Sc3N16/__initial__/87/xtal_58.cif,-16.937899,1.0012536
xtal_59.cif,./Al13Sc3N16/__initial__/87/xtal_59.cif,-14.80428,3.9836588
xtal_6.cif,./Al13Sc3N16/__initial__/87/xtal_6.cif,-73.82054,-5.9952593
xtal_60.cif,./Al13Sc3N16/87/xtal_60.cif,8.008414,90.12352
xtal_61.cif,./Al13Sc3N16/__initial__/87/xtal_61.cif,57.963943,73.61494
xtal_62.cif,./Al13Sc3N16/87/xtal_62.cif,-7.6226296,61.78181
xtal_63.cif,./Al13Sc3N16/87/xtal_63.cif,-4.753118,66.08013
xtal_64.cif,./Al13Sc3N16/87/xtal_64.cif,-61.91328,43.211395
xtal_65.cif,./Al13Sc3N16/87/xtal_65.cif,-67.25925,-32.976574
xtal_66.cif,./Al13Sc3N16/87/xtal_66.cif,-62.969795,82.666534
xtal_67.cif,./Al13Sc3N16/__initial__/87/xtal_67.cif,-56.105618,66.13394
xtal_68.cif,./Al13Sc3N16/87/xtal_68.cif,17.906773,0.33803815
xtal_69.cif,./Al13Sc3N16/87/xtal_69.cif,-72.115036,15.058636
xtal_7.cif,./Al13Sc3N16/__initial__/87/xtal_7.cif,-5.8816576,-46.362423
xtal_70.cif,./Al13Sc3N16/87/xtal_70.cif,-15.466995,33.565357
xtal_71.cif,./Al13Sc3N16/__initial__/87/xtal_71.cif,-58.937973,36.357746
xtal_72.cif,./Al13Sc3N16/__initial__/87/xtal_72.cif,-84.77613,22.894768
xtal_73.cif,./Al13Sc3N16/87/xtal_73.cif,12.374166,15.245698
xtal_74.cif,./Al13Sc3N16/__initial__/87/xtal_74.cif,-2.5280101,-38.283417
xtal_75.cif,./Al13Sc3N16/87/xtal_75.cif,48.73141,76.51188
xtal_76.cif,./Al13Sc3N16/87/xtal_76.cif,-36.93952,-21.132002
xtal_77.cif,./Al13Sc3N16/__initial__/87/xtal_77.cif,46.571743,86.56177
xtal_78.cif,./Al13Sc3N16/87/xtal_78.cif,-3.96671,-3.6375718
xtal_79.cif,./Al13Sc3N16/__initial__/87/xtal_79.cif,-57.384956,-50.73445
xtal_8.cif,./Al13Sc3N16/__initial__/87/xtal_8.cif,-91.29199,-10.904931
xtal_80.cif,./Al13Sc3N16/87/xtal_80.cif,-12.250088,46.735355
xtal_81.cif,./Al13Sc3N16/87/xtal_81.cif,-43.671116,72.96715
xtal_82.cif,./Al13Sc3N16/87/xtal_82.cif,8.72304,12.881632
xtal_83.cif,./Al13Sc3N16/87/xtal_83.cif,-57.48857,76.3652
xtal_84.cif,./Al13Sc3N16/__initial__/87/xtal_84.cif,-27.009575,-15.049013
xtal_85.cif,./Al13Sc3N16/87/xtal_85.cif,32.02868,36.42166
xtal_86.cif,./Al13Sc3N16/87/xtal_86.cif,12.86287,34.475235
xtal_87.cif,./Al13Sc3N16/87/xtal_87.cif,34.004547,51.2341
xtal_88.cif,./Al13Sc3N16/87/xtal_88.cif,-65.00765,-33.952526
xtal_89.cif,./Al13Sc3N16/__initial__/87/xtal_89.cif,21.289793,6.920739
xtal_9.cif,./Al13Sc3N16/__initial__/87/xtal_9.cif,-8.245623,83.46342
xtal_90.cif,./Al13Sc3N16/__initial__/87/xtal_90.cif,-30.898556,68.13933
xtal_91.cif,./Al13Sc3N16/87/xtal_91.cif,-28.524538,3.7356758
xtal_92.cif,./Al13Sc3N16/87/xtal_92.cif,-11.6011305,-8.846816
xtal_93.cif,./Al13Sc3N16/87/xtal_93.cif,35.352547,72.424416
xtal_94.cif,./Al13Sc3N16/__initial__/87/xtal_94.cif,-81.06874,55.390545
xtal_95.cif,./Al13Sc3N16/__initial__/87/xtal_95.cif,-89.70287,-24.30392
xtal_96.cif,./Al13Sc3N16/__initial__/87/xtal_96.cif,-43.708282,50.060387
xtal_97.cif,./Al13Sc3N16/87/xtal_97.cif,-33.27606,-42.090908
xtal_98.cif,./Al13Sc3N16/87/xtal_98.cif,-6.678451,57.779263
xtal_99.cif,./Al13Sc3N16/__initial__/87/xtal_99.cif,-42.73697,76.94247
xtal_1.cif,./Al13Sc3N16/89/xtal_1.cif,-52.34486,-25.50705
xtal_10.cif,./Al13Sc3N16/__initial__/89/xtal_10.cif,-33.656116,3.3692312
xtal_100.cif,./Al13Sc3N16/__initial__/89/xtal_100.cif,38.37062,13.807999
xtal_11.cif,./Al13Sc3N16/__initial__/89/xtal_11.cif,28.99575,68.14283
xtal_12.cif,./Al13Sc3N16/89/xtal_12.cif,-58.11766,66.664635
xtal_13.cif,./Al13Sc3N16/__initial__/89/xtal_13.cif,-21.415619,87.533226
xtal_14.cif,./Al13Sc3N16/__initial__/89/xtal_14.cif,-53.332966,28.472054
xtal_15.cif,./Al13Sc3N16/89/xtal_15.cif,-81.35019,66.777275
xtal_16.cif,./Al13Sc3N16/89/xtal_16.cif,-103.54879,-11.144453
xtal_17.cif,./Al13Sc3N16/__initial__/89/xtal_17.cif,-78.575386,55.031193
xtal_18.cif,./Al13Sc3N16/__initial__/89/xtal_18.cif,-90.07134,-0.86277825
xtal_19.cif,./Al13Sc3N16/__initial__/89/xtal_19.cif,11.747878,81.60897
xtal_2.cif,./Al13Sc3N16/89/xtal_2.cif,-18.254807,38.9962
xtal_20.cif,./Al13Sc3N16/__initial__/89/xtal_20.cif,-37.116817,-23.862083
xtal_21.cif,./Al13Sc3N16/__initial__/89/xtal_21.cif,-55.899513,-50.590385
xtal_22.cif,./Al13Sc3N16/89/xtal_22.cif,-9.100628,8.374234
xtal_23.cif,./Al13Sc3N16/__initial__/89/xtal_23.cif,-47.609615,52.098988
xtal_24.cif,./Al13Sc3N16/__initial__/89/xtal_24.cif,-39.733826,28.962254
xtal_25.cif,./Al13Sc3N16/89/xtal_25.cif,22.912252,13.84395
xtal_26.cif,./Al13Sc3N16/89/xtal_26.cif,48.61595,59.264538
xtal_27.cif,./Al13Sc3N16/89/xtal_27.cif,-24.617563,-60.257328
xtal_28.cif,./Al13Sc3N16/89/xtal_28.cif,-12.027586,-52.76956
xtal_29.cif,./Al13Sc3N16/89/xtal_29.cif,14.431171,-8.843978
xtal_3.cif,./Al13Sc3N16/89/xtal_3.cif,-25.596397,39.584743
xtal_30.cif,./Al13Sc3N16/89/xtal_30.cif,-7.097327,79.32078
xtal_31.cif,./Al13Sc3N16/89/xtal_31.cif,-13.480432,-47.358627
xtal_32.cif,./Al13Sc3N16/89/xtal_32.cif,-59.903603,-10.024039
xtal_33.cif,./Al13Sc3N16/89/xtal_33.cif,-81.57813,-39.47418
xtal_34.cif,./Al13Sc3N16/__initial__/89/xtal_34.cif,-4.5840116,51.911587
xtal_35.cif,./Al13Sc3N16/__initial__/89/xtal_35.cif,-48.154057,-70.713554
xtal_36.cif,./Al13Sc3N16/__initial__/89/xtal_36.cif,-54.520332,79.31493
xtal_37.cif,./Al13Sc3N16/89/xtal_37.cif,-18.39833,74.24832
xtal_38.cif,./Al13Sc3N16/89/xtal_38.cif,20.514978,83.46668
xtal_39.cif,./Al13Sc3N16/__initial__/89/xtal_39.cif,7.1895566,-0.3426118
xtal_4.cif,./Al13Sc3N16/__initial__/89/xtal_4.cif,-84.67257,28.662119
xtal_40.cif,./Al13Sc3N16/89/xtal_40.cif,-37.732258,91.57324
xtal_41.cif,./Al13Sc3N16/__initial__/89/xtal_41.cif,3.434913,38.88208
xtal_42.cif,./Al13Sc3N16/__initial__/89/xtal_42.cif,-28.153719,29.145151
xtal_43.cif,./Al13Sc3N16/89/xtal_43.cif,-23.541853,3.9969814
xtal_44.cif,./Al13Sc3N16/89/xtal_44.cif,38.287853,9.838453
xtal_45.cif,./Al13Sc3N16/89/xtal_45.cif,-67.33451,55.132107
xtal_46.cif,./Al13Sc3N16/89/xtal_46.cif,-53.633472,25.371
xtal_47.cif,./Al13Sc3N16/89/xtal_47.cif,-57.84823,-6.9635673
xtal_48.cif,./Al13Sc3N16/89/xtal_48.cif,6.937544,-7.072477
xtal_49.cif,./Al13Sc3N16/__initial__/89/xtal_49.cif,-14.107171,38.28526
xtal_5.cif,./Al13Sc3N16/89/xtal_5.cif,15.750896,66.63849
xtal_50.cif,./Al13Sc3N16/__initial__/89/xtal_50.cif,-64.29776,76.08722
xtal_51.cif,./Al13Sc3N16/__initial__/89/xtal_51.cif,-48.73412,-13.420213
xtal_52.cif,./Al13Sc3N16/__initial__/89/xtal_52.cif,-81.36226,53.612206
xtal_53.cif,./Al13Sc3N16/__initial__/89/xtal_53.cif,-32.659676,42.43824
xtal_54.cif,./Al13Sc3N16/89/xtal_54.cif,-47.366238,86.71524
xtal_55.cif,./Al13Sc3N16/__initial__/89/xtal_55.cif,-80.62969,30.99674
xtal_56.cif,./Al13Sc3N16/89/xtal_56.cif,-28.164747,28.911621
xtal_57.cif,./Al13Sc3N16/__initial__/89/xtal_57.cif,25.399424,28.189398
xtal_58.cif,./Al13Sc3N16/__initial__/89/xtal_58.cif,-47.563683,4.1124415
xtal_59.cif,./Al13Sc3N16/__initial__/89/xtal_59.cif,-67.033424,14.352257
xtal_6.cif,./Al13Sc3N16/__initial__/89/xtal_6.cif,-35.94453,75.68535
xtal_60.cif,./Al13Sc3N16/__initial__/89/xtal_60.cif,-6.181663,91.55377
xtal_61.cif,./Al13Sc3N16/89/xtal_61.cif,6.2055264,40.53946
xtal_62.cif,./Al13Sc3N16/89/xtal_62.cif,-56.603127,-34.5793
xtal_63.cif,./Al13Sc3N16/89/xtal_63.cif,-11.5613575,-33.820335
xtal_64.cif,./Al13Sc3N16/89/xtal_64.cif,-5.704359,67.484795
xtal_65.cif,./Al13Sc3N16/89/xtal_65.cif,-26.017822,-24.390715
xtal_66.cif,./Al13Sc3N16/89/xtal_66.cif,29.79344,85.16883
xtal_67.cif,./Al13Sc3N16/__initial__/89/xtal_67.cif,-88.22679,7.2688212
xtal_68.cif,./Al13Sc3N16/__initial__/89/xtal_68.cif,47.079662,53.746277
xtal_69.cif,./Al13Sc3N16/89/xtal_69.cif,-53.958286,-24.062674
xtal_7.cif,./Al13Sc3N16/89/xtal_7.cif,12.045679,-2.6433263
xtal_70.cif,./Al13Sc3N16/89/xtal_70.cif,-19.869917,-49.298363
xtal_71.cif,./Al13Sc3N16/__initial__/89/xtal_71.cif,9.175048,93.39224
xtal_72.cif,./Al13Sc3N16/89/xtal_72.cif,-85.587265,26.546476
xtal_73.cif,./Al13Sc3N16/__initial__/89/xtal_73.cif,-72.8072,12.351885
xtal_74.cif,./Al13Sc3N16/__initial__/89/xtal_74.cif,-25.200966,8.905631
xtal_75.cif,./Al13Sc3N16/__initial__/89/xtal_75.cif,2.679548,38.658867
xtal_76.cif,./Al13Sc3N16/__initial__/89/xtal_76.cif,-63.212723,-19.685114
xtal_77.cif,./Al13Sc3N16/__initial__/89/xtal_77.cif,-64.90437,76.989555
xtal_78.cif,./Al13Sc3N16/__initial__/89/xtal_78.cif,-13.559482,81.73397
xtal_79.cif,./Al13Sc3N16/89/xtal_79.cif,-75.57585,-34.394966
xtal_8.cif,./Al13Sc3N16/89/xtal_8.cif,60.27587,58.973656
xtal_80.cif,./Al13Sc3N16/89/xtal_80.cif,-64.683174,43.797207
xtal_81.cif,./Al13Sc3N16/__initial__/89/xtal_81.cif,-36.838127,23.330698
xtal_82.cif,./Al13Sc3N16/__initial__/89/xtal_82.cif,38.264828,54.08291
xtal_83.cif,./Al13Sc3N16/__initial__/89/xtal_83.cif,-24.031355,69.74549
xtal_84.cif,./Al13Sc3N16/__initial__/89/xtal_84.cif,-55.848618,66.67474
xtal_85.cif,./Al13Sc3N16/__initial__/89/xtal_85.cif,-63.833042,30.733683
xtal_86.cif,./Al13Sc3N16/89/xtal_86.cif,30.285786,47.302746
xtal_87.cif,./Al13Sc3N16/__initial__/89/xtal_87.cif,-77.37984,53.208195
xtal_88.cif,./Al13Sc3N16/89/xtal_88.cif,-14.695768,-60.336483
xtal_89.cif,./Al13Sc3N16/89/xtal_89.cif,-40.440323,62.235523
xtal_9.cif,./Al13Sc3N16/89/xtal_9.cif,-15.735815,16.06855
xtal_90.cif,./Al13Sc3N16/89/xtal_90.cif,-66.8953,14.43602
xtal_91.cif,./Al13Sc3N16/89/xtal_91.cif,-45.782345,-26.451578
xtal_92.cif,./Al13Sc3N16/89/xtal_92.cif,-24.959064,78.93514
xtal_93.cif,./Al13Sc3N16/89/xtal_93.cif,15.265931,60.342392
xtal_94.cif,./Al13Sc3N16/89/xtal_94.cif,-59.418674,34.665985
xtal_95.cif,./Al13Sc3N16/__initial__/89/xtal_95.cif,-67.55262,-7.7159114
xtal_96.cif,./Al13Sc3N16/__initial__/89/xtal_96.cif,-48.478203,-68.80572
xtal_97.cif,./Al13Sc3N16/89/xtal_97.cif,9.918575,45.915062
xtal_98.cif,./Al13Sc3N16/89/xtal_98.cif,-84.94706,-24.70564
xtal_99.cif,./Al13Sc3N16/89/xtal_99.cif,-59.354763,-11.230934
xtal_1.cif,./Al13Sc3N16/__initial__/90/xtal_1.cif,-0.8669258,87.74264
xtal_10.cif,./Al13Sc3N16/__initial__/90/xtal_10.cif,-33.018482,4.394548
xtal_100.cif,./Al13Sc3N16/90/xtal_100.cif,15.290745,11.074984
xtal_11.cif,./Al13Sc3N16/90/xtal_11.cif,-25.316628,-14.954016
xtal_12.cif,./Al13Sc3N16/__initial__/90/xtal_12.cif,-51.749424,-15.949105
xtal_13.cif,./Al13Sc3N16/90/xtal_13.cif,6.052678,-26.300684
xtal_14.cif,./Al13Sc3N16/90/xtal_14.cif,-68.97488,-13.124354
xtal_15.cif,./Al13Sc3N16/90/xtal_15.cif,9.250844,22.628803
xtal_16.cif,./Al13Sc3N16/90/xtal_16.cif,14.027975,-12.375623
xtal_17.cif,./Al13Sc3N16/__initial__/90/xtal_17.cif,46.146034,20.36251
xtal_18.cif,./Al13Sc3N16/90/xtal_18.cif,-51.138992,54.53038
xtal_19.cif,./Al13Sc3N16/90/xtal_19.cif,8.483388,38.750977
xtal_2.cif,./Al13Sc3N16/__initial__/90/xtal_2.cif,-59.85425,60.281998
xtal_20.cif,./Al13Sc3N16/__initial__/90/xtal_20.cif,21.155525,83.80546
xtal_21.cif,./Al13Sc3N16/90/xtal_21.cif,7.1877747,43.20448
xtal_22.cif,./Al13Sc3N16/__initial__/90/xtal_22.cif,-40.248863,83.95788
xtal_23.cif,./Al13Sc3N16/__initial__/90/xtal_23.cif,-61.536095,50.694412
xtal_24.cif,./Al13Sc3N16/__initial__/90/xtal_24.cif,-0.8607618,1.4119332
xtal_25.cif,./Al13Sc3N16/__initial__/90/xtal_25.cif,4.6175337,41.07586
xtal_26.cif,./Al13Sc3N16/__initial__/90/xtal_26.cif,47.710957,37.408684
xtal_27.cif,./Al13Sc3N16/__initial__/90/xtal_27.cif,-77.28925,24.191868
xtal_28.cif,./Al13Sc3N16/90/xtal_28.cif,26.282892,69.57216
xtal_29.cif,./Al13Sc3N16/90/xtal_29.cif,-25.944979,-15.022732
xtal_3.cif,./Al13Sc3N16/__initial__/90/xtal_3.cif,31.465279,-5.5735645
xtal_30.cif,./Al13Sc3N16/__initial__/90/xtal_30.cif,-14.310616,63.490032
xtal_31.cif,./Al13Sc3N16/90/xtal_31.cif,-13.255458,44.188698
xtal_32.cif,./Al13Sc3N16/__initial__/90/xtal_32.cif,-62.626987,-15.628071
xtal_33.cif,./Al13Sc3N16/90/xtal_33.cif,3.1654298,22.605082
xtal_34.cif,./Al13Sc3N16/__initial__/90/xtal_34.cif,-22.977135,30.255413
xtal_35.cif,./Al13Sc3N16/90/xtal_35.cif,-37.83824,-7.207117
xtal_36.cif,./Al13Sc3N16/__initial__/90/xtal_36.cif,20.13621,-3.207515
xtal_37.cif,./Al13Sc3N16/__initial__/90/xtal_37.cif,-49.828026,43.252274
xtal_38.cif,./Al13Sc3N16/__initial__/90/xtal_38.cif,-20.232716,89.88084
xtal_39.cif,./Al13Sc3N16/90/xtal_39.cif,-5.0139713,-13.252525
xtal_4.cif,./Al13Sc3N16/__initial__/90/xtal_4.cif,9.742879,82.55374
xtal_40.cif,./Al13Sc3N16/90/xtal_40.cif,-6.746896,-70.40717
xtal_41.cif,./Al13Sc3N16/90/xtal_41.cif,13.509026,34.29547
xtal_42.cif,./Al13Sc3N16/90/xtal_42.cif,-22.382244,52.880287
xtal_43.cif,./Al13Sc3N16/90/xtal_43.cif,58.031086,63.4373
xtal_44.cif,./Al13Sc3N16/__initial__/90/xtal_44.cif,-28.809017,-57.308846
xtal_45.cif,./Al13Sc3N16/90/xtal_45.cif,1.1743058,43.583775
xtal_46.cif,./Al13Sc3N16/90/xtal_46.cif,-71.60219,-26.954414
xtal_47.cif,./Al13Sc3N16/90/xtal_47.cif,48.082977,37.379387
xtal_48.cif,./Al13Sc3N16/90/xtal_48.cif,13.306572,-16.609743
xtal_49.cif,./Al13Sc3N16/__initial__/90/xtal_49.cif,-81.18118,27.42027
xtal_5.cif,./Al13Sc3N16/90/xtal_5.cif,-24.141117,-2.4138005
xtal_50.cif,./Al13Sc3N16/90/xtal_50.cif,-10.629533,-6.453181
xtal_51.cif,./Al13Sc3N16/90/xtal_51.cif,58.10058,44.210907
xtal_52.cif,./Al13Sc3N16/90/xtal_52.cif,-22.97471,83.90439
xtal_53.cif,./Al13Sc3N16/__initial__/90/xtal_53.cif,-81.76984,-2.8738923
xtal_54.cif,./Al13Sc3N16/__initial__/90/xtal_54.cif,26.567493,75.314896
xtal_55.cif,./Al13Sc3N16/90/xtal_55.cif,-0.5804334,44.294075
xtal_56.cif,./Al13Sc3N16/__initial__/90/xtal_56.cif,6.677967,-32.78484
xtal_57.cif,./Al13Sc3N16/90/xtal_57.cif,48.80294,60.838913
xtal_58.cif,./Al13Sc3N16/90/xtal_58.cif,-6.00279,4.429754
xtal_59.cif,./Al13Sc3N16/__initial__/90/xtal_59.cif,10.15529,-30.479609
xtal_6.cif,./Al13Sc3N16/90/xtal_6.cif,-55.54555,52.659805
xtal_60.cif,./Al13Sc3N16/90/xtal_60.cif,1.7406199,23.65811
xtal_61.cif,./Al13Sc3N16/__initial__/90/xtal_61.cif,-82.33225,10.338868
xtal_62.cif,./Al13Sc3N16/90/xtal_62.cif,-76.23688,46.071335
xtal_63.cif,./Al13Sc3N16/__initial__/90/xtal_63.cif,-30.131775,85.391975
xtal_64.cif,./Al13Sc3N16/90/xtal_64.cif,34.56108,46.017075
xtal_65.cif,./Al13Sc3N16/__initial__/90/xtal_65.cif,-88.08339,4.402373
xtal_66.cif,./Al13Sc3N16/90/xtal_66.cif,56.77249,41.826824
xtal_67.cif,./Al13Sc3N16/__initial__/90/xtal_67.cif,-44.819454,-47.00575
xtal_68.cif,./Al13Sc3N16/__initial__/90/xtal_68.cif,15.389382,63.310284
xtal_69.cif,./Al13Sc3N16/90/xtal_69.cif,-57.786606,-78.56569
xtal_7.cif,./Al13Sc3N16/__initial__/90/xtal_7.cif,4.940871,88.66852
xtal_70.cif,./Al13Sc3N16/90/xtal_70.cif,14.046609,71.709854
xtal_71.cif,./Al13Sc3N16/90/xtal_71.cif,-77.04052,14.521457
xtal_72.cif,./Al13Sc3N16/90/xtal_72.cif,27.349886,17.65405
xtal_73.cif,./Al13Sc3N16/__initial__/90/xtal_73.cif,7.9411817,-4.0189905
xtal_74.cif,./Al13Sc3N16/__initial__/90/xtal_74.cif,7.764917,54.93471
xtal_75.cif,./Al13Sc3N16/__initial__/90/xtal_75.cif,-10.888427,37.890457
xtal_76.cif,./Al13Sc3N16/__initial__/90/xtal_76.cif,-62.56569,45.48559
xtal_77.cif,./Al13Sc3N16/90/xtal_77.cif,-13.969746,-38.35437
xtal_78.cif,./Al13Sc3N16/90/xtal_78.cif,-36.061764,-37.890682
xtal_79.cif,./Al13Sc3N16/__initial__/90/xtal_79.cif,33.407986,87.22564
xtal_8.cif,./Al13Sc3N16/90/xtal_8.cif,19.478344,37.9179
xtal_80.cif,./Al13Sc3N16/90/xtal_80.cif,-17.384922,-21.240124
xtal_81.cif,./Al13Sc3N16/__initial__/90/xtal_81.cif,-55.689713,39.98124
xtal_82.cif,./Al13Sc3N16/__initial__/90/xtal_82.cif,-73.796906,69.55765
xtal_83.cif,./Al13Sc3N16/__initial__/90/xtal_83.cif,-62.517548,-11.185895
xtal_84.cif,./Al13Sc3N16/__initial__/90/xtal_84.cif,13.111555,23.283197
xtal_85.cif,./Al13Sc3N16/90/xtal_85.cif,-0.69053954,81.250694
xtal_86.cif,./Al13Sc3N16/90/xtal_86.cif,13.785293,-4.730503
xtal_87.cif,./Al13Sc3N16/90/xtal_87.cif,-11.966344,-9.078178
xtal_88.cif,./Al13Sc3N16/__initial__/90/xtal_88.cif,-77.31385,-20.479519
xtal_89.cif,./Al13Sc3N16/90/xtal_89.cif,-68.461075,44.142326
xtal_9.cif,./Al13Sc3N16/90/xtal_9.cif,2.2307072,2.73484
xtal_90.cif,./Al13Sc3N16/90/xtal_90.cif,-34.400864,13.556391
xtal_91.cif,./Al13Sc3N16/__initial__/90/xtal_91.cif,-31.986713,8.123155
xtal_92.cif,./Al13Sc3N16/90/xtal_92.cif,2.9304793,68.44775
xtal_93.cif,./Al13Sc3N16/__initial__/90/xtal_93.cif,-27.763708,-57.353844
xtal_94.cif,./Al13Sc3N16/__initial__/90/xtal_94.cif,-73.77245,-27.771019
xtal_95.cif,./Al13Sc3N16/90/xtal_95.cif,57.317074,43.196873
xtal_96.cif,./Al13Sc3N16/__initial__/90/xtal_96.cif,-38.03234,80.1458
xtal_97.cif,./Al13Sc3N16/90/xtal_97.cif,-58.35148,-9.318368
xtal_98.cif,./Al13Sc3N16/__initial__/90/xtal_98.cif,-57.21945,54.689705
xtal_99.cif,./Al13Sc3N16/__initial__/90/xtal_99.cif,-86.197296,5.612308
xtal_1.cif,./Al13Sc3N16/__initial__/93/xtal_1.cif,-61.614334,55.449757
xtal_10.cif,./Al13Sc3N16/93/xtal_10.cif,38.723923,34.458496
xtal_100.cif,./Al13Sc3N16/93/xtal_100.cif,-1.8946016,51.500416
xtal_11.cif,./Al13Sc3N16/93/xtal_11.cif,-20.945074,-43.369076
xtal_12.cif,./Al13Sc3N16/__initial__/93/xtal_12.cif,-66.2804,86.139984
xtal_13.cif,./Al13Sc3N16/__initial__/93/xtal_13.cif,16.76571,49.055347
xtal_14.cif,./Al13Sc3N16/__initial__/93/xtal_14.cif,12.289211,51.063015
xtal_15.cif,./Al13Sc3N16/__initial__/93/xtal_15.cif,-50.131977,-20.75169
xtal_16.cif,./Al13Sc3N16/93/xtal_16.cif,23.762447,34.754257
xtal_17.cif,./Al13Sc3N16/93/xtal_17.cif,63.507133,62.059628
xtal_18.cif,./Al13Sc3N16/93/xtal_18.cif,-8.463371,-17.623587
xtal_19.cif,./Al13Sc3N16/93/xtal_19.cif,-57.258564,8.763051
xtal_2.cif,./Al13Sc3N16/93/xtal_2.cif,-72.580696,52.736702
xtal_20.cif,./Al13Sc3N16/__initial__/93/xtal_20.cif,44.194138,39.18741
xtal_21.cif,./Al13Sc3N16/93/xtal_21.cif,31.926895,16.526875
xtal_22.cif,./Al13Sc3N16/93/xtal_22.cif,-13.753867,1.8230085
xtal_23.cif,./Al13Sc3N16/93/xtal_23.cif,-38.390213,30.405277
xtal_24.cif,./Al13Sc3N16/__initial__/93/xtal_24.cif,0.29173788,22.926275
xtal_25.cif,./Al13Sc3N16/__initial__/93/xtal_25.cif,-102.307076,-4.0798125
xtal_26.cif,./Al13Sc3N16/93/xtal_26.cif,-7.7863655,63.703884
xtal_27.cif,./Al13Sc3N16/__initial__/93/xtal_27.cif,-14.423176,65.780045
xtal_28.cif,./Al13Sc3N16/__initial__/93/xtal_28.cif,-34.001038,-22.699726
xtal_29.cif,./Al13Sc3N16/__initial__/93/xtal_29.cif,39.12438,36.771225
xtal_3.cif,./Al13Sc3N16/__initial__/93/xtal_3.cif,-35.291668,-36.46069
xtal_30.cif,./Al13Sc3N16/93/xtal_30.cif,-16.336195,13.814113
xtal_31.cif,./Al13Sc3N16/93/xtal_31.cif,-44.052975,42.99845
xtal_32.cif,./Al13Sc3N16/93/xtal_32.cif,-18.724226,-42.056232
xtal_33.cif,./Al13Sc3N16/93/xtal_33.cif,1.9152015,24.953283
xtal_34.cif,./Al13Sc3N16/93/xtal_34.cif,-10.416775,80.58558
xtal_35.cif,./Al13Sc3N16/__initial__/93/xtal_35.cif,-63.382355,-27.119019
xtal_36.cif,./Al13Sc3N16/93/xtal_36.cif,-82.89289,-2.3543906
xtal_37.cif,./Al13Sc3N16/93/xtal_37.cif,-21.552858,-20.585915
xtal_38.cif,./Al13Sc3N16/93/xtal_38.cif,10.556903,-4.1156387
xtal_39.cif,./Al13Sc3N16/__initial__/93/xtal_39.cif,-55.30641,67.20031
xtal_4.cif,./Al13Sc3N16/93/xtal_4.cif,-10.933882,-56.58931
xtal_40.cif,./Al13Sc3N16/__initial__/93/xtal_40.cif,-40.79814,-70.71467
xtal_41.cif,./Al13Sc3N16/__initial__/93/xtal_41.cif,-86.87742,-28.964197
xtal_42.cif,./Al13Sc3N16/93/xtal_42.cif,11.106866,12.850931
xtal_43.cif,./Al13Sc3N16/93/xtal_43.cif,-34.954357,-46.000515
xtal_44.cif,./Al13Sc3N16/93/xtal_44.cif,-9.414604,67.565475
xtal_45.cif,./Al13Sc3N16/93/xtal_45.cif,47.63056,32.85281
xtal_46.cif,./Al13Sc3N16/93/xtal_46.cif,10.118572,77.05733
xtal_47.cif,./Al13Sc3N16/__initial__/93/xtal_47.cif,-34.945656,-39.86764
xtal_48.cif,./Al13Sc3N16/__initial__/93/xtal_48.cif,2.7536585,75.98957
xtal_49.cif,./Al13Sc3N16/93/xtal_49.cif,51.122482,44.661533
xtal_5.cif,./Al13Sc3N16/__initial__/93/xtal_5.cif,32.46247,12.705182
xtal_50.cif,./Al13Sc3N16/__initial__/93/xtal_50.cif,27.173117,51.41635
xtal_51.cif,./Al13Sc3N16/__initial__/93/xtal_51.cif,29.372522,89.85376
xtal_52.cif,./Al13Sc3N16/93/xtal_52.cif,24.636032,33.51185
xtal_53.cif,./Al13Sc3N16/93/xtal_53.cif,-7.7358146,-43.452244
xtal_54.cif,./Al13Sc3N16/__initial__/93/xtal_54.cif,-14.499338,43.775528
xtal_55.cif,./Al13Sc3N16/__initial__/93/xtal_55.cif,-28.630205,-46.022186
xtal_56.cif,./Al13Sc3N16/93/xtal_56.cif,40.729523,13.288255
xtal_57.cif,./Al13Sc3N16/93/xtal_57.cif,37.055607,22.284845
xtal_58.cif,./Al13Sc3N16/93/xtal_58.cif,39.729145,2.6484792
xtal_59.cif,./Al13Sc3N16/93/xtal_59.cif,39.328606,35.545963
xtal_6.cif,./Al13Sc3N16/93/xtal_6.cif,53.24237,30.950733
xtal_60.cif,./Al13Sc3N16/__initial__/93/xtal_60.cif,-32.706997,42.564373
xtal_61.cif,./Al13Sc3N16/__initial__/93/xtal_61.cif,-50.976116,-27.226517
xtal_62.cif,./Al13Sc3N16/93/xtal_62.cif,-27.063684,-48.372337
xtal_63.cif,./Al13Sc3N16/__initial__/93/xtal_63.cif,-33.803726,81.662636
xtal_64.cif,./Al13Sc3N16/93/xtal_64.cif,15.222346,7.478975
xtal_65.cif,./Al13Sc3N16/93/xtal_65.cif,-5.746174,27.252388
xtal_66.cif,./Al13Sc3N16/__initial__/93/xtal_66.cif,-28.062494,42.55223
xtal_67.cif,./Al13Sc3N16/__initial__/93/xtal_67.cif,12.55375,58.63625
xtal_68.cif,./Al13Sc3N16/93/xtal_68.cif,29.0588,41.307304
xtal_69.cif,./Al13Sc3N16/__initial__/93/xtal_69.cif,4.9261017,37.519814
xtal_7.cif,./Al13Sc3N16/__initial__/93/xtal_7.cif,-54.268856,60.898285
xtal_70.cif,./Al13Sc3N16/93/xtal_70.cif,-38.598064,-12.023414
xtal_71.cif,./Al13Sc3N16/93/xtal_71.cif,17.774088,-5.798311
xtal_72.cif,./Al13Sc3N16/93/xtal_72.cif,-2.03862,1.4044567
xtal_73.cif,./Al13Sc3N16/__initial__/93/xtal_73.cif,-45.27317,75.2816
xtal_74.cif,./Al13Sc3N16/93/xtal_74.cif,16.170614,6.632313
xtal_75.cif,./Al13Sc3N16/93/xtal_75.cif,-10.41944,4.5710006
xtal_76.cif,./Al13Sc3N16/93/xtal_76.cif,21.088697,28.504541
xtal_77.cif,./Al13Sc3N16/__initial__/93/xtal_77.cif,-16.631983,35.641834
xtal_78.cif,./Al13Sc3N16/93/xtal_78.cif,7.183425,87.0392
xtal_79.cif,./Al13Sc3N16/93/xtal_79.cif,28.552105,14.422196
xtal_8.cif,./Al13Sc3N16/93/xtal_8.cif,-9.204999,-34.389557
xtal_80.cif,./Al13Sc3N16/__initial__/93/xtal_80.cif,48.754833,30.687798
xtal_81.cif,./Al13Sc3N16/__initial__/93/xtal_81.cif,33.356724,16.87067
xtal_82.cif,./Al13Sc3N16/__initial__/93/xtal_82.cif,-16.874409,2.9127936
xtal_83.cif,./Al13Sc3N16/__initial__/93/xtal_83.cif,-47.221653,47.05804
xtal_84.cif,./Al13Sc3N16/__initial__/93/xtal_84.cif,-2.9798899,35.08784
xtal_85.cif,./Al13Sc3N16/__initial__/93/xtal_85.cif,-49.29188,23.501696
xtal_86.cif,./Al13Sc3N16/93/xtal_86.cif,-37.297775,-56.143696
xtal_87.cif,./Al13Sc3N16/93/xtal_87.cif,12.284828,22.297523
xtal_88.cif,./Al13Sc3N16/__initial__/93/xtal_88.cif,-53.241478,49.58657
xtal_89.cif,./Al13Sc3N16/__initial__/93/xtal_89.cif,-36.7101,-62.325603
xtal_9.cif,./Al13Sc3N16/__initial__/93/xtal_9.cif,-11.02623,51.54402
xtal_90.cif,./Al13Sc3N16/__initial__/93/xtal_90.cif,4.7583094,-20.152815
xtal_91.cif,./Al13Sc3N16/93/xtal_91.cif,24.706873,85.5633
xtal_92.cif,./Al13Sc3N16/__initial__/93/xtal_92.cif,50.935528,56.990612
xtal_93.cif,./Al13Sc3N16/93/xtal_93.cif,-46.138443,13.940264
xtal_94.cif,./Al13Sc3N16/93/xtal_94.cif,-38.75063,-23.810455
xtal_95.cif,./Al13Sc3N16/93/xtal_95.cif,-6.5215416,63.486946
xtal_96.cif,./Al13Sc3N16/__initial__/93/xtal_96.cif,-26.113245,-37.058884
xtal_97.cif,./Al13Sc3N16/__initial__/93/xtal_97.cif,-11.011322,1.8642365
xtal_98.cif,./Al13Sc3N16/__initial__/93/xtal_98.cif,-14.278095,-22.466259
xtal_99.cif,./Al13Sc3N16/__initial__/93/xtal_99.cif,-7.127232,15.249855
xtal_1.cif,./Al13Sc3N16/__initial__/94/xtal_1.cif,52.48264,53.02085
xtal_10.cif,./Al13Sc3N16/94/xtal_10.cif,-6.2911124,-15.992168
xtal_100.cif,./Al13Sc3N16/__initial__/94/xtal_100.cif,-18.999813,-57.580948
xtal_11.cif,./Al13Sc3N16/__initial__/94/xtal_11.cif,11.666052,56.567116
xtal_12.cif,./Al13Sc3N16/__initial__/94/xtal_12.cif,9.733402,-6.4720364
xtal_13.cif,./Al13Sc3N16/__initial__/94/xtal_13.cif,-81.94086,-2.7181346
xtal_14.cif,./Al13Sc3N16/94/xtal_14.cif,-84.46785,33.754475
xtal_15.cif,./Al13Sc3N16/__initial__/94/xtal_15.cif,-19.6234,87.751015
xtal_16.cif,./Al13Sc3N16/94/xtal_16.cif,-3.1752791,13.9206
xtal_17.cif,./Al13Sc3N16/__initial__/94/xtal_17.cif,-33.379887,-39.32942
xtal_18.cif,./Al13Sc3N16/94/xtal_18.cif,-7.796467,22.0686
xtal_19.cif,./Al13Sc3N16/__initial__/94/xtal_19.cif,-32.839005,-45.259815
xtal_2.cif,./Al13Sc3N16/__initial__/94/xtal_2.cif,64.13004,58.221596
xtal_20.cif,./Al13Sc3N16/__initial__/94/xtal_20.cif,-98.6855,-25.888557
xtal_21.cif,./Al13Sc3N16/94/xtal_21.cif,10.286476,75.663536
xtal_22.cif,./Al13Sc3N16/__initial__/94/xtal_22.cif,-10.054027,57.018333
xtal_23.cif,./Al13Sc3N16/__initial__/94/xtal_23.cif,-14.76078,-2.5029643
xtal_24.cif,./Al13Sc3N16/__initial__/94/xtal_24.cif,-18.773071,-27.854853
xtal_25.cif,./Al13Sc3N16/__initial__/94/xtal_25.cif,7.771598,-32.069225
xtal_26.cif,./Al13Sc3N16/__initial__/94/xtal_26.cif,7.9758615,29.604994
xtal_27.cif,./Al13Sc3N16/__initial__/94/xtal_27.cif,8.64907,67.314224
xtal_28.cif,./Al13Sc3N16/__initial__/94/xtal_28.cif,-3.100397,91.18415
xtal_29.cif,./Al13Sc3N16/__initial__/94/xtal_29.cif,33.702484,27.072136
xtal_3.cif,./Al13Sc3N16/94/xtal_3.cif,5.906374,-33.136295
xtal_30.cif,./Al13Sc3N16/94/xtal_30.cif,-65.80349,-41.74459
xtal_31.cif,./Al13Sc3N16/__initial__/94/xtal_31.cif,20.790781,80.623344
xtal_32.cif,./Al13Sc3N16/__initial__/94/xtal_32.cif,-49.91725,56.413113
xtal_33.cif,./Al13Sc3N16/__initial__/94/xtal_33.cif,-6.422061,74.521095
xtal_34.cif,./Al13Sc3N16/__initial__/94/xtal_34.cif,26.436607,86.30345
xtal_35.cif,./Al13Sc3N16/94/xtal_35.cif,33.005463,89.64042
xtal_36.cif,./Al13Sc3N16/__initial__/94/xtal_36.cif,44.325966,75.04431
xtal_37.cif,./Al13Sc3N16/94/xtal_37.cif,59.508865,58.071396
xtal_38.cif,./Al13Sc3N16/94/xtal_38.cif,-49.60706,-23.927088
xtal_39.cif,./Al13Sc3N16/94/xtal_39.cif,-14.026609,-20.108952
xtal_4.cif,./Al13Sc3N16/__initial__/94/xtal_4.cif,13.77355,-16.879396
xtal_40.cif,./Al13Sc3N16/94/xtal_40.cif,37.28978,63.325096
xtal_41.cif,./Al13Sc3N16/94/xtal_41.cif,18.531605,20.693302
xtal_42.cif,./Al13Sc3N16/__initial__/94/xtal_42.cif,-55.59791,-50.744064
xtal_43.cif,./Al13Sc3N16/__initial__/94/xtal_43.cif,-7.7395816,-25.651491
xtal_44.cif,./Al13Sc3N16/__initial__/94/xtal_44.cif,11.897457,67.45237
xtal_45.cif,./Al13Sc3N16/94/xtal_45.cif,-15.748922,49.47848
xtal_46.cif,./Al13Sc3N16/__initial__/94/xtal_46.cif,-38.455452,33.01174
xtal_47.cif,./Al13Sc3N16/__initial__/94/xtal_47.cif,21.552788,32.674595
xtal_48.cif,./Al13Sc3N16/94/xtal_48.cif,42.277233,29.994453
xtal_49.cif,./Al13Sc3N16/94/xtal_49.cif,7.037801,4.151247
xtal_5.cif,./Al13Sc3N16/__initial__/94/xtal_5.cif,8.149552,22.781647
xtal_50.cif,./Al13Sc3N16/94/xtal_50.cif,-58.304028,-43.531155
xtal_51.cif,./Al13Sc3N16/94/xtal_51.cif,-6.1149063,42.61744
xtal_52.cif,./Al13Sc3N16/94/xtal_52.cif,65.21236,58.41476
xtal_53.cif,./Al13Sc3N16/94/xtal_53.cif,29.423225,-11.597682
xtal_54.cif,./Al13Sc3N16/94/xtal_54.cif,-15.061022,11.026789
xtal_55.cif,./Al13Sc3N16/__initial__/94/xtal_55.cif,-57.206646,-47.21645
xtal_56.cif,./Al13Sc3N16/__initial__/94/xtal_56.cif,-61.019474,63.01183
xtal_57.cif,./Al13Sc3N16/__initial__/94/xtal_57.cif,-6.9635677,1.3397918
xtal_58.cif,./Al13Sc3N16/94/xtal_58.cif,-17.774813,-11.7883
xtal_59.cif,./Al13Sc3N16/__initial__/94/xtal_59.cif,55.758823,39.925262
xtal_6.cif,./Al13Sc3N16/__initial__/94/xtal_6.cif,-24.404873,-38.735287
xtal_60.cif,./Al13Sc3N16/__initial__/94/xtal_60.cif,-14.747786,-41.84438
xtal_61.cif,./Al13Sc3N16/94/xtal_61.cif,39.025776,10.967705
xtal_62.cif,./Al13Sc3N16/__initial__/94/xtal_62.cif,23.395222,21.585638
xtal_63.cif,./Al13Sc3N16/94/xtal_63.cif,-64.61093,-47.82055
xtal_64.cif,./Al13Sc3N16/94/xtal_64.cif,-18.385513,-3.7804487
xtal_65.cif,./Al13Sc3N16/94/xtal_65.cif,-31.682209,-34.175694
xtal_66.cif,./Al13Sc3N16/__initial__/94/xtal_66.cif,-81.83611,48.185326
xtal_67.cif,./Al13Sc3N16/__initial__/94/xtal_67.cif,-27.395845,-46.677063
xtal_68.cif,./Al13Sc3N16/94/xtal_68.cif,-17.791069,-56.162815
xtal_69.cif,./Al13Sc3N16/94/xtal_69.cif,3.4646578,4.132585
xtal_7.cif,./Al13Sc3N16/__initial__/94/xtal_7.cif,-34.006462,-63.879612
xtal_70.cif,./Al13Sc3N16/94/xtal_70.cif,14.115126,78.56745
xtal_71.cif,./Al13Sc3N16/__initial__/94/xtal_71.cif,6.7653794,22.514132
xtal_72.cif,./Al13Sc3N16/94/xtal_72.cif,-14.8134365,-9.879919
xtal_73.cif,./Al13Sc3N16/__initial__/94/xtal_73.cif,30.236773,16.200016
xtal_74.cif,./Al13Sc3N16/94/xtal_74.cif,25.598093,13.244169
xtal_75.cif,./Al13Sc3N16/__initial__/94/xtal_75.cif,-52.09138,-51.53219
xtal_76.cif,./Al13Sc3N16/94/xtal_76.cif,-68.07547,-44.656624
xtal_77.cif,./Al13Sc3N16/__initial__/94/xtal_77.cif,35.099483,48.66402
xtal_78.cif,./Al13Sc3N16/94/xtal_78.cif,18.184576,-0.2457263
xtal_79.cif,./Al13Sc3N16/94/xtal_79.cif,-76.59404,-40.69575
xtal_8.cif,./Al13Sc3N16/__initial__/94/xtal_8.cif,9.429445,82.71814
xtal_80.cif,./Al13Sc3N16/94/xtal_80.cif,66.99485,61.617146
xtal_81.cif,./Al13Sc3N16/94/xtal_81.cif,-1.3434519,64.21351
xtal_82.cif,./Al13Sc3N16/94/xtal_82.cif,-14.764326,10.414566
xtal_83.cif,./Al13Sc3N16/94/xtal_83.cif,-25.215048,-37.122986
xtal_84.cif,./Al13Sc3N16/94/xtal_84.cif,-11.181088,-20.56762
xtal_85.cif,./Al13Sc3N16/94/xtal_85.cif,-33.167156,79.60241
xtal_86.cif,./Al13Sc3N16/__initial__/94/xtal_86.cif,40.827644,9.832189
xtal_87.cif,./Al13Sc3N16/94/xtal_87.cif,-1.2941092,-34.633232
xtal_88.cif,./Al13Sc3N16/__initial__/94/xtal_88.cif,-56.24279,-12.861016
xtal_89.cif,./Al13Sc3N16/__initial__/94/xtal_89.cif,-21.585571,44.54131
xtal_9.cif,./Al13Sc3N16/94/xtal_9.cif,-9.670125,73.374084
xtal_90.cif,./Al13Sc3N16/94/xtal_90.cif,-87.98373,-31.943523
xtal_91.cif,./Al13Sc3N16/94/xtal_91.cif,-69.96522,-42.761757
xtal_92.cif,./Al13Sc3N16/94/xtal_92.cif,33.385593,77.70339
xtal_93.cif,./Al13Sc3N16/__initial__/94/xtal_93.cif,-44.241013,-69.69599
xtal_94.cif,./Al13Sc3N16/94/xtal_94.cif,54.335945,43.85539
xtal_95.cif,./Al13Sc3N16/94/xtal_95.cif,-34.85005,-36.20456
xtal_96.cif,./Al13Sc3N16/94/xtal_96.cif,-19.99498,82.46569
xtal_97.cif,./Al13Sc3N16/94/xtal_97.cif,24.633516,33.520546
xtal_98.cif,./Al13Sc3N16/__initial__/94/xtal_98.cif,-66.11032,-40.60626
xtal_99.cif,./Al13Sc3N16/94/xtal_99.cif,37.55241,10.065469
xtal_1.cif,./Al13Sc3N16/__initial__/97/xtal_1.cif,-33.165604,91.30955
xtal_10.cif,./Al13Sc3N16/__initial__/97/xtal_10.cif,-43.605972,29.686663
xtal_100.cif,./Al13Sc3N16/__initial__/97/xtal_100.cif,55.3822,71.37625
xtal_11.cif,./Al13Sc3N16/97/xtal_11.cif,-11.279276,71.3779
xtal_12.cif,./Al13Sc3N16/__initial__/97/xtal_12.cif,20.445963,21.199282
xtal_13.cif,./Al13Sc3N16/__initial__/97/xtal_13.cif,36.091198,9.0710535
xtal_14.cif,./Al13Sc3N16/97/xtal_14.cif,-49.70805,-52.661076
xtal_15.cif,./Al13Sc3N16/__initial__/97/xtal_15.cif,-41.32034,74.46077
xtal_16.cif,./Al13Sc3N16/97/xtal_16.cif,-44.30422,5.5084643
xtal_17.cif,./Al13Sc3N16/__initial__/97/xtal_17.cif,-102.05078,-3.2373106
xtal_18.cif,./Al13Sc3N16/__initial__/97/xtal_18.cif,-28.626314,36.196777
xtal_19.cif,./Al13Sc3N16/97/xtal_19.cif,-11.276435,92.03455
xtal_2.cif,./Al13Sc3N16/__initial__/97/xtal_2.cif,-48.012985,85.496666
xtal_20.cif,./Al13Sc3N16/__initial__/97/xtal_20.cif,-22.662401,58.38541
xtal_21.cif,./Al13Sc3N16/97/xtal_21.cif,19.451563,9.139905
xtal_22.cif,./Al13Sc3N16/__initial__/97/xtal_22.cif,-50.87739,66.962036
xtal_23.cif,./Al13Sc3N16/__initial__/97/xtal_23.cif,-40.951504,37.602173
xtal_24.cif,./Al13Sc3N16/97/xtal_24.cif,-51.813374,-48.02956
xtal_25.cif,./Al13Sc3N16/97/xtal_25.cif,-33.3049,71.88147
xtal_26.cif,./Al13Sc3N16/__initial__/97/xtal_26.cif,-68.75829,45.744755
xtal_27.cif,./Al13Sc3N16/__initial__/97/xtal_27.cif,-12.029057,19.183784
xtal_28.cif,./Al13Sc3N16/__initial__/97/xtal_28.cif,-40.304653,5.3749433
xtal_29.cif,./Al13Sc3N16/__initial__/97/xtal_29.cif,-76.38389,-4.406175
xtal_3.cif,./Al13Sc3N16/__initial__/97/xtal_3.cif,-4.0300694,58.63037
xtal_30.cif,./Al13Sc3N16/97/xtal_30.cif,38.408604,57.302593
xtal_31.cif,./Al13Sc3N16/__initial__/97/xtal_31.cif,-41.879852,79.51844
xtal_32.cif,./Al13Sc3N16/__initial__/97/xtal_32.cif,-74.49845,18.751057
xtal_33.cif,./Al13Sc3N16/__initial__/97/xtal_33.cif,-63.913635,37.79219
xtal_34.cif,./Al13Sc3N16/97/xtal_34.cif,-60.73864,-27.35985
xtal_35.cif,./Al13Sc3N16/97/xtal_35.cif,-45.90493,-24.006863
xtal_36.cif,./Al13Sc3N16/__initial__/97/xtal_36.cif,-62.002563,34.980816
xtal_37.cif,./Al13Sc3N16/__initial__/97/xtal_37.cif,-77.97503,71.33735
xtal_38.cif,./Al13Sc3N16/97/xtal_38.cif,-15.951727,-40.636837
xtal_39.cif,./Al13Sc3N16/97/xtal_39.cif,16.548994,-2.2031343
xtal_4.cif,./Al13Sc3N16/97/xtal_4.cif,-19.353687,11.22163
xtal_40.cif,./Al13Sc3N16/97/xtal_40.cif,27.020544,22.358519
xtal_41.cif,./Al13Sc3N16/__initial__/97/xtal_41.cif,-21.11772,54.220387
xtal_42.cif,./Al13Sc3N16/__initial__/97/xtal_42.cif,39.166603,81.33438
xtal_43.cif,./Al13Sc3N16/97/xtal_43.cif,39.85466,35.329453
xtal_44.cif,./Al13Sc3N16/__initial__/97/xtal_44.cif,13.506223,10.969218
xtal_45.cif,./Al13Sc3N16/97/xtal_45.cif,-39.02301,-23.63549
xtal_46.cif,./Al13Sc3N16/97/xtal_46.cif,-65.36312,82.17367
xtal_47.cif,./Al13Sc3N16/97/xtal_47.cif,-14.483602,76.0851
xtal_48.cif,./Al13Sc3N16/97/xtal_48.cif,-43.110973,32.35719
xtal_49.cif,./Al13Sc3N16/97/xtal_49.cif,-39.007675,-6.220096
xtal_5.cif,./Al13Sc3N16/97/xtal_5.cif,-6.093621,-28.50959
xtal_50.cif,./Al13Sc3N16/__initial__/97/xtal_50.cif,-23.120026,-24.225477
xtal_51.cif,./Al13Sc3N16/97/xtal_51.cif,-57.182655,8.810162
xtal_52.cif,./Al13Sc3N16/__initial__/97/xtal_52.cif,20.227692,15.72372
xtal_53.cif,./Al13Sc3N16/__initial__/97/xtal_53.cif,-74.11866,70.45875
xtal_54.cif,./Al13Sc3N16/__initial__/97/xtal_54.cif,-14.528256,70.11747
xtal_55.cif,./Al13Sc3N16/__initial__/97/xtal_55.cif,-41.173054,-17.718502
xtal_56.cif,./Al13Sc3N16/__initial__/97/xtal_56.cif,-30.001083,-73.03722
xtal_57.cif,./Al13Sc3N16/__initial__/97/xtal_57.cif,-28.19444,-5.665215
xtal_58.cif,./Al13Sc3N16/97/xtal_58.cif,-40.645046,-2.4021869
xtal_59.cif,./Al13Sc3N16/__initial__/97/xtal_59.cif,-48.32718,77.54847
xtal_6.cif,./Al13Sc3N16/97/xtal_6.cif,-46.37711,78.96778
xtal_60.cif,./Al13Sc3N16/97/xtal_60.cif,-23.754236,-43.71179
xtal_61.cif,./Al13Sc3N16/97/xtal_61.cif,-15.267277,3.6346893
xtal_62.cif,./Al13Sc3N16/__initial__/97/xtal_62.cif,14.502205,78.27381
xtal_63.cif,./Al13Sc3N16/__initial__/97/xtal_63.cif,-76.34465,60.814644
xtal_64.cif,./Al13Sc3N16/97/xtal_64.cif,-48.953556,8.081003
xtal_65.cif,./Al13Sc3N16/97/xtal_65.cif,-80.25116,-59.636677
xtal_66.cif,./Al13Sc3N16/__initial__/97/xtal_66.cif,-87.754135,10.450184
xtal_67.cif,./Al13Sc3N16/97/xtal_67.cif,-2.6549647,44.451508
xtal_68.cif,./Al13Sc3N16/__initial__/97/xtal_68.cif,21.916168,85.774796
xtal_69.cif,./Al13Sc3N16/97/xtal_69.cif,-72.51087,52.757694
xtal_7.cif,./Al13Sc3N16/97/xtal_7.cif,-48.767525,-26.62918
xtal_70.cif,./Al13Sc3N16/__initial__/97/xtal_70.cif,41.499702,33.253117
xtal_71.cif,./Al13Sc3N16/97/xtal_71.cif,-53.676758,-33.92886
xtal_72.cif,./Al13Sc3N16/__initial__/97/xtal_72.cif,-56.738846,-15.013455
xtal_73.cif,./Al13Sc3N16/__initial__/97/xtal_73.cif,-81.01434,34.018368
xtal_74.cif,./Al13Sc3N16/__initial__/97/xtal_74.cif,-83.63565,12.551387
xtal_75.cif,./Al13Sc3N16/97/xtal_75.cif,-5.1167316,64.00144
xtal_76.cif,./Al13Sc3N16/97/xtal_76.cif,-17.933804,52.054676
xtal_77.cif,./Al13Sc3N16/97/xtal_77.cif,-53.756405,74.66688
xtal_78.cif,./Al13Sc3N16/97/xtal_78.cif,-51.171593,-51.72054
xtal_79.cif,./Al13Sc3N16/97/xtal_79.cif,-82.62606,48.55001
xtal_8.cif,./Al13Sc3N16/97/xtal_8.cif,-23.082628,57.12022
xtal_80.cif,./Al13Sc3N16/97/xtal_80.cif,8.7364235,87.63611
xtal_81.cif,./Al13Sc3N16/__initial__/97/xtal_81.cif,-75.12338,-33.630646
xtal_82.cif,./Al13Sc3N16/__initial__/97/xtal_82.cif,-51.76579,9.50702
xtal_83.cif,./Al13Sc3N16/97/xtal_83.cif,1.1672236,89.71996
xtal_84.cif,./Al13Sc3N16/97/xtal_84.cif,-20.535906,19.109056
xtal_85.cif,./Al13Sc3N16/97/xtal_85.cif,-81.12212,39.618145
xtal_86.cif,./Al13Sc3N16/97/xtal_86.cif,-75.17283,-33.41605
xtal_87.cif,./Al13Sc3N16/97/xtal_87.cif,-1.3835933,0.734249
xtal_88.cif,./Al13Sc3N16/__initial__/97/xtal_88.cif,-83.97802,28.089323
xtal_89.cif,./Al13Sc3N16/97/xtal_89.cif,-12.394693,21.344753
xtal_9.cif,./Al13Sc3N16/__initial__/97/xtal_9.cif,-58.129997,72.051025
xtal_90.cif,./Al13Sc3N16/97/xtal_90.cif,-5.3443427,-44.553543
xtal_91.cif,./Al13Sc3N16/__initial__/97/xtal_91.cif,-44.584805,-40.438442
xtal_92.cif,./Al13Sc3N16/97/xtal_92.cif,-87.055115,25.835222
xtal_93.cif,./Al13Sc3N16/97/xtal_93.cif,-17.750477,-67.04818
xtal_94.cif,./Al13Sc3N16/97/xtal_94.cif,-22.221203,58.30823
xtal_95.cif,./Al13Sc3N16/__initial__/97/xtal_95.cif,-15.204832,51.817726
xtal_96.cif,./Al13Sc3N16/97/xtal_96.cif,-96.60218,-45.156418
xtal_97.cif,./Al13Sc3N16/97/xtal_97.cif,-52.923054,-50.782795
xtal_98.cif,./Al13Sc3N16/__initial__/97/xtal_98.cif,8.912149,89.42763
xtal_99.cif,./Al13Sc3N16/97/xtal_99.cif,-61.884895,34.96272
xtal_1.cif,./Al13Sc3N16/99/xtal_1.cif,35.807404,-77.75732
xtal_10.cif,./Al13Sc3N16/99/xtal_10.cif,-42.25937,28.015287
xtal_100.cif,./Al13Sc3N16/99/xtal_100.cif,24.919748,-42.993626
xtal_11.cif,./Al13Sc3N16/__initial__/99/xtal_11.cif,84.9169,20.24611
xtal_12.cif,./Al13Sc3N16/99/xtal_12.cif,-8.975139,-48.557957
xtal_13.cif,./Al13Sc3N16/__initial__/99/xtal_13.cif,52.083622,48.533943
xtal_14.cif,./Al13Sc3N16/__initial__/99/xtal_14.cif,65.14827,-88.3724
xtal_15.cif,./Al13Sc3N16/99/xtal_15.cif,-69.33061,-59.70229
xtal_16.cif,./Al13Sc3N16/__initial__/99/xtal_16.cif,23.147688,-1.9778069
xtal_17.cif,./Al13Sc3N16/__initial__/99/xtal_17.cif,87.21561,-55.401722
xtal_18.cif,./Al13Sc3N16/99/xtal_18.cif,-24.553602,11.490511
xtal_19.cif,./Al13Sc3N16/99/xtal_19.cif,53.345764,27.480085
xtal_2.cif,./Al13Sc3N16/99/xtal_2.cif,72.735886,-34.616882
xtal_20.cif,./Al13Sc3N16/__initial__/99/xtal_20.cif,-69.41536,-4.733142
xtal_21.cif,./Al13Sc3N16/__initial__/99/xtal_21.cif,98.84729,-42.482857
xtal_22.cif,./Al13Sc3N16/99/xtal_22.cif,-37.173588,-84.55577
xtal_23.cif,./Al13Sc3N16/__initial__/99/xtal_23.cif,-37.043526,68.84833
xtal_24.cif,./Al13Sc3N16/99/xtal_24.cif,72.53145,-50.511097
xtal_25.cif,./Al13Sc3N16/__initial__/99/xtal_25.cif,81.84782,-23.5482
xtal_26.cif,./Al13Sc3N16/__initial__/99/xtal_26.cif,99.624,-37.61129
xtal_27.cif,./Al13Sc3N16/99/xtal_27.cif,8.938104,25.037313
xtal_28.cif,./Al13Sc3N16/99/xtal_28.cif,31.517868,28.652037
xtal_29.cif,./Al13Sc3N16/__initial__/99/xtal_29.cif,-69.21205,-57.26426
xtal_3.cif,./Al13Sc3N16/99/xtal_3.cif,54.619995,-56.997585
xtal_30.cif,./Al13Sc3N16/__initial__/99/xtal_30.cif,85.1428,-44.367542
xtal_31.cif,./Al13Sc3N16/99/xtal_31.cif,-53.50953,-9.162151
xtal_32.cif,./Al13Sc3N16/__initial__/99/xtal_32.cif,-35.834805,33.446156
xtal_33.cif,./Al13Sc3N16/99/xtal_33.cif,-100.06803,-36.025963
xtal_34.cif,./Al13Sc3N16/__initial__/99/xtal_34.cif,89.21313,-54.96729
xtal_35.cif,./Al13Sc3N16/__initial__/99/xtal_35.cif,76.92793,-52.616074
xtal_36.cif,./Al13Sc3N16/99/xtal_36.cif,45.231846,-62.587345
xtal_37.cif,./Al13Sc3N16/99/xtal_37.cif,60.712193,-61.71058
xtal_38.cif,./Al13Sc3N16/99/xtal_38.cif,71.39233,-46.46339
xtal_39.cif,./Al13Sc3N16/__initial__/99/xtal_39.cif,92.23405,45.532444
xtal_4.cif,./Al13Sc3N16/99/xtal_4.cif,81.77492,-0.85324186
xtal_40.cif,./Al13Sc3N16/__initial__/99/xtal_40.cif,-86.720215,31.18219
xtal_41.cif,./Al13Sc3N16/99/xtal_41.cif,36.60713,-36.942444
xtal_42.cif,./Al13Sc3N16/99/xtal_42.cif,93.93375,-36.853912
xtal_43.cif,./Al13Sc3N16/__initial__/99/xtal_43.cif,74.6434,-14.492348
xtal_44.cif,./Al13Sc3N16/__initial__/99/xtal_44.cif,80.47454,-29.32222
xtal_45.cif,./Al13Sc3N16/99/xtal_45.cif,64.645134,-23.48178
xtal_46.cif,./Al13Sc3N16/__initial__/99/xtal_46.cif,75.37777,-32.74897
xtal_47.cif,./Al13Sc3N16/__initial__/99/xtal_47.cif,34.562798,-49.46396
xtal_48.cif,./Al13Sc3N16/__initial__/99/xtal_48.cif,21.454418,67.761154
xtal_49.cif,./Al13Sc3N16/99/xtal_49.cif,-56.853172,75.33476
xtal_5.cif,./Al13Sc3N16/99/xtal_5.cif,40.125145,-94.52652
xtal_50.cif,./Al13Sc3N16/__initial__/99/xtal_50.cif,80.48474,-45.55658
xtal_51.cif,./Al13Sc3N16/__initial__/99/xtal_51.cif,-92.095055,30.525848
xtal_52.cif,./Al13Sc3N16/__initial__/99/xtal_52.cif,41.252964,-55.920357
xtal_53.cif,./Al13Sc3N16/__initial__/99/xtal_53.cif,93.718864,-36.7989
xtal_54.cif,./Al13Sc3N16/__initial__/99/xtal_54.cif,-74.87383,-7.45849
xtal_55.cif,./Al13Sc3N16/__initial__/99/xtal_55.cif,58.852585,-12.335032
xtal_56.cif,./Al13Sc3N16/__initial__/99/xtal_56.cif,25.501722,37.895824
xtal_57.cif,./Al13Sc3N16/99/xtal_57.cif,-6.933521,14.619878
xtal_58.cif,./Al13Sc3N16/99/xtal_58.cif,-39.194794,77.49242
xtal_59.cif,./Al13Sc3N16/99/xtal_59.cif,29.583649,-9.021673
xtal_6.cif,./Al13Sc3N16/__initial__/99/xtal_6.cif,90.47455,-15.111782
xtal_60.cif,./Al13Sc3N16/__initial__/99/xtal_60.cif,-36.339134,-36.84388
xtal_61.cif,./Al13Sc3N16/99/xtal_61.cif,-41.065266,0.7884334
xtal_62.cif,./Al13Sc3N16/__initial__/99/xtal_62.cif,76.80212,-74.76362
xtal_63.cif,./Al13Sc3N16/99/xtal_63.cif,75.452644,-74.62406
xtal_64.cif,./Al13Sc3N16/99/xtal_64.cif,-30.592043,-17.781952
xtal_65.cif,./Al13Sc3N16/99/xtal_65.cif,-69.589325,-60.067165
xtal_66.cif,./Al13Sc3N16/__initial__/99/xtal_66.cif,92.99067,-37.57044
xtal_67.cif,./Al13Sc3N16/99/xtal_67.cif,-58.804043,54.315014
xtal_68.cif,./Al13Sc3N16/99/xtal_68.cif,29.205591,77.85251
xtal_69.cif,./Al13Sc3N16/99/xtal_69.cif,32.232544,-49.665287
xtal_7.cif,./Al13Sc3N16/99/xtal_7.cif,-95.46688,-29.402029
xtal_70.cif,./Al13Sc3N16/99/xtal_70.cif,-84.21745,13.503361
xtal_71.cif,./Al13Sc3N16/__initial__/99/xtal_71.cif,27.364277,-70.405
xtal_72.cif,./Al13Sc3N16/99/xtal_72.cif,91.22214,-50.218548
xtal_73.cif,./Al13Sc3N16/__initial__/99/xtal_73.cif,76.53659,-40.22591
xtal_74.cif,./Al13Sc3N16/99/xtal_74.cif,79.549034,-42.59724
xtal_75.cif,./Al13Sc3N16/99/xtal_75.cif,69.9129,-48.61787
xtal_76.cif,./Al13Sc3N16/99/xtal_76.cif,34.200058,-35.94552
xtal_77.cif,./Al13Sc3N16/__initial__/99/xtal_77.cif,-51.159992,78.59942
xtal_78.cif,./Al13Sc3N16/__initial__/99/xtal_78.cif,12.32722,46.408848
xtal_79.cif,./Al13Sc3N16/99/xtal_79.cif,85.20362,-58.86776
xtal_8.cif,./Al13Sc3N16/99/xtal_8.cif,95.71865,-47.17677
xtal_80.cif,./Al13Sc3N16/99/xtal_80.cif,-62.901154,49.746506
xtal_81.cif,./Al13Sc3N16/99/xtal_81.cif,81.80651,-49.216217
xtal_82.cif,./Al13Sc3N16/__initial__/99/xtal_82.cif,62.86063,-92.70166
xtal_83.cif,./Al13Sc3N16/__initial__/99/xtal_83.cif,84.335365,-50.603813
xtal_84.cif,./Al13Sc3N16/__initial__/99/xtal_84.cif,72.83524,-34.60852
xtal_85.cif,./Al13Sc3N16/99/xtal_85.cif,27.056234,-55.692352
xtal_86.cif,./Al13Sc3N16/99/xtal_86.cif,27.897675,70.225204
xtal_87.cif,./Al13Sc3N16/99/xtal_87.cif,99.807556,-36.583447
xtal_88.cif,./Al13Sc3N16/99/xtal_88.cif,38.539925,-95.598076
xtal_89.cif,./Al13Sc3N16/99/xtal_89.cif,11.480373,-89.19104
xtal_9.cif,./Al13Sc3N16/__initial__/99/xtal_9.cif,84.22153,-52.541645
xtal_90.cif,./Al13Sc3N16/99/xtal_90.cif,84.07448,-10.330668
xtal_91.cif,./Al13Sc3N16/__initial__/99/xtal_91.cif,-77.23885,67.81144
xtal_92.cif,./Al13Sc3N16/99/xtal_92.cif,57.993633,-2.102242
xtal_93.cif,./Al13Sc3N16/99/xtal_93.cif,-44.40214,72.18534
xtal_94.cif,./Al13Sc3N16/__initial__/99/xtal_94.cif,76.74589,-2.949837
xtal_95.cif,./Al13Sc3N16/__initial__/99/xtal_95.cif,-108.306725,-7.1739335
xtal_96.cif,./Al13Sc3N16/__initial__/99/xtal_96.cif,102.91492,1.4160725
xtal_97.cif,./Al13Sc3N16/__initial__/99/xtal_97.cif,89.03538,-6.362899
xtal_98.cif,./Al13Sc3N16/99/xtal_98.cif,45.095627,-5.983569
xtal_99.cif,./Al13Sc3N16/__initial__/99/xtal_99.cif,81.78214,50.62153
xtal_1.cif,./Al13Sc3N16/100/xtal_1.cif,-46.15692,-49.488552
xtal_10.cif,./Al13Sc3N16/__initial__/100/xtal_10.cif,40.941025,-40.72713
xtal_100.cif,./Al13Sc3N16/__initial__/100/xtal_100.cif,42.05811,-86.93535
xtal_11.cif,./Al13Sc3N16/100/xtal_11.cif,-23.878967,-51.862698
xtal_12.cif,./Al13Sc3N16/__initial__/100/xtal_12.cif,-37.09007,-18.64526
xtal_13.cif,./Al13Sc3N16/100/xtal_13.cif,-65.433235,-68.216835
xtal_14.cif,./Al13Sc3N16/100/xtal_14.cif,-56.013874,-11.836979
xtal_15.cif,./Al13Sc3N16/100/xtal_15.cif,72.34907,-86.66373
xtal_16.cif,./Al13Sc3N16/100/xtal_16.cif,83.98503,-56.749126
xtal_17.cif,./Al13Sc3N16/100/xtal_17.cif,94.70421,-40.04814
xtal_18.cif,./Al13Sc3N16/100/xtal_18.cif,87.47687,-36.336887
xtal_19.cif,./Al13Sc3N16/100/xtal_19.cif,74.83297,18.943218
xtal_2.cif,./Al13Sc3N16/100/xtal_2.cif,100.20654,1.2784426
xtal_20.cif,./Al13Sc3N16/100/xtal_20.cif,-47.38678,47.109306
xtal_21.cif,./Al13Sc3N16/100/xtal_21.cif,54.134785,-88.453354
xtal_22.cif,./Al13Sc3N16/100/xtal_22.cif,70.21615,-89.27018
xtal_23.cif,./Al13Sc3N16/100/xtal_23.cif,77.24329,-56.295547
xtal_24.cif,./Al13Sc3N16/__initial__/100/xtal_24.cif,87.172264,-36.395916
xtal_25.cif,./Al13Sc3N16/100/xtal_25.cif,86.15341,-41.13328
xtal_26.cif,./Al13Sc3N16/100/xtal_26.cif,88.80525,-41.618332
xtal_27.cif,./Al13Sc3N16/100/xtal_27.cif,75.147865,-58.849823
xtal_28.cif,./Al13Sc3N16/100/xtal_28.cif,91.460144,-53.1646
xtal_29.cif,./Al13Sc3N16/__initial__/100/xtal_29.cif,-52.895103,72.20033
xtal_3.cif,./Al13Sc3N16/__initial__/100/xtal_3.cif,92.55988,-49.40934
xtal_30.cif,./Al13Sc3N16/100/xtal_30.cif,-66.1458,-67.805695
xtal_31.cif,./Al13Sc3N16/__initial__/100/xtal_31.cif,-76.34223,-17.074682
xtal_32.cif,./Al13Sc3N16/100/xtal_32.cif,-92.05483,-51.97344
xtal_33.cif,./Al13Sc3N16/__initial__/100/xtal_33.cif,-22.559298,84.60694
xtal_34.cif,./Al13Sc3N16/100/xtal_34.cif,21.12275,60.65001
xtal_35.cif,./Al13Sc3N16/100/xtal_35.cif,37.960915,-91.58258
xtal_36.cif,./Al13Sc3N16/__initial__/100/xtal_36.cif,45.43463,-50.03631
xtal_37.cif,./Al13Sc3N16/__initial__/100/xtal_37.cif,28.598,-52.324165
xtal_38.cif,./Al13Sc3N16/__initial__/100/xtal_38.cif,3.3671308,-78.63806
xtal_39.cif,./Al13Sc3N16/__initial__/100/xtal_39.cif,96.16379,-37.51628
xtal_4.cif,./Al13Sc3N16/__initial__/100/xtal_4.cif,79.65138,56.307533
xtal_40.cif,./Al13Sc3N16/100/xtal_40.cif,94.23028,-35.055576
xtal_41.cif,./Al13Sc3N16/100/xtal_41.cif,-16.633348,-12.025507
xtal_42.cif,./Al13Sc3N16/__initial__/100/xtal_42.cif,76.12182,-30.352036
xtal_43.cif,./Al13Sc3N16/__initial__/100/xtal_43.cif,80.68539,-21.58149
xtal_44.cif,./Al13Sc3N16/__initial__/100/xtal_44.cif,35.8385,30.64027
xtal_45.cif,./Al13Sc3N16/100/xtal_45.cif,87.90048,-42.87548
xtal_46.cif,./Al13Sc3N16/100/xtal_46.cif,-65.80418,-50.717552
xtal_47.cif,./Al13Sc3N16/__initial__/100/xtal_47.cif,70.11856,26.262108
xtal_48.cif,./Al13Sc3N16/100/xtal_48.cif,4.73925,44.690365
xtal_49.cif,./Al13Sc3N16/100/xtal_49.cif,65.863525,-43.982754
xtal_5.cif,./Al13Sc3N16/__initial__/100/xtal_5.cif,71.84915,-70.95359
xtal_50.cif,./Al13Sc3N16/__initial__/100/xtal_50.cif,87.400764,-52.13894
xtal_51.cif,./Al13Sc3N16/100/xtal_51.cif,78.84505,-61.522305
xtal_52.cif,./Al13Sc3N16/__initial__/100/xtal_52.cif,77.37173,-57.801815
xtal_53.cif,./Al13Sc3N16/__initial__/100/xtal_53.cif,-11.533787,-38.049374
xtal_54.cif,./Al13Sc3N16/100/xtal_54.cif,71.2951,-78.56496
xtal_55.cif,./Al13Sc3N16/__initial__/100/xtal_55.cif,-39.15212,-45.07702
xtal_56.cif,./Al13Sc3N16/__initial__/100/xtal_56.cif,84.86511,-55.059444
xtal_57.cif,./Al13Sc3N16/__initial__/100/xtal_57.cif,26.292166,60.662743
xtal_58.cif,./Al13Sc3N16/__initial__/100/xtal_58.cif,-26.323875,5.9251394
xtal_59.cif,./Al13Sc3N16/100/xtal_59.cif,-71.89783,-34.55875
xtal_6.cif,./Al13Sc3N16/__initial__/100/xtal_6.cif,79.038216,-16.538395
xtal_60.cif,./Al13Sc3N16/100/xtal_60.cif,-28.136585,52.883347
xtal_61.cif,./Al13Sc3N16/__initial__/100/xtal_61.cif,-15.22134,66.95606
xtal_62.cif,./Al13Sc3N16/100/xtal_62.cif,26.891026,20.0542
xtal_63.cif,./Al13Sc3N16/__initial__/100/xtal_63.cif,37.49919,-76.32915
xtal_64.cif,./Al13Sc3N16/__initial__/100/xtal_64.cif,87.34675,-59.639576
xtal_65.cif,./Al13Sc3N16/100/xtal_65.cif,69.84395,14.748829
xtal_66.cif,./Al13Sc3N16/__initial__/100/xtal_66.cif,55.67741,-87.3869
xtal_67.cif,./Al13Sc3N16/100/xtal_67.cif,23.307375,-19.80107
xtal_68.cif,./Al13Sc3N16/__initial__/100/xtal_68.cif,78.55727,58.076027
xtal_69.cif,./Al13Sc3N16/100/xtal_69.cif,-77.71433,-33.271698
xtal_7.cif,./Al13Sc3N16/100/xtal_7.cif,-0.95932823,-37.519794
xtal_70.cif,./Al13Sc3N16/100/xtal_70.cif,22.246336,55.12405
xtal_71.cif,./Al13Sc3N16/__initial__/100/xtal_71.cif,-0.6785493,-83.09766
xtal_72.cif,./Al13Sc3N16/__initial__/100/xtal_72.cif,-98.668365,-23.074741
xtal_73.cif,./Al13Sc3N16/100/xtal_73.cif,83.77039,-19.73318
xtal_74.cif,./Al13Sc3N16/100/xtal_74.cif,44.1114,61.009705
xtal_75.cif,./Al13Sc3N16/100/xtal_75.cif,83.31251,50.62715
xtal_76.cif,./Al13Sc3N16/100/xtal_76.cif,71.5304,-19.61981
xtal_77.cif,./Al13Sc3N16/__initial__/100/xtal_77.cif,69.91697,-67.74694
xtal_78.cif,./Al13Sc3N16/100/xtal_78.cif,71.484,-46.41498
xtal_79.cif,./Al13Sc3N16/__initial__/100/xtal_79.cif,36.46635,-52.371292
xtal_8.cif,./Al13Sc3N16/100/xtal_8.cif,96.492874,-34.63052
xtal_80.cif,./Al13Sc3N16/100/xtal_80.cif,94.026695,-38.8126
xtal_81.cif,./Al13Sc3N16/__initial__/100/xtal_81.cif,92.410904,-41.541485
xtal_82.cif,./Al13Sc3N16/100/xtal_82.cif,-0.18885049,-16.485466
xtal_83.cif,./Al13Sc3N16/100/xtal_83.cif,7.6082983,-83.162994
xtal_84.cif,./Al13Sc3N16/100/xtal_84.cif,82.346886,-31.025229
xtal_85.cif,./Al13Sc3N16/100/xtal_85.cif,85.50828,-40.646904
xtal_86.cif,./Al13Sc3N16/__initial__/100/xtal_86.cif,71.455345,-16.580912
xtal_87.cif,./Al13Sc3N16/__initial__/100/xtal_87.cif,72.89978,-83.1602
xtal_88.cif,./Al13Sc3N16/__initial__/100/xtal_88.cif,-70.808655,-50.246227
xtal_89.cif,./Al13Sc3N16/100/xtal_89.cif,93.83441,-49.175964
xtal_9.cif,./Al13Sc3N16/__initial__/100/xtal_9.cif,87.04828,-43.889782
xtal_90.cif,./Al13Sc3N16/100/xtal_90.cif,58.90125,-86.99806
xtal_91.cif,./Al13Sc3N16/__initial__/100/xtal_91.cif,-7.2913175,82.54566
xtal_92.cif,./Al13Sc3N16/__initial__/100/xtal_92.cif,101.82293,-6.2602367
xtal_93.cif,./Al13Sc3N16/100/xtal_93.cif,79.34947,-57.218533
xtal_94.cif,./Al13Sc3N16/100/xtal_94.cif,51.061047,-43.914005
xtal_95.cif,./Al13Sc3N16/__initial__/100/xtal_95.cif,81.99379,-38.610832
xtal_96.cif,./Al13Sc3N16/__initial__/100/xtal_96.cif,83.34044,-36.191055
xtal_97.cif,./Al13Sc3N16/__initial__/100/xtal_97.cif,91.258644,-50.17963
xtal_98.cif,./Al13Sc3N16/100/xtal_98.cif,69.718956,-30.310366
xtal_99.cif,./Al13Sc3N16/__initial__/100/xtal_99.cif,-41.1902,30.949226
xtal_1.cif,./Al13Sc3N16/__initial__/101/xtal_1.cif,70.52853,25.718567
xtal_10.cif,./Al13Sc3N16/__initial__/101/xtal_10.cif,-103.57445,-1.3043796
xtal_100.cif,./Al13Sc3N16/101/xtal_100.cif,-12.729916,13.019734
xtal_11.cif,./Al13Sc3N16/__initial__/101/xtal_11.cif,-59.51586,-27.317871
xtal_12.cif,./Al13Sc3N16/__initial__/101/xtal_12.cif,31.414232,-54.74774
xtal_13.cif,./Al13Sc3N16/101/xtal_13.cif,75.55619,-77.05603
xtal_14.cif,./Al13Sc3N16/__initial__/101/xtal_14.cif,-6.4050074,64.95029
xtal_15.cif,./Al13Sc3N16/101/xtal_15.cif,-65.60188,-51.031544
xtal_16.cif,./Al13Sc3N16/__initial__/101/xtal_16.cif,-1.7365848,49.57355
xtal_17.cif,./Al13Sc3N16/101/xtal_17.cif,39.452477,35.392315
xtal_18.cif,./Al13Sc3N16/101/xtal_18.cif,-0.5067648,51.125515
xtal_19.cif,./Al13Sc3N16/101/xtal_19.cif,-23.44479,-40.0854
xtal_2.cif,./Al13Sc3N16/101/xtal_2.cif,21.981136,-22.888369
xtal_20.cif,./Al13Sc3N16/101/xtal_20.cif,53.96884,-28.795761
xtal_21.cif,./Al13Sc3N16/101/xtal_21.cif,88.57275,-20.780123
xtal_22.cif,./Al13Sc3N16/__initial__/101/xtal_22.cif,-38.608807,-71.47153
xtal_23.cif,./Al13Sc3N16/__initial__/101/xtal_23.cif,-27.235378,91.581154
xtal_24.cif,./Al13Sc3N16/101/xtal_24.cif,89.235596,-54.860947
xtal_25.cif,./Al13Sc3N16/101/xtal_25.cif,45.89361,11.733343
xtal_26.cif,./Al13Sc3N16/__initial__/101/xtal_26.cif,-74.98624,-42.74197
xtal_27.cif,./Al13Sc3N16/101/xtal_27.cif,53.44555,27.621279
xtal_28.cif,./Al13Sc3N16/101/xtal_28.cif,63.450836,-46.465786
xtal_29.cif,./Al13Sc3N16/__initial__/101/xtal_29.cif,-0.18283018,-29.31013
xtal_3.cif,./Al13Sc3N16/101/xtal_3.cif,-24.193348,8.896697
xtal_30.cif,./Al13Sc3N16/__initial__/101/xtal_30.cif,13.284956,61.662895
xtal_31.cif,./Al13Sc3N16/__initial__/101/xtal_31.cif,30.795574,-57.80952
xtal_32.cif,./Al13Sc3N16/__initial__/101/xtal_32.cif,-79.39958,-0.9696191
xtal_33.cif,./Al13Sc3N16/__initial__/101/xtal_33.cif,-12.021451,-50.655724
xtal_34.cif,./Al13Sc3N16/__initial__/101/xtal_34.cif,72.14544,-9.553889
xtal_35.cif,./Al13Sc3N16/101/xtal_35.cif,4.448455,-51.115574
xtal_36.cif,./Al13Sc3N16/__initial__/101/xtal_36.cif,73.503624,-82.15224
xtal_37.cif,./Al13Sc3N16/__initial__/101/xtal_37.cif,38.766342,44.31688
xtal_38.cif,./Al13Sc3N16/__initial__/101/xtal_38.cif,69.92665,2.6440253
xtal_39.cif,./Al13Sc3N16/101/xtal_39.cif,6.3666153,-42.465137
xtal_4.cif,./Al13Sc3N16/__initial__/101/xtal_4.cif,18.42428,-63.74954
xtal_40.cif,./Al13Sc3N16/101/xtal_40.cif,-1.7579638,-50.664337
xtal_41.cif,./Al13Sc3N16/101/xtal_41.cif,29.589514,25.93617
xtal_42.cif,./Al13Sc3N16/__initial__/101/xtal_42.cif,31.128874,-45.957916
xtal_43.cif,./Al13Sc3N16/101/xtal_43.cif,54.305172,-22.32607
xtal_44.cif,./Al13Sc3N16/101/xtal_44.cif,37.63414,-90.133095
xtal_45.cif,./Al13Sc3N16/101/xtal_45.cif,10.344368,-58.375156
xtal_46.cif,./Al13Sc3N16/101/xtal_46.cif,19.326284,72.418045
xtal_47.cif,./Al13Sc3N16/__initial__/101/xtal_47.cif,56.163666,43.692314
xtal_48.cif,./Al13Sc3N16/101/xtal_48.cif,44.620384,-51.9745
xtal_49.cif,./Al13Sc3N16/101/xtal_49.cif,54.059284,-75.88041
xtal_5.cif,./Al13Sc3N16/__initial__/101/xtal_5.cif,38.614285,41.437714
xtal_50.cif,./Al13Sc3N16/__initial__/101/xtal_50.cif,59.80892,-89.65986
xtal_51.cif,./Al13Sc3N16/__initial__/101/xtal_51.cif,55.722637,-86.016495
xtal_52.cif,./Al13Sc3N16/__initial__/101/xtal_52.cif,62.98718,39.41426
xtal_53.cif,./Al13Sc3N16/__initial__/101/xtal_53.cif,-17.382765,-44.143265
xtal_54.cif,./Al13Sc3N16/101/xtal_54.cif,57.53571,-11.784869
xtal_55.cif,./Al13Sc3N16/101/xtal_55.cif,-17.06992,-20.300007
xtal_56.cif,./Al13Sc3N16/__initial__/101/xtal_56.cif,34.266712,57.33719
xtal_57.cif,./Al13Sc3N16/__initial__/101/xtal_57.cif,63.53911,-75.083786
xtal_58.cif,./Al13Sc3N16/__initial__/101/xtal_58.cif,53.852825,-44.607063
xtal_59.cif,./Al13Sc3N16/101/xtal_59.cif,14.297098,69.99762
xtal_6.cif,./Al13Sc3N16/__initial__/101/xtal_6.cif,76.44206,33.863304
xtal_60.cif,./Al13Sc3N16/__initial__/101/xtal_60.cif,-51.034298,53.082752
xtal_61.cif,./Al13Sc3N16/__initial__/101/xtal_61.cif,68.60752,-80.18677
xtal_62.cif,./Al13Sc3N16/101/xtal_62.cif,60.132828,36.49381
xtal_63.cif,./Al13Sc3N16/__initial__/101/xtal_63.cif,-76.68865,-18.808315
xtal_64.cif,./Al13Sc3N16/101/xtal_64.cif,-30.748795,-10.8443575
xtal_65.cif,./Al13Sc3N16/__initial__/101/xtal_65.cif,89.89629,-46.90174
xtal_66.cif,./Al13Sc3N16/101/xtal_66.cif,-91.13765,-24.43077
xtal_67.cif,./Al13Sc3N16/101/xtal_67.cif,86.53149,17.013798
xtal_68.cif,./Al13Sc3N16/__initial__/101/xtal_68.cif,31.525772,71.78489
xtal_69.cif,./Al13Sc3N16/101/xtal_69.cif,22.722765,64.23892
xtal_7.cif,./Al13Sc3N16/101/xtal_7.cif,-7.5085554,13.408901
xtal_70.cif,./Al13Sc3N16/101/xtal_70.cif,0.41346452,-74.71942
xtal_71.cif,./Al13Sc3N16/101/xtal_71.cif,56.194878,5.085382
xtal_72.cif,./Al13Sc3N16/__initial__/101/xtal_72.cif,-32.863758,50.197872
xtal_73.cif,./Al13Sc3N16/101/xtal_73.cif,28.897566,-88.559235
xtal_74.cif,./Al13Sc3N16/__initial__/101/xtal_74.cif,75.61138,-7.049826
xtal_75.cif,./Al13Sc3N16/__initial__/101/xtal_75.cif,48.438305,-62.420868
xtal_76.cif,./Al13Sc3N16/101/xtal_76.cif,34.274155,89.30188
xtal_77.cif,./Al13Sc3N16/__initial__/101/xtal_77.cif,-7.3208985,58.223186
xtal_78.cif,./Al13Sc3N16/101/xtal_78.cif,77.77499,26.118387
xtal_79.cif,./Al13Sc3N16/101/xtal_79.cif,-71.022514,-25.721296
xtal_8.cif,./Al13Sc3N16/101/xtal_8.cif,-25.28229,-76.18079
xtal_80.cif,./Al13Sc3N16/__initial__/101/xtal_80.cif,-12.596739,12.953289
xtal_81.cif,./Al13Sc3N16/__initial__/101/xtal_81.cif,-69.41703,25.210102
xtal_82.cif,./Al13Sc3N16/101/xtal_82.cif,-36.03348,-37.572876
xtal_83.cif,./Al13Sc3N16/101/xtal_83.cif,92.2626,-49.57414
xtal_84.cif,./Al13Sc3N16/__initial__/101/xtal_84.cif,-3.4831219,-27.779974
xtal_85.cif,./Al13Sc3N16/101/xtal_85.cif,57.147785,-45.550575
xtal_86.cif,./Al13Sc3N16/__initial__/101/xtal_86.cif,-105.9042,1.5356251
xtal_87.cif,./Al13Sc3N16/101/xtal_87.cif,-25.633875,25.840391
xtal_88.cif,./Al13Sc3N16/101/xtal_88.cif,-42.562252,-50.405895
xtal_89.cif,./Al13Sc3N16/__initial__/101/xtal_89.cif,48.67558,-81.45736
xtal_9.cif,./Al13Sc3N16/101/xtal_9.cif,-37.50574,38.19386
xtal_90.cif,./Al13Sc3N16/101/xtal_90.cif,58.42347,64.27195
xtal_91.cif,./Al13Sc3N16/101/xtal_91.cif,79.90295,-51.883305
xtal_92.cif,./Al13Sc3N16/101/xtal_92.cif,-38.8481,-70.41987
xtal_93.cif,./Al13Sc3N16/101/xtal_93.cif,0.95399034,-68.5609
xtal_94.cif,./Al13Sc3N16/__initial__/101/xtal_94.cif,-33.9036,-60.550343
xtal_95.cif,./Al13Sc3N16/__initial__/101/xtal_95.cif,-68.099075,-10.917661
xtal_96.cif,./Al13Sc3N16/__initial__/101/xtal_96.cif,98.15974,-39.83421
xtal_97.cif,./Al13Sc3N16/101/xtal_97.cif,92.493195,-2.8613153
xtal_98.cif,./Al13Sc3N16/__initial__/101/xtal_98.cif,28.786991,-72.25516
xtal_99.cif,./Al13Sc3N16/__initial__/101/xtal_99.cif,38.226524,-53.79156
xtal_1.cif,./Al13Sc3N16/__initial__/102/xtal_1.cif,79.218605,6.602509
xtal_10.cif,./Al13Sc3N16/__initial__/102/xtal_10.cif,42.83804,-68.206406
xtal_100.cif,./Al13Sc3N16/102/xtal_100.cif,46.201458,-4.945735
xtal_11.cif,./Al13Sc3N16/__initial__/102/xtal_11.cif,69.36315,-26.503786
xtal_12.cif,./Al13Sc3N16/102/xtal_12.cif,69.756996,67.30795
xtal_13.cif,./Al13Sc3N16/102/xtal_13.cif,-26.238758,88.13467
xtal_14.cif,./Al13Sc3N16/__initial__/102/xtal_14.cif,61.28889,9.058842
xtal_15.cif,./Al13Sc3N16/102/xtal_15.cif,68.94796,17.419304
xtal_16.cif,./Al13Sc3N16/__initial__/102/xtal_16.cif,-42.71373,-65.05177
xtal_17.cif,./Al13Sc3N16/102/xtal_17.cif,-38.161804,-59.52929
xtal_18.cif,./Al13Sc3N16/102/xtal_18.cif,22.86458,-68.34653
xtal_19.cif,./Al13Sc3N16/102/xtal_19.cif,-62.53002,-21.008717
xtal_2.cif,./Al13Sc3N16/102/xtal_2.cif,71.25775,4.9629135
xtal_20.cif,./Al13Sc3N16/__initial__/102/xtal_20.cif,-38.43654,14.857149
xtal_21.cif,./Al13Sc3N16/102/xtal_21.cif,42.971478,-4.0741897
xtal_22.cif,./Al13Sc3N16/102/xtal_22.cif,28.741137,-44.13887
xtal_23.cif,./Al13Sc3N16/__initial__/102/xtal_23.cif,47.674023,-12.2680435
xtal_24.cif,./Al13Sc3N16/102/xtal_24.cif,65.72024,-12.809521
xtal_25.cif,./Al13Sc3N16/102/xtal_25.cif,13.168265,28.26144
xtal_26.cif,./Al13Sc3N16/__initial__/102/xtal_26.cif,36.396297,87.751114
xtal_27.cif,./Al13Sc3N16/__initial__/102/xtal_27.cif,-29.913984,22.19863
xtal_28.cif,./Al13Sc3N16/102/xtal_28.cif,-14.532977,-79.93662
xtal_29.cif,./Al13Sc3N16/__initial__/102/xtal_29.cif,86.01867,49.125107
xtal_3.cif,./Al13Sc3N16/__initial__/102/xtal_3.cif,-14.8024,54.617622
xtal_30.cif,./Al13Sc3N16/__initial__/102/xtal_30.cif,-38.230675,4.2159452
xtal_31.cif,./Al13Sc3N16/102/xtal_31.cif,8.035991,83.1867
xtal_32.cif,./Al13Sc3N16/102/xtal_32.cif,-41.695465,-53.352753
xtal_33.cif,./Al13Sc3N16/__initial__/102/xtal_33.cif,18.955763,76.7996
xtal_34.cif,./Al13Sc3N16/__initial__/102/xtal_34.cif,-57.488045,-21.531168
xtal_35.cif,./Al13Sc3N16/__initial__/102/xtal_35.cif,-28.096275,-17.717089
xtal_36.cif,./Al13Sc3N16/__initial__/102/xtal_36.cif,68.6045,-80.19133
xtal_37.cif,./Al13Sc3N16/__initial__/102/xtal_37.cif,-77.54672,-17.849592
xtal_38.cif,./Al13Sc3N16/102/xtal_38.cif,4.264276,15.814175
xtal_39.cif,./Al13Sc3N16/__initial__/102/xtal_39.cif,-60.772865,-6.966519
xtal_4.cif,./Al13Sc3N16/102/xtal_4.cif,-23.857576,11.238241
xtal_40.cif,./Al13Sc3N16/__initial__/102/xtal_40.cif,-40.897923,68.83664
xtal_41.cif,./Al13Sc3N16/__initial__/102/xtal_41.cif,-16.750969,-45.752075
xtal_42.cif,./Al13Sc3N16/__initial__/102/xtal_42.cif,67.02534,-42.026234
xtal_43.cif,./Al13Sc3N16/102/xtal_43.cif,51.83692,-33.917767
xtal_44.cif,./Al13Sc3N16/__initial__/102/xtal_44.cif,35.57117,-45.163452
xtal_45.cif,./Al13Sc3N16/__initial__/102/xtal_45.cif,-38.077477,-65.945724
xtal_46.cif,./Al13Sc3N16/__initial__/102/xtal_46.cif,-24.437578,-35.145638
xtal_47.cif,./Al13Sc3N16/102/xtal_47.cif,-19.272892,21.008055
xtal_48.cif,./Al13Sc3N16/__initial__/102/xtal_48.cif,18.6342,80.32331
xtal_49.cif,./Al13Sc3N16/__initial__/102/xtal_49.cif,14.615932,4.1870747
xtal_5.cif,./Al13Sc3N16/102/xtal_5.cif,58.988914,-83.33586
xtal_50.cif,./Al13Sc3N16/__initial__/102/xtal_50.cif,36.53017,92.57472
xtal_51.cif,./Al13Sc3N16/102/xtal_51.cif,57.853596,0.64867115
xtal_52.cif,./Al13Sc3N16/102/xtal_52.cif,-1.851659,68.86969
xtal_53.cif,./Al13Sc3N16/102/xtal_53.cif,-47.202595,-79.35595
xtal_54.cif,./Al13Sc3N16/102/xtal_54.cif,-95.876816,-22.379406
xtal_55.cif,./Al13Sc3N16/__initial__/102/xtal_55.cif,40.529514,-73.27842
xtal_56.cif,./Al13Sc3N16/102/xtal_56.cif,0.78372127,-25.295246
xtal_57.cif,./Al13Sc3N16/102/xtal_57.cif,39.432793,-82.70791
xtal_58.cif,./Al13Sc3N16/__initial__/102/xtal_58.cif,96.057205,-37.77419
xtal_59.cif,./Al13Sc3N16/102/xtal_59.cif,27.125578,-8.963318
xtal_6.cif,./Al13Sc3N16/102/xtal_6.cif,-14.895855,-79.81711
xtal_60.cif,./Al13Sc3N16/__initial__/102/xtal_60.cif,73.66409,15.329613
xtal_61.cif,./Al13Sc3N16/__initial__/102/xtal_61.cif,-49.915318,53.665703
xtal_62.cif,./Al13Sc3N16/__initial__/102/xtal_62.cif,-75.27174,-52.055912
xtal_63.cif,./Al13Sc3N16/__initial__/102/xtal_63.cif,91.76991,-18.265587
xtal_64.cif,./Al13Sc3N16/__initial__/102/xtal_64.cif,-28.021288,22.367327
xtal_65.cif,./Al13Sc3N16/102/xtal_65.cif,2.425921,16.942558
xtal_66.cif,./Al13Sc3N16/102/xtal_66.cif,-38.031227,-53.280415
xtal_67.cif,./Al13Sc3N16/102/xtal_67.cif,-31.832985,-53.20715
xtal_68.cif,./Al13Sc3N16/__initial__/102/xtal_68.cif,-99.75,-3.2337906
xtal_69.cif,./Al13Sc3N16/__initial__/102/xtal_69.cif,46.197304,-12.230859
xtal_7.cif,./Al13Sc3N16/102/xtal_7.cif,-3.0837784,-48.98701
xtal_70.cif,./Al13Sc3N16/__initial__/102/xtal_70.cif,56.531727,-85.06559
xtal_71.cif,./Al13Sc3N16/102/xtal_71.cif,64.92089,-71.16315
xtal_72.cif,./Al13Sc3N16/102/xtal_72.cif,-7.0033493,79.493935
xtal_73.cif,./Al13Sc3N16/102/xtal_73.cif,70.29212,-87.79919
xtal_74.cif,./Al13Sc3N16/102/xtal_74.cif,-16.276985,85.09815
xtal_75.cif,./Al13Sc3N16/102/xtal_75.cif,4.140072,4.543219
xtal_76.cif,./Al13Sc3N16/102/xtal_76.cif,-75.04703,-28.555344
xtal_77.cif,./Al13Sc3N16/102/xtal_77.cif,10.7489605,-73.282234
xtal_78.cif,./Al13Sc3N16/__initial__/102/xtal_78.cif,-27.877869,-9.791055
xtal_79.cif,./Al13Sc3N16/__initial__/102/xtal_79.cif,41.796333,68.48859
xtal_8.cif,./Al13Sc3N16/102/xtal_8.cif,-66.86603,-47.602535
xtal_80.cif,./Al13Sc3N16/__initial__/102/xtal_80.cif,-5.829482,-27.33571
xtal_81.cif,./Al13Sc3N16/102/xtal_81.cif,79.65965,-5.657774
xtal_82.cif,./Al13Sc3N16/102/xtal_82.cif,-21.477913,-14.07439
xtal_83.cif,./Al13Sc3N16/__initial__/102/xtal_83.cif,29.952066,-47.064785
xtal_84.cif,./Al13Sc3N16/102/xtal_84.cif,30.935383,-79.46218
xtal_85.cif,./Al13Sc3N16/102/xtal_85.cif,16.594835,-4.0665865
xtal_86.cif,./Al13Sc3N16/__initial__/102/xtal_86.cif,47.248226,-85.01608
xtal_87.cif,./Al13Sc3N16/102/xtal_87.cif,49.829185,17.04744
xtal_88.cif,./Al13Sc3N16/102/xtal_88.cif,-16.86131,-26.252037
xtal_89.cif,./Al13Sc3N16/102/xtal_89.cif,-3.885433,-10.994471
xtal_9.cif,./Al13Sc3N16/__initial__/102/xtal_9.cif,70.121346,-20.877388
xtal_90.cif,./Al13Sc3N16/102/xtal_90.cif,-53.481873,19.342636
xtal_91.cif,./Al13Sc3N16/__initial__/102/xtal_91.cif,61.843456,-24.687517
xtal_92.cif,./Al13Sc3N16/__initial__/102/xtal_92.cif,-8.918721,-38.88329
xtal_93.cif,./Al13Sc3N16/102/xtal_93.cif,76.73544,-4.2260184
xtal_94.cif,./Al13Sc3N16/__initial__/102/xtal_94.cif,-56.96967,-58.01497
xtal_95.cif,./Al13Sc3N16/__initial__/102/xtal_95.cif,74.29669,26.133923
xtal_96.cif,./Al13Sc3N16/__initial__/102/xtal_96.cif,28.732594,-21.372799
xtal_97.cif,./Al13Sc3N16/102/xtal_97.cif,-5.0130806,0.943309
xtal_98.cif,./Al13Sc3N16/__initial__/102/xtal_98.cif,29.62284,19.347908
xtal_99.cif,./Al13Sc3N16/102/xtal_99.cif,68.87436,-67.804535
xtal_1.cif,./Al13Sc3N16/103/xtal_1.cif,94.26761,-51.606487
xtal_10.cif,./Al13Sc3N16/__initial__/103/xtal_10.cif,-72.09103,0.83734304
xtal_100.cif,./Al13Sc3N16/103/xtal_100.cif,-69.38659,-46.247498
xtal_11.cif,./Al13Sc3N16/__initial__/103/xtal_11.cif,21.59661,23.101871
xtal_12.cif,./Al13Sc3N16/__initial__/103/xtal_12.cif,-76.640335,-8.527397
xtal_13.cif,./Al13Sc3N16/__initial__/103/xtal_13.cif,-39.75038,-62.823368
xtal_14.cif,./Al13Sc3N16/103/xtal_14.cif,-81.68293,4.219541
xtal_15.cif,./Al13Sc3N16/__initial__/103/xtal_15.cif,-53.675125,-11.730873
xtal_16.cif,./Al13Sc3N16/__initial__/103/xtal_16.cif,49.797184,-46.70255
xtal_17.cif,./Al13Sc3N16/__initial__/103/xtal_17.cif,82.77809,-52.282635
xtal_18.cif,./Al13Sc3N16/__initial__/103/xtal_18.cif,29.194849,-79.4771
xtal_19.cif,./Al13Sc3N16/__initial__/103/xtal_19.cif,-8.389773,94.04512
xtal_2.cif,./Al13Sc3N16/103/xtal_2.cif,4.64848,15.345308
xtal_20.cif,./Al13Sc3N16/103/xtal_20.cif,76.68138,-51.397247
xtal_21.cif,./Al13Sc3N16/__initial__/103/xtal_21.cif,47.249603,-86.28599
xtal_22.cif,./Al13Sc3N16/__initial__/103/xtal_22.cif,-40.57261,89.91599
xtal_23.cif,./Al13Sc3N16/103/xtal_23.cif,-7.112724,79.1777
xtal_24.cif,./Al13Sc3N16/103/xtal_24.cif,66.85437,-86.24104
xtal_25.cif,./Al13Sc3N16/__initial__/103/xtal_25.cif,15.293823,-1.1544697
xtal_26.cif,./Al13Sc3N16/103/xtal_26.cif,49.207394,-40.81986
xtal_27.cif,./Al13Sc3N16/103/xtal_27.cif,84.84795,-55.0441
xtal_28.cif,./Al13Sc3N16/103/xtal_28.cif,80.766945,47.05225
xtal_29.cif,./Al13Sc3N16/103/xtal_29.cif,-62.321163,-20.059393
xtal_3.cif,./Al13Sc3N16/103/xtal_3.cif,9.435805,93.363304
xtal_30.cif,./Al13Sc3N16/__initial__/103/xtal_30.cif,27.016747,73.22121
xtal_31.cif,./Al13Sc3N16/__initial__/103/xtal_31.cif,-14.42881,67.724594
xtal_32.cif,./Al13Sc3N16/103/xtal_32.cif,-94.12129,-11.668742
xtal_33.cif,./Al13Sc3N16/103/xtal_33.cif,64.54229,-84.442276
xtal_34.cif,./Al13Sc3N16/__initial__/103/xtal_34.cif,63.933388,-70.61207
xtal_35.cif,./Al13Sc3N16/103/xtal_35.cif,25.44514,-64.51701
xtal_36.cif,./Al13Sc3N16/103/xtal_36.cif,-17.468372,-42.65488
xtal_37.cif,./Al13Sc3N16/103/xtal_37.cif,4.185603,70.47414
xtal_38.cif,./Al13Sc3N16/103/xtal_38.cif,-37.533985,75.97693
xtal_39.cif,./Al13Sc3N16/103/xtal_39.cif,-99.18891,-5.318607
xtal_4.cif,./Al13Sc3N16/103/xtal_4.cif,57.675064,-77.20899
xtal_40.cif,./Al13Sc3N16/__initial__/103/xtal_40.cif,-93.286125,-2.0080488
xtal_41.cif,./Al13Sc3N16/103/xtal_41.cif,18.224308,63.8457
xtal_42.cif,./Al13Sc3N16/__initial__/103/xtal_42.cif,65.53107,-85.61959
xtal_43.cif,./Al13Sc3N16/103/xtal_43.cif,88.01166,27.603746
xtal_44.cif,./Al13Sc3N16/__initial__/103/xtal_44.cif,-86.004875,-17.511139
xtal_45.cif,./Al13Sc3N16/103/xtal_45.cif,-53.03422,-29.916098
xtal_46.cif,./Al13Sc3N16/__initial__/103/xtal_46.cif,74.678986,-74.6521
xtal_47.cif,./Al13Sc3N16/__initial__/103/xtal_47.cif,-83.81377,-30.371933
xtal_48.cif,./Al13Sc3N16/103/xtal_48.cif,7.057414,35.03883
xtal_49.cif,./Al13Sc3N16/103/xtal_49.cif,-86.00045,39.251644
xtal_5.cif,./Al13Sc3N16/103/xtal_5.cif,48.23466,-41.86575
xtal_50.cif,./Al13Sc3N16/__initial__/103/xtal_50.cif,19.209135,14.071746
xtal_51.cif,./Al13Sc3N16/__initial__/103/xtal_51.cif,-19.756548,-23.684286
xtal_52.cif,./Al13Sc3N16/103/xtal_52.cif,-47.868828,82.40158
xtal_53.cif,./Al13Sc3N16/103/xtal_53.cif,2.246891,56.299282
xtal_54.cif,./Al13Sc3N16/103/xtal_54.cif,24.402683,-77.0688
xtal_55.cif,./Al13Sc3N16/__initial__/103/xtal_55.cif,98.19111,-34.40488
xtal_56.cif,./Al13Sc3N16/__initial__/103/xtal_56.cif,43.233986,30.498857
xtal_57.cif,./Al13Sc3N16/__initial__/103/xtal_57.cif,-30.80094,-66.982635
xtal_58.cif,./Al13Sc3N16/103/xtal_58.cif,-75.854385,-49.961037
xtal_59.cif,./Al13Sc3N16/103/xtal_59.cif,27.143396,57.407463
xtal_6.cif,./Al13Sc3N16/103/xtal_6.cif,3.0385492,55.642128
xtal_60.cif,./Al13Sc3N16/103/xtal_60.cif,-33.881683,9.90658
xtal_61.cif,./Al13Sc3N16/__initial__/103/xtal_61.cif,-77.66662,-9.146641
xtal_62.cif,./Al13Sc3N16/__initial__/103/xtal_62.cif,-52.24116,75.29127
xtal_63.cif,./Al13Sc3N16/103/xtal_63.cif,5.1064787,32.69454
xtal_64.cif,./Al13Sc3N16/__initial__/103/xtal_64.cif,101.81711,-15.836975
xtal_65.cif,./Al13Sc3N16/__initial__/103/xtal_65.cif,-79.0296,-49.35995
xtal_66.cif,./Al13Sc3N16/__initial__/103/xtal_66.cif,-30.965567,-37.610893
xtal_67.cif,./Al13Sc3N16/__initial__/103/xtal_67.cif,-8.451474,62.759716
xtal_68.cif,./Al13Sc3N16/103/xtal_68.cif,64.05296,-87.35152
xtal_69.cif,./Al13Sc3N16/__initial__/103/xtal_69.cif,-39.745895,-61.99534
xtal_7.cif,./Al13Sc3N16/__initial__/103/xtal_7.cif,20.782066,27.802114
xtal_70.cif,./Al13Sc3N16/103/xtal_70.cif,61.639114,-51.264492
xtal_71.cif,./Al13Sc3N16/103/xtal_71.cif,-38.15001,-20.660799
xtal_72.cif,./Al13Sc3N16/103/xtal_72.cif,-60.101692,56.52653
xtal_73.cif,./Al13Sc3N16/__initial__/103/xtal_73.cif,80.91303,-4.9848003
xtal_74.cif,./Al13Sc3N16/103/xtal_74.cif,47.54807,-12.636492
xtal_75.cif,./Al13Sc3N16/__initial__/103/xtal_75.cif,-49.628033,-15.269974
xtal_76.cif,./Al13Sc3N16/103/xtal_76.cif,12.093553,9.080906
xtal_77.cif,./Al13Sc3N16/103/xtal_77.cif,-56.641808,24.249224
xtal_78.cif,./Al13Sc3N16/__initial__/103/xtal_78.cif,-17.289215,78.278595
xtal_79.cif,./Al13Sc3N16/103/xtal_79.cif,-6.523711,-24.034098
xtal_8.cif,./Al13Sc3N16/__initial__/103/xtal_8.cif,-33.627937,8.16667
xtal_80.cif,./Al13Sc3N16/103/xtal_80.cif,-12.391972,36.454803
xtal_81.cif,./Al13Sc3N16/__initial__/103/xtal_81.cif,34.13215,-48.20076
xtal_82.cif,./Al13Sc3N16/103/xtal_82.cif,93.091034,-24.219566
xtal_83.cif,./Al13Sc3N16/103/xtal_83.cif,89.30206,-27.188839
xtal_84.cif,./Al13Sc3N16/__initial__/103/xtal_84.cif,-35.281883,-62.486576
xtal_85.cif,./Al13Sc3N16/__initial__/103/xtal_85.cif,-38.95983,69.2193
xtal_86.cif,./Al13Sc3N16/__initial__/103/xtal_86.cif,67.82605,-73.538666
xtal_87.cif,./Al13Sc3N16/103/xtal_87.cif,70.725845,-46.296257
xtal_88.cif,./Al13Sc3N16/__initial__/103/xtal_88.cif,-67.09269,70.022705
xtal_89.cif,./Al13Sc3N16/103/xtal_89.cif,72.73972,-17.554153
xtal_9.cif,./Al13Sc3N16/103/xtal_9.cif,-76.34503,77.63096
xtal_90.cif,./Al13Sc3N16/__initial__/103/xtal_90.cif,61.375683,-64.88094
xtal_91.cif,./Al13Sc3N16/__initial__/103/xtal_91.cif,-44.273136,37.309483
xtal_92.cif,./Al13Sc3N16/__initial__/103/xtal_92.cif,92.73426,-39.186493
xtal_93.cif,./Al13Sc3N16/__initial__/103/xtal_93.cif,-49.066753,83.69491
xtal_94.cif,./Al13Sc3N16/__initial__/103/xtal_94.cif,-31.455559,33.095303
xtal_95.cif,./Al13Sc3N16/__initial__/103/xtal_95.cif,-16.353855,52.64454
xtal_96.cif,./Al13Sc3N16/__initial__/103/xtal_96.cif,-8.0682,-2.4924781
xtal_97.cif,./Al13Sc3N16/__initial__/103/xtal_97.cif,-30.409151,-31.321629
xtal_98.cif,./Al13Sc3N16/103/xtal_98.cif,71.13029,-49.64338
xtal_99.cif,./Al13Sc3N16/103/xtal_99.cif,-73.213806,-42.36221
xtal_1.cif,./Al13Sc3N16/__initial__/104/xtal_1.cif,-74.34513,-60.918545
xtal_10.cif,./Al13Sc3N16/__initial__/104/xtal_10.cif,-6.9041696,69.97628
xtal_100.cif,./Al13Sc3N16/104/xtal_100.cif,-62.144768,-62.25661
xtal_11.cif,./Al13Sc3N16/__initial__/104/xtal_11.cif,-52.183193,-73.71332
xtal_12.cif,./Al13Sc3N16/__initial__/104/xtal_12.cif,33.81723,-39.321033
xtal_13.cif,./Al13Sc3N16/104/xtal_13.cif,33.94228,-36.00156
xtal_14.cif,./Al13Sc3N16/__initial__/104/xtal_14.cif,16.342407,83.52474
xtal_15.cif,./Al13Sc3N16/104/xtal_15.cif,-21.921473,75.426865
xtal_16.cif,./Al13Sc3N16/__initial__/104/xtal_16.cif,-45.216656,-11.171541
xtal_17.cif,./Al13Sc3N16/__initial__/104/xtal_17.cif,34.130726,-71.16899
xtal_18.cif,./Al13Sc3N16/__initial__/104/xtal_18.cif,8.18773,-23.396524
xtal_19.cif,./Al13Sc3N16/104/xtal_19.cif,87.194725,-46.66457
xtal_2.cif,./Al13Sc3N16/104/xtal_2.cif,78.11428,-25.99982
xtal_20.cif,./Al13Sc3N16/__initial__/104/xtal_20.cif,54.072887,-93.787796
xtal_21.cif,./Al13Sc3N16/104/xtal_21.cif,-37.837677,68.87311
xtal_22.cif,./Al13Sc3N16/__initial__/104/xtal_22.cif,-20.030483,16.611776
xtal_23.cif,./Al13Sc3N16/__initial__/104/xtal_23.cif,80.67232,-18.335472
xtal_24.cif,./Al13Sc3N16/104/xtal_24.cif,-13.350345,-12.3695345
xtal_25.cif,./Al13Sc3N16/__initial__/104/xtal_25.cif,-29.168459,77.90632
xtal_26.cif,./Al13Sc3N16/__initial__/104/xtal_26.cif,24.667707,87.96897
xtal_27.cif,./Al13Sc3N16/104/xtal_27.cif,-65.08987,-34.59879
xtal_28.cif,./Al13Sc3N16/__initial__/104/xtal_28.cif,37.644585,-13.807207
xtal_29.cif,./Al13Sc3N16/104/xtal_29.cif,29.716316,-12.843073
xtal_3.cif,./Al13Sc3N16/104/xtal_3.cif,-25.714119,-51.49602
xtal_30.cif,./Al13Sc3N16/104/xtal_30.cif,-14.110755,65.44757
xtal_31.cif,./Al13Sc3N16/104/xtal_31.cif,8.738367,-57.928185
xtal_32.cif,./Al13Sc3N16/__initial__/104/xtal_32.cif,-42.041237,60.23756
xtal_33.cif,./Al13Sc3N16/__initial__/104/xtal_33.cif,-68.182915,83.007385
xtal_34.cif,./Al13Sc3N16/104/xtal_34.cif,17.228691,-2.8367057
xtal_35.cif,./Al13Sc3N16/104/xtal_35.cif,-41.55225,-45.714252
xtal_36.cif,./Al13Sc3N16/104/xtal_36.cif,-21.487337,46.60516
xtal_37.cif,./Al13Sc3N16/__initial__/104/xtal_37.cif,106.75615,-2.9506695
xtal_38.cif,./Al13Sc3N16/104/xtal_38.cif,-42.367687,93.47535
xtal_39.cif,./Al13Sc3N16/__initial__/104/xtal_39.cif,-60.353046,-64.4152
xtal_4.cif,./Al13Sc3N16/__initial__/104/xtal_4.cif,-36.07355,91.77352
xtal_40.cif,./Al13Sc3N16/104/xtal_40.cif,-16.511875,50.184647
xtal_41.cif,./Al13Sc3N16/__initial__/104/xtal_41.cif,63.416737,-87.74368
xtal_42.cif,./Al13Sc3N16/__initial__/104/xtal_42.cif,46.59276,-62.57275
xtal_43.cif,./Al13Sc3N16/__initial__/104/xtal_43.cif,40.96471,-27.237206
xtal_44.cif,./Al13Sc3N16/104/xtal_44.cif,-47.256107,-42.115486
xtal_45.cif,./Al13Sc3N16/104/xtal_45.cif,86.62455,-43.658497
xtal_46.cif,./Al13Sc3N16/104/xtal_46.cif,9.176716,-72.911255
xtal_47.cif,./Al13Sc3N16/__initial__/104/xtal_47.cif,-22.495888,70.44066
xtal_48.cif,./Al13Sc3N16/104/xtal_48.cif,49.662346,-51.556213
xtal_49.cif,./Al13Sc3N16/104/xtal_49.cif,-21.6607,74.12088
xtal_5.cif,./Al13Sc3N16/__initial__/104/xtal_5.cif,10.15158,-46.921783
xtal_50.cif,./Al13Sc3N16/104/xtal_50.cif,79.72398,34.863518
xtal_51.cif,./Al13Sc3N16/104/xtal_51.cif,-17.293446,13.7098255
xtal_52.cif,./Al13Sc3N16/__initial__/104/xtal_52.cif,-37.68317,-4.2814527
xtal_53.cif,./Al13Sc3N16/__initial__/104/xtal_53.cif,-20.316982,-59.730675
xtal_54.cif,./Al13Sc3N16/__initial__/104/xtal_54.cif,79.99265,-68.734436
xtal_55.cif,./Al13Sc3N16/104/xtal_55.cif,44.776882,-3.3537185
xtal_56.cif,./Al13Sc3N16/__initial__/104/xtal_56.cif,-66.25802,-62.637577
xtal_57.cif,./Al13Sc3N16/__initial__/104/xtal_57.cif,46.62153,31.560822
xtal_58.cif,./Al13Sc3N16/__initial__/104/xtal_58.cif,39.601254,-77.15877
xtal_59.cif,./Al13Sc3N16/104/xtal_59.cif,18.523447,-67.78568
xtal_6.cif,./Al13Sc3N16/__initial__/104/xtal_6.cif,7.115604,-82.995995
xtal_60.cif,./Al13Sc3N16/__initial__/104/xtal_60.cif,-58.173973,30.506498
xtal_61.cif,./Al13Sc3N16/__initial__/104/xtal_61.cif,72.48383,-86.80091
xtal_62.cif,./Al13Sc3N16/__initial__/104/xtal_62.cif,-91.713524,-7.12977
xtal_63.cif,./Al13Sc3N16/__initial__/104/xtal_63.cif,-46.006775,-44.395157
xtal_64.cif,./Al13Sc3N16/104/xtal_64.cif,37.683903,-87.51075
xtal_65.cif,./Al13Sc3N16/__initial__/104/xtal_65.cif,-63.215626,52.320206
xtal_66.cif,./Al13Sc3N16/__initial__/104/xtal_66.cif,68.266304,-85.911575
xtal_67.cif,./Al13Sc3N16/104/xtal_67.cif,-49.256466,78.230156
xtal_68.cif,./Al13Sc3N16/104/xtal_68.cif,38.636677,-93.05748
xtal_69.cif,./Al13Sc3N16/__initial__/104/xtal_69.cif,88.40884,-42.483196
xtal_7.cif,./Al13Sc3N16/104/xtal_7.cif,61.506832,9.326616
xtal_70.cif,./Al13Sc3N16/__initial__/104/xtal_70.cif,21.78001,-5.6330957
xtal_71.cif,./Al13Sc3N16/104/xtal_71.cif,56.94703,-92.05046
xtal_72.cif,./Al13Sc3N16/104/xtal_72.cif,72.9311,7.5784245
xtal_73.cif,./Al13Sc3N16/__initial__/104/xtal_73.cif,92.68825,-39.42
xtal_74.cif,./Al13Sc3N16/__initial__/104/xtal_74.cif,-67.93309,-1.5061222
xtal_75.cif,./Al13Sc3N16/104/xtal_75.cif,35.51622,-65.90655
xtal_76.cif,./Al13Sc3N16/104/xtal_76.cif,-18.832653,-21.674196
xtal_77.cif,./Al13Sc3N16/__initial__/104/xtal_77.cif,54.84335,-88.0194
xtal_78.cif,./Al13Sc3N16/104/xtal_78.cif,-18.036537,77.52504
xtal_79.cif,./Al13Sc3N16/__initial__/104/xtal_79.cif,74.17401,-6.60611
xtal_8.cif,./Al13Sc3N16/104/xtal_8.cif,22.462803,86.28097
xtal_80.cif,./Al13Sc3N16/104/xtal_80.cif,-90.03165,-40.787224
xtal_81.cif,./Al13Sc3N16/__initial__/104/xtal_81.cif,-10.225116,-17.313704
xtal_82.cif,./Al13Sc3N16/104/xtal_82.cif,28.088905,-64.24845
xtal_83.cif,./Al13Sc3N16/104/xtal_83.cif,-17.318012,66.42471
xtal_84.cif,./Al13Sc3N16/104/xtal_84.cif,20.85385,77.547134
xtal_85.cif,./Al13Sc3N16/__initial__/104/xtal_85.cif,19.32425,-93.81592
xtal_86.cif,./Al13Sc3N16/104/xtal_86.cif,3.723802,-71.601074
xtal_87.cif,./Al13Sc3N16/104/xtal_87.cif,-51.9214,79.005806
xtal_88.cif,./Al13Sc3N16/104/xtal_88.cif,-24.523123,-12.058556
xtal_89.cif,./Al13Sc3N16/104/xtal_89.cif,22.94316,24.693127
xtal_9.cif,./Al13Sc3N16/104/xtal_9.cif,95.90554,-39.442326
xtal_90.cif,./Al13Sc3N16/__initial__/104/xtal_90.cif,-37.48038,24.393473
xtal_91.cif,./Al13Sc3N16/__initial__/104/xtal_91.cif,33.85805,-26.246584
xtal_92.cif,./Al13Sc3N16/__initial__/104/xtal_92.cif,32.43337,-77.89693
xtal_93.cif,./Al13Sc3N16/104/xtal_93.cif,38.013355,-87.20267
xtal_94.cif,./Al13Sc3N16/104/xtal_94.cif,77.965965,17.202824
xtal_95.cif,./Al13Sc3N16/__initial__/104/xtal_95.cif,-73.4435,-32.51596
xtal_96.cif,./Al13Sc3N16/104/xtal_96.cif,79.68016,-22.392546
xtal_97.cif,./Al13Sc3N16/__initial__/104/xtal_97.cif,78.12595,-55.653923
xtal_98.cif,./Al13Sc3N16/104/xtal_98.cif,39.885777,-44.2574
xtal_99.cif,./Al13Sc3N16/104/xtal_99.cif,81.18371,-51.89698
xtal_1.cif,./Al13Sc3N16/__initial__/105/xtal_1.cif,0.13271798,30.847967
xtal_10.cif,./Al13Sc3N16/__initial__/105/xtal_10.cif,37.056545,-86.84713
xtal_100.cif,./Al13Sc3N16/__initial__/105/xtal_100.cif,-14.298222,56.269756
xtal_11.cif,./Al13Sc3N16/105/xtal_11.cif,68.265236,16.893337
xtal_12.cif,./Al13Sc3N16/__initial__/105/xtal_12.cif,65.451866,7.229513
xtal_13.cif,./Al13Sc3N16/105/xtal_13.cif,-23.926958,-51.79264
xtal_14.cif,./Al13Sc3N16/105/xtal_14.cif,98.08369,-10.740715
xtal_15.cif,./Al13Sc3N16/__initial__/105/xtal_15.cif,-64.89565,57.923077
xtal_16.cif,./Al13Sc3N16/__initial__/105/xtal_16.cif,-29.814371,-16.221336
xtal_17.cif,./Al13Sc3N16/105/xtal_17.cif,84.41865,-52.100845
xtal_18.cif,./Al13Sc3N16/105/xtal_18.cif,20.749247,78.80735
xtal_19.cif,./Al13Sc3N16/__initial__/105/xtal_19.cif,-88.26473,-44.2621
xtal_2.cif,./Al13Sc3N16/105/xtal_2.cif,-39.438114,-53.820797
xtal_20.cif,./Al13Sc3N16/__initial__/105/xtal_20.cif,28.42217,55.247543
xtal_21.cif,./Al13Sc3N16/__initial__/105/xtal_21.cif,40.51487,27.830463
xtal_22.cif,./Al13Sc3N16/__initial__/105/xtal_22.cif,-55.480648,-38.188248
xtal_23.cif,./Al13Sc3N16/105/xtal_23.cif,-1.7443243,-25.864964
xtal_24.cif,./Al13Sc3N16/105/xtal_24.cif,54.238064,-19.829666
xtal_25.cif,./Al13Sc3N16/105/xtal_25.cif,75.27756,-22.506517
xtal_26.cif,./Al13Sc3N16/__initial__/105/xtal_26.cif,12.5273695,-80.72431
xtal_27.cif,./Al13Sc3N16/__initial__/105/xtal_27.cif,-97.1539,-13.742403
xtal_28.cif,./Al13Sc3N16/__initial__/105/xtal_28.cif,-25.1772,-42.385757
xtal_29.cif,./Al13Sc3N16/__initial__/105/xtal_29.cif,69.95592,-76.74565
xtal_3.cif,./Al13Sc3N16/105/xtal_3.cif,80.147865,15.768243
xtal_30.cif,./Al13Sc3N16/105/xtal_30.cif,44.902443,-60.246223
xtal_31.cif,./Al13Sc3N16/__initial__/105/xtal_31.cif,93.67098,23.21243
xtal_32.cif,./Al13Sc3N16/__initial__/105/xtal_32.cif,55.508144,-14.142317
xtal_33.cif,./Al13Sc3N16/__initial__/105/xtal_33.cif,-12.750105,64.603004
xtal_34.cif,./Al13Sc3N16/__initial__/105/xtal_34.cif,66.86351,-0.008705219
xtal_35.cif,./Al13Sc3N16/__initial__/105/xtal_35.cif,37.572643,51.910465
xtal_36.cif,./Al13Sc3N16/__initial__/105/xtal_36.cif,32.3395,-8.322327
xtal_37.cif,./Al13Sc3N16/105/xtal_37.cif,10.523481,86.90784
xtal_38.cif,./Al13Sc3N16/105/xtal_38.cif,-20.737898,37.421722
xtal_39.cif,./Al13Sc3N16/105/xtal_39.cif,37.5375,13.264054
xtal_4.cif,./Al13Sc3N16/105/xtal_4.cif,-47.12231,-53.122578
xtal_40.cif,./Al13Sc3N16/105/xtal_40.cif,46.847347,-8.194329
xtal_41.cif,./Al13Sc3N16/__initial__/105/xtal_41.cif,53.239758,47.11118
xtal_42.cif,./Al13Sc3N16/__initial__/105/xtal_42.cif,-58.7365,-48.92583
xtal_43.cif,./Al13Sc3N16/__initial__/105/xtal_43.cif,-99.80011,-9.919057
xtal_44.cif,./Al13Sc3N16/105/xtal_44.cif,46.82667,-53.58027
xtal_45.cif,./Al13Sc3N16/105/xtal_45.cif,82.1553,63.00505
xtal_46.cif,./Al13Sc3N16/105/xtal_46.cif,12.759615,59.11902
xtal_47.cif,./Al13Sc3N16/105/xtal_47.cif,26.06951,15.888361
xtal_48.cif,./Al13Sc3N16/105/xtal_48.cif,-0.6849786,-32.726223
xtal_49.cif,./Al13Sc3N16/__initial__/105/xtal_49.cif,77.99886,-40.011513
xtal_5.cif,./Al13Sc3N16/__initial__/105/xtal_5.cif,91.60322,-41.632263
xtal_50.cif,./Al13Sc3N16/105/xtal_50.cif,3.0650225,-35.3515
xtal_51.cif,./Al13Sc3N16/105/xtal_51.cif,-84.53022,-33.16656
xtal_52.cif,./Al13Sc3N16/105/xtal_52.cif,18.402767,-92.049995
xtal_53.cif,./Al13Sc3N16/105/xtal_53.cif,24.49048,15.619369
xtal_54.cif,./Al13Sc3N16/__initial__/105/xtal_54.cif,73.322296,50.8294
xtal_55.cif,./Al13Sc3N16/105/xtal_55.cif,70.06908,-49.100883
xtal_56.cif,./Al13Sc3N16/__initial__/105/xtal_56.cif,79.73818,-48.396183
xtal_57.cif,./Al13Sc3N16/105/xtal_57.cif,83.595024,9.019895
xtal_58.cif,./Al13Sc3N16/__initial__/105/xtal_58.cif,-76.89992,-29.542126
xtal_59.cif,./Al13Sc3N16/105/xtal_59.cif,-50.454292,51.0084
xtal_6.cif,./Al13Sc3N16/105/xtal_6.cif,26.229773,-63.635235
xtal_60.cif,./Al13Sc3N16/__initial__/105/xtal_60.cif,37.056934,-27.248116
xtal_61.cif,./Al13Sc3N16/__initial__/105/xtal_61.cif,-18.311443,42.374634
xtal_62.cif,./Al13Sc3N16/105/xtal_62.cif,-56.819706,-64.86565
xtal_63.cif,./Al13Sc3N16/105/xtal_63.cif,-19.863844,29.340027
xtal_64.cif,./Al13Sc3N16/__initial__/105/xtal_64.cif,-27.652065,11.769284
xtal_65.cif,./Al13Sc3N16/__initial__/105/xtal_65.cif,77.07053,19.326063
xtal_66.cif,./Al13Sc3N16/__initial__/105/xtal_66.cif,93.50195,-43.70224
xtal_67.cif,./Al13Sc3N16/105/xtal_67.cif,-95.7427,-25.722855
xtal_68.cif,./Al13Sc3N16/105/xtal_68.cif,-36.810528,-11.870909
xtal_69.cif,./Al13Sc3N16/__initial__/105/xtal_69.cif,76.96185,15.682647
xtal_7.cif,./Al13Sc3N16/105/xtal_7.cif,-51.292786,-51.2853
xtal_70.cif,./Al13Sc3N16/105/xtal_70.cif,74.44297,62.34602
xtal_71.cif,./Al13Sc3N16/__initial__/105/xtal_71.cif,-71.128395,-60.96199
xtal_72.cif,./Al13Sc3N16/__initial__/105/xtal_72.cif,-0.6431874,-9.827419
xtal_73.cif,./Al13Sc3N16/105/xtal_73.cif,103.812935,13.131266
xtal_74.cif,./Al13Sc3N16/__initial__/105/xtal_74.cif,61.561016,55.37407
xtal_75.cif,./Al13Sc3N16/105/xtal_75.cif,35.272465,-34.934563
xtal_76.cif,./Al13Sc3N16/105/xtal_76.cif,82.013336,-57.86189
xtal_77.cif,./Al13Sc3N16/105/xtal_77.cif,19.57912,59.93224
xtal_78.cif,./Al13Sc3N16/105/xtal_78.cif,45.509422,-55.80565
xtal_79.cif,./Al13Sc3N16/105/xtal_79.cif,0.49806976,23.27953
xtal_8.cif,./Al13Sc3N16/105/xtal_8.cif,93.95099,-20.734201
xtal_80.cif,./Al13Sc3N16/__initial__/105/xtal_80.cif,-11.418038,65.97826
xtal_81.cif,./Al13Sc3N16/__initial__/105/xtal_81.cif,91.29963,-36.681324
xtal_82.cif,./Al13Sc3N16/__initial__/105/xtal_82.cif,84.55766,-25.270828
xtal_83.cif,./Al13Sc3N16/105/xtal_83.cif,24.459768,-21.099327
xtal_84.cif,./Al13Sc3N16/__initial__/105/xtal_84.cif,-22.094185,-55.076843
xtal_85.cif,./Al13Sc3N16/105/xtal_85.cif,0.11200543,79.816376
xtal_86.cif,./Al13Sc3N16/__initial__/105/xtal_86.cif,-30.726307,72.792725
xtal_87.cif,./Al13Sc3N16/__initial__/105/xtal_87.cif,-58.171143,-69.95379
xtal_88.cif,./Al13Sc3N16/105/xtal_88.cif,52.205566,-84.351875
xtal_89.cif,./Al13Sc3N16/105/xtal_89.cif,36.843185,-17.172527
xtal_9.cif,./Al13Sc3N16/__initial__/105/xtal_9.cif,-82.47766,-44.377445
xtal_90.cif,./Al13Sc3N16/105/xtal_90.cif,27.698166,-16.81839
xtal_91.cif,./Al13Sc3N16/105/xtal_91.cif,93.17019,-18.133894
xtal_92.cif,./Al13Sc3N16/__initial__/105/xtal_92.cif,27.869833,-73.2245
xtal_93.cif,./Al13Sc3N16/105/xtal_93.cif,3.4147522,-39.437164
xtal_94.cif,./Al13Sc3N16/__initial__/105/xtal_94.cif,95.28887,-41.04933
xtal_95.cif,./Al13Sc3N16/105/xtal_95.cif,-28.321898,-27.918667
xtal_96.cif,./Al13Sc3N16/__initial__/105/xtal_96.cif,87.70165,-40.172756
xtal_97.cif,./Al13Sc3N16/__initial__/105/xtal_97.cif,58.57196,-91.93931
xtal_98.cif,./Al13Sc3N16/105/xtal_98.cif,81.7605,15.237054
xtal_99.cif,./Al13Sc3N16/105/xtal_99.cif,34.57468,70.06084
xtal_1.cif,./Al13Sc3N16/107/xtal_1.cif,41.196568,-94.08725
xtal_10.cif,./Al13Sc3N16/__initial__/107/xtal_10.cif,-43.313805,-6.6506653
xtal_100.cif,./Al13Sc3N16/__initial__/107/xtal_100.cif,-26.451324,55.229565
xtal_11.cif,./Al13Sc3N16/107/xtal_11.cif,92.60239,-53.042957
xtal_12.cif,./Al13Sc3N16/__initial__/107/xtal_12.cif,-91.500946,-17.259396
xtal_13.cif,./Al13Sc3N16/__initial__/107/xtal_13.cif,91.01703,-54.27585
xtal_14.cif,./Al13Sc3N16/__initial__/107/xtal_14.cif,69.588,-87.698265
xtal_15.cif,./Al13Sc3N16/107/xtal_15.cif,-49.413322,-49.18809
xtal_16.cif,./Al13Sc3N16/__initial__/107/xtal_16.cif,16.16998,81.38043
xtal_17.cif,./Al13Sc3N16/107/xtal_17.cif,69.53677,-81.68918
xtal_18.cif,./Al13Sc3N16/107/xtal_18.cif,-9.671892,-34.204777
xtal_19.cif,./Al13Sc3N16/__initial__/107/xtal_19.cif,48.840244,-85.57647
xtal_2.cif,./Al13Sc3N16/107/xtal_2.cif,49.429684,-41.08876
xtal_20.cif,./Al13Sc3N16/__initial__/107/xtal_20.cif,78.6959,-19.462496
xtal_21.cif,./Al13Sc3N16/__initial__/107/xtal_21.cif,92.36976,-39.419262
xtal_22.cif,./Al13Sc3N16/__initial__/107/xtal_22.cif,33.248253,-22.27754
xtal_23.cif,./Al13Sc3N16/__initial__/107/xtal_23.cif,50.804832,-60.047165
xtal_24.cif,./Al13Sc3N16/107/xtal_24.cif,41.16319,-34.407177
xtal_25.cif,./Al13Sc3N16/__initial__/107/xtal_25.cif,74.8223,-52.91616
xtal_26.cif,./Al13Sc3N16/__initial__/107/xtal_26.cif,-19.674387,70.782005
xtal_27.cif,./Al13Sc3N16/__initial__/107/xtal_27.cif,34.81505,-67.538
xtal_28.cif,./Al13Sc3N16/107/xtal_28.cif,59.25753,7.947404
xtal_29.cif,./Al13Sc3N16/__initial__/107/xtal_29.cif,56.76427,-90.92813
xtal_3.cif,./Al13Sc3N16/107/xtal_3.cif,-14.192766,5.421243
xtal_30.cif,./Al13Sc3N16/107/xtal_30.cif,34.328293,-77.6603
xtal_31.cif,./Al13Sc3N16/__initial__/107/xtal_31.cif,-36.51815,-1.9460826
xtal_32.cif,./Al13Sc3N16/__initial__/107/xtal_32.cif,-94.88288,-28.585716
xtal_33.cif,./Al13Sc3N16/__initial__/107/xtal_33.cif,36.19433,34.52424
xtal_34.cif,./Al13Sc3N16/__initial__/107/xtal_34.cif,-72.58189,-60.824318
xtal_35.cif,./Al13Sc3N16/__initial__/107/xtal_35.cif,11.488669,-48.026352
xtal_36.cif,./Al13Sc3N16/107/xtal_36.cif,-47.443714,-9.785835
xtal_37.cif,./Al13Sc3N16/__initial__/107/xtal_37.cif,83.94115,18.539795
xtal_38.cif,./Al13Sc3N16/107/xtal_38.cif,79.19724,18.167381
xtal_39.cif,./Al13Sc3N16/107/xtal_39.cif,-64.570946,-10.49128
xtal_4.cif,./Al13Sc3N16/107/xtal_4.cif,-97.119865,-9.815906
xtal_40.cif,./Al13Sc3N16/107/xtal_40.cif,-19.608074,-32.81494
xtal_41.cif,./Al13Sc3N16/__initial__/107/xtal_41.cif,53.951992,-89.80612
xtal_42.cif,./Al13Sc3N16/107/xtal_42.cif,76.3698,-38.445217
xtal_43.cif,./Al13Sc3N16/107/xtal_43.cif,-63.578644,-32.54845
xtal_44.cif,./Al13Sc3N16/107/xtal_44.cif,85.27418,-41.141987
xtal_45.cif,./Al13Sc3N16/__initial__/107/xtal_45.cif,89.36492,-55.0286
xtal_46.cif,./Al13Sc3N16/107/xtal_46.cif,63.34569,7.515393
xtal_47.cif,./Al13Sc3N16/__initial__/107/xtal_47.cif,-3.492955,-70.38165
xtal_48.cif,./Al13Sc3N16/__initial__/107/xtal_48.cif,-80.211945,-35.476673
xtal_49.cif,./Al13Sc3N16/__initial__/107/xtal_49.cif,-32.788986,34.869392
xtal_5.cif,./Al13Sc3N16/107/xtal_5.cif,93.143074,-42.918217
xtal_50.cif,./Al13Sc3N16/107/xtal_50.cif,24.219711,74.87453
xtal_51.cif,./Al13Sc3N16/__initial__/107/xtal_51.cif,29.525698,57.006237
xtal_52.cif,./Al13Sc3N16/107/xtal_52.cif,61.29988,-85.93398
xtal_53.cif,./Al13Sc3N16/__initial__/107/xtal_53.cif,62.670307,-67.54465
xtal_54.cif,./Al13Sc3N16/__initial__/107/xtal_54.cif,90.823006,-47.935104
xtal_55.cif,./Al13Sc3N16/107/xtal_55.cif,25.348263,82.27021
xtal_56.cif,./Al13Sc3N16/__initial__/107/xtal_56.cif,89.82126,-50.92991
xtal_57.cif,./Al13Sc3N16/__initial__/107/xtal_57.cif,-81.9558,35.14139
xtal_58.cif,./Al13Sc3N16/107/xtal_58.cif,73.01214,-39.13193
xtal_59.cif,./Al13Sc3N16/107/xtal_59.cif,45.86721,-38.222813
xtal_6.cif,./Al13Sc3N16/107/xtal_6.cif,-51.24243,-43.237534
xtal_60.cif,./Al13Sc3N16/__initial__/107/xtal_60.cif,28.264406,-87.19217
xtal_61.cif,./Al13Sc3N16/__initial__/107/xtal_61.cif,-3.5480006,1.4130855
xtal_62.cif,./Al13Sc3N16/__initial__/107/xtal_62.cif,-55.60504,54.21985
xtal_63.cif,./Al13Sc3N16/__initial__/107/xtal_63.cif,85.280334,-42.773033
xtal_64.cif,./Al13Sc3N16/107/xtal_64.cif,-38.26298,-6.986059
xtal_65.cif,./Al13Sc3N16/__initial__/107/xtal_65.cif,-85.73594,-43.230846
xtal_66.cif,./Al13Sc3N16/__initial__/107/xtal_66.cif,-48.480965,-8.365171
xtal_67.cif,./Al13Sc3N16/107/xtal_67.cif,83.244286,-45.615074
xtal_68.cif,./Al13Sc3N16/107/xtal_68.cif,-6.202858,-0.909663
xtal_69.cif,./Al13Sc3N16/107/xtal_69.cif,64.06633,-58.05435
xtal_7.cif,./Al13Sc3N16/107/xtal_7.cif,81.892365,55.379955
xtal_70.cif,./Al13Sc3N16/__initial__/107/xtal_70.cif,-104.51107,3.2678878
xtal_71.cif,./Al13Sc3N16/__initial__/107/xtal_71.cif,-56.22733,46.043358
xtal_72.cif,./Al13Sc3N16/107/xtal_72.cif,82.35969,-66.31533
xtal_73.cif,./Al13Sc3N16/107/xtal_73.cif,-19.728651,-45.127773
xtal_74.cif,./Al13Sc3N16/__initial__/107/xtal_74.cif,30.355795,-40.936623
xtal_75.cif,./Al13Sc3N16/107/xtal_75.cif,48.09569,19.24899
xtal_76.cif,./Al13Sc3N16/107/xtal_76.cif,4.6674676,15.334052
xtal_77.cif,./Al13Sc3N16/107/xtal_77.cif,64.88631,-23.657642
xtal_78.cif,./Al13Sc3N16/107/xtal_78.cif,65.28254,-78.065865
xtal_79.cif,./Al13Sc3N16/107/xtal_79.cif,18.743704,-87.75574
xtal_8.cif,./Al13Sc3N16/__initial__/107/xtal_8.cif,38.06174,-49.563976
xtal_80.cif,./Al13Sc3N16/107/xtal_80.cif,89.99198,37.546497
xtal_81.cif,./Al13Sc3N16/__initial__/107/xtal_81.cif,-44.507328,-22.733568
xtal_82.cif,./Al13Sc3N16/107/xtal_82.cif,42.12655,-57.54417
xtal_83.cif,./Al13Sc3N16/__initial__/107/xtal_83.cif,26.4558,-3.2023165
xtal_84.cif,./Al13Sc3N16/107/xtal_84.cif,72.30876,7.5388637
xtal_85.cif,./Al13Sc3N16/__initial__/107/xtal_85.cif,41.268238,-67.49843
xtal_86.cif,./Al13Sc3N16/107/xtal_86.cif,-42.63422,34.960537
xtal_87.cif,./Al13Sc3N16/__initial__/107/xtal_87.cif,2.9801571,85.75446
xtal_88.cif,./Al13Sc3N16/107/xtal_88.cif,94.861786,-34.969284
xtal_89.cif,./Al13Sc3N16/107/xtal_89.cif,75.296196,48.981705
xtal_9.cif,./Al13Sc3N16/__initial__/107/xtal_9.cif,-73.62847,53.164795
xtal_90.cif,./Al13Sc3N16/107/xtal_90.cif,77.29591,-28.837315
xtal_91.cif,./Al13Sc3N16/107/xtal_91.cif,75.71501,-80.494316
xtal_92.cif,./Al13Sc3N16/107/xtal_92.cif,-28.056477,54.04254
xtal_93.cif,./Al13Sc3N16/__initial__/107/xtal_93.cif,15.938605,-24.115618
xtal_94.cif,./Al13Sc3N16/__initial__/107/xtal_94.cif,41.33157,-96.589035
xtal_95.cif,./Al13Sc3N16/__initial__/107/xtal_95.cif,19.897413,29.199747
xtal_96.cif,./Al13Sc3N16/107/xtal_96.cif,-57.127254,46.360607
xtal_97.cif,./Al13Sc3N16/107/xtal_97.cif,92.71333,8.577524
xtal_98.cif,./Al13Sc3N16/107/xtal_98.cif,-46.068344,12.419799
xtal_99.cif,./Al13Sc3N16/__initial__/107/xtal_99.cif,88.6554,-49.206467
xtal_1.cif,./Al13Sc3N16/111/xtal_1.cif,-23.383043,31.921738
xtal_10.cif,./Al13Sc3N16/111/xtal_10.cif,-24.037016,44.214634
xtal_100.cif,./Al13Sc3N16/111/xtal_100.cif,57.542145,-75.635574
xtal_11.cif,./Al13Sc3N16/__initial__/111/xtal_11.cif,52.2261,52.43708
xtal_12.cif,./Al13Sc3N16/111/xtal_12.cif,20.093836,-47.587254
xtal_13.cif,./Al13Sc3N16/111/xtal_13.cif,67.18883,-6.446781
xtal_14.cif,./Al13Sc3N16/__initial__/111/xtal_14.cif,-18.66357,-22.74315
xtal_15.cif,./Al13Sc3N16/111/xtal_15.cif,-32.688583,-0.6831773
xtal_16.cif,./Al13Sc3N16/__initial__/111/xtal_16.cif,-3.5141335,45.81748
xtal_17.cif,./Al13Sc3N16/__initial__/111/xtal_17.cif,-14.761447,55.28372
xtal_18.cif,./Al13Sc3N16/111/xtal_18.cif,-32.987827,5.573138
xtal_19.cif,./Al13Sc3N16/__initial__/111/xtal_19.cif,-83.437645,33.97844
xtal_2.cif,./Al13Sc3N16/__initial__/111/xtal_2.cif,72.92617,-2.298402
xtal_20.cif,./Al13Sc3N16/111/xtal_20.cif,8.9425125,-55.776157
xtal_21.cif,./Al13Sc3N16/111/xtal_21.cif,-85.304665,20.964643
xtal_22.cif,./Al13Sc3N16/__initial__/111/xtal_22.cif,57.63442,-4.3256345
xtal_23.cif,./Al13Sc3N16/__initial__/111/xtal_23.cif,33.064518,31.27853
xtal_24.cif,./Al13Sc3N16/111/xtal_24.cif,-77.27196,24.122175
xtal_25.cif,./Al13Sc3N16/111/xtal_25.cif,9.264029,67.81186
xtal_26.cif,./Al13Sc3N16/__initial__/111/xtal_26.cif,-25.63453,59.611187
xtal_27.cif,./Al13Sc3N16/__initial__/111/xtal_27.cif,-62.68493,-43.654156
xtal_28.cif,./Al13Sc3N16/__initial__/111/xtal_28.cif,-86.08785,36.917683
xtal_29.cif,./Al13Sc3N16/111/xtal_29.cif,33.22366,37.455235
xtal_3.cif,./Al13Sc3N16/__initial__/111/xtal_3.cif,-84.96644,-3.3995593
xtal_30.cif,./Al13Sc3N16/111/xtal_30.cif,24.940968,-64.655685
xtal_31.cif,./Al13Sc3N16/__initial__/111/xtal_31.cif,-64.39018,-23.026392
xtal_32.cif,./Al13Sc3N16/__initial__/111/xtal_32.cif,7.9296865,55.896828
xtal_33.cif,./Al13Sc3N16/__initial__/111/xtal_33.cif,20.248709,-3.4881058
xtal_34.cif,./Al13Sc3N16/111/xtal_34.cif,6.8152957,68.01256
xtal_35.cif,./Al13Sc3N16/111/xtal_35.cif,9.961698,-61.63732
xtal_36.cif,./Al13Sc3N16/111/xtal_36.cif,-19.352676,88.3024
xtal_37.cif,./Al13Sc3N16/111/xtal_37.cif,44.940533,-50.96218
xtal_38.cif,./Al13Sc3N16/__initial__/111/xtal_38.cif,4.686305,31.90794
xtal_39.cif,./Al13Sc3N16/__initial__/111/xtal_39.cif,7.711829,-77.74114
xtal_4.cif,./Al13Sc3N16/111/xtal_4.cif,-69.07812,-0.40145102
xtal_40.cif,./Al13Sc3N16/111/xtal_40.cif,-60.42084,-40.97488
xtal_41.cif,./Al13Sc3N16/__initial__/111/xtal_41.cif,-20.18515,31.647165
xtal_42.cif,./Al13Sc3N16/__initial__/111/xtal_42.cif,-81.35913,19.260765
xtal_43.cif,./Al13Sc3N16/__initial__/111/xtal_43.cif,92.0056,12.61133
xtal_44.cif,./Al13Sc3N16/__initial__/111/xtal_44.cif,-13.41067,-26.068819
xtal_45.cif,./Al13Sc3N16/111/xtal_45.cif,56.553318,-72.61241
xtal_46.cif,./Al13Sc3N16/111/xtal_46.cif,-5.502722,25.705042
xtal_47.cif,./Al13Sc3N16/__initial__/111/xtal_47.cif,14.303106,-54.595436
xtal_48.cif,./Al13Sc3N16/111/xtal_48.cif,-52.6677,37.0871
xtal_49.cif,./Al13Sc3N16/__initial__/111/xtal_49.cif,-25.527048,85.83637
xtal_5.cif,./Al13Sc3N16/111/xtal_5.cif,12.261431,8.85316
xtal_50.cif,./Al13Sc3N16/111/xtal_50.cif,-17.115086,50.281902
xtal_51.cif,./Al13Sc3N16/__initial__/111/xtal_51.cif,-32.576233,-32.645653
xtal_52.cif,./Al13Sc3N16/__initial__/111/xtal_52.cif,-79.56103,69.01461
xtal_53.cif,./Al13Sc3N16/111/xtal_53.cif,-13.824038,-62.413017
xtal_54.cif,./Al13Sc3N16/__initial__/111/xtal_54.cif,-71.532036,-26.068834
xtal_55.cif,./Al13Sc3N16/111/xtal_55.cif,-41.386436,70.21093
xtal_56.cif,./Al13Sc3N16/111/xtal_56.cif,-55.98363,81.09361
xtal_57.cif,./Al13Sc3N16/111/xtal_57.cif,-24.26566,3.278485
xtal_58.cif,./Al13Sc3N16/__initial__/111/xtal_58.cif,-83.20826,-23.286533
xtal_59.cif,./Al13Sc3N16/__initial__/111/xtal_59.cif,-2.9783688,16.122328
xtal_6.cif,./Al13Sc3N16/111/xtal_6.cif,45.906185,-16.20767
xtal_60.cif,./Al13Sc3N16/__initial__/111/xtal_60.cif,28.553453,-59.920345
xtal_61.cif,./Al13Sc3N16/__initial__/111/xtal_61.cif,-89.64911,-26.150553
xtal_62.cif,./Al13Sc3N16/111/xtal_62.cif,-11.395427,20.7485
xtal_63.cif,./Al13Sc3N16/111/xtal_63.cif,-52.17324,-46.5387
xtal_64.cif,./Al13Sc3N16/111/xtal_64.cif,-2.8467348,-3.7654505
xtal_65.cif,./Al13Sc3N16/111/xtal_65.cif,61.200268,71.23146
xtal_66.cif,./Al13Sc3N16/111/xtal_66.cif,4.4037833,-30.478947
xtal_67.cif,./Al13Sc3N16/__initial__/111/xtal_67.cif,-17.216612,81.636734
xtal_68.cif,./Al13Sc3N16/__initial__/111/xtal_68.cif,-73.7136,-18.813478
xtal_69.cif,./Al13Sc3N16/111/xtal_69.cif,82.81857,-8.021959
xtal_7.cif,./Al13Sc3N16/111/xtal_7.cif,-80.52031,-66.409966
xtal_70.cif,./Al13Sc3N16/111/xtal_70.cif,-19.017485,-11.239016
xtal_71.cif,./Al13Sc3N16/111/xtal_71.cif,59.66556,28.094786
xtal_72.cif,./Al13Sc3N16/__initial__/111/xtal_72.cif,-62.844234,52.784805
xtal_73.cif,./Al13Sc3N16/111/xtal_73.cif,-27.108637,1.9943178
xtal_74.cif,./Al13Sc3N16/111/xtal_74.cif,81.62629,33.528347
xtal_75.cif,./Al13Sc3N16/__initial__/111/xtal_75.cif,-63.676445,24.522734
xtal_76.cif,./Al13Sc3N16/__initial__/111/xtal_76.cif,-73.14458,34.138805
xtal_77.cif,./Al13Sc3N16/111/xtal_77.cif,33.96378,25.201237
xtal_78.cif,./Al13Sc3N16/__initial__/111/xtal_78.cif,-28.387024,78.58928
xtal_79.cif,./Al13Sc3N16/__initial__/111/xtal_79.cif,-35.894547,-26.45953
xtal_8.cif,./Al13Sc3N16/111/xtal_8.cif,10.732595,-62.597946
xtal_80.cif,./Al13Sc3N16/111/xtal_80.cif,-34.506172,76.61905
xtal_81.cif,./Al13Sc3N16/__initial__/111/xtal_81.cif,-2.081096,-11.781341
xtal_82.cif,./Al13Sc3N16/__initial__/111/xtal_82.cif,-81.77265,54.01665
xtal_83.cif,./Al13Sc3N16/111/xtal_83.cif,-42.81414,-46.41
xtal_84.cif,./Al13Sc3N16/111/xtal_84.cif,-39.76529,38.421898
xtal_85.cif,./Al13Sc3N16/__initial__/111/xtal_85.cif,43.16535,-27.919714
xtal_86.cif,./Al13Sc3N16/111/xtal_86.cif,-75.48766,28.968578
xtal_87.cif,./Al13Sc3N16/111/xtal_87.cif,50.135582,-72.33549
xtal_88.cif,./Al13Sc3N16/__initial__/111/xtal_88.cif,-28.740696,39.64172
xtal_89.cif,./Al13Sc3N16/__initial__/111/xtal_89.cif,-79.356415,-36.401093
xtal_9.cif,./Al13Sc3N16/111/xtal_9.cif,28.880363,-17.488422
xtal_90.cif,./Al13Sc3N16/111/xtal_90.cif,-58.368042,72.210396
xtal_91.cif,./Al13Sc3N16/111/xtal_91.cif,10.320228,47.608578
xtal_92.cif,./Al13Sc3N16/__initial__/111/xtal_92.cif,-39.92303,33.35368
xtal_93.cif,./Al13Sc3N16/__initial__/111/xtal_93.cif,-11.283271,56.90257
xtal_94.cif,./Al13Sc3N16/__initial__/111/xtal_94.cif,98.406525,-21.78126
xtal_95.cif,./Al13Sc3N16/__initial__/111/xtal_95.cif,-28.920282,73.753944
xtal_96.cif,./Al13Sc3N16/__initial__/111/xtal_96.cif,31.597132,-85.86548
xtal_97.cif,./Al13Sc3N16/111/xtal_97.cif,-59.49705,-8.097222
xtal_98.cif,./Al13Sc3N16/111/xtal_98.cif,58.207348,37.140358
xtal_99.cif,./Al13Sc3N16/111/xtal_99.cif,1.9945525,41.19187
xtal_1.cif,./Al13Sc3N16/__initial__/112/xtal_1.cif,-64.14924,-55.870487
xtal_10.cif,./Al13Sc3N16/112/xtal_10.cif,-55.852222,65.84729
xtal_100.cif,./Al13Sc3N16/__initial__/112/xtal_100.cif,-52.251064,-63.65406
xtal_11.cif,./Al13Sc3N16/112/xtal_11.cif,-40.35236,-50.609417
xtal_12.cif,./Al13Sc3N16/__initial__/112/xtal_12.cif,10.230982,5.0977263
xtal_13.cif,./Al13Sc3N16/__initial__/112/xtal_13.cif,-57.553932,-36.671524
xtal_14.cif,./Al13Sc3N16/112/xtal_14.cif,-70.02473,-43.601883
xtal_15.cif,./Al13Sc3N16/112/xtal_15.cif,-34.023552,-24.527206
xtal_16.cif,./Al13Sc3N16/112/xtal_16.cif,89.96188,22.929081
xtal_17.cif,./Al13Sc3N16/112/xtal_17.cif,-37.333164,-40.170044
xtal_18.cif,./Al13Sc3N16/112/xtal_18.cif,-38.14282,-9.901823
xtal_19.cif,./Al13Sc3N16/112/xtal_19.cif,-40.78898,35.96422
xtal_2.cif,./Al13Sc3N16/112/xtal_2.cif,14.155735,81.744026
xtal_20.cif,./Al13Sc3N16/112/xtal_20.cif,62.727734,-85.08674
xtal_21.cif,./Al13Sc3N16/__initial__/112/xtal_21.cif,23.538183,35.800488
xtal_22.cif,./Al13Sc3N16/__initial__/112/xtal_22.cif,11.550211,51.413696
xtal_23.cif,./Al13Sc3N16/__initial__/112/xtal_23.cif,-2.9395127,48.87892
xtal_24.cif,./Al13Sc3N16/112/xtal_24.cif,73.63245,21.630785
xtal_25.cif,./Al13Sc3N16/112/xtal_25.cif,-33.825306,-83.02027
xtal_26.cif,./Al13Sc3N16/112/xtal_26.cif,-18.154127,-10.296481
xtal_27.cif,./Al13Sc3N16/__initial__/112/xtal_27.cif,3.9303577,34.726917
xtal_28.cif,./Al13Sc3N16/__initial__/112/xtal_28.cif,-70.59577,-6.493368
xtal_29.cif,./Al13Sc3N16/112/xtal_29.cif,45.128986,34.20055
xtal_3.cif,./Al13Sc3N16/__initial__/112/xtal_3.cif,-35.05983,23.540646
xtal_30.cif,./Al13Sc3N16/__initial__/112/xtal_30.cif,-11.170459,60.405807
xtal_31.cif,./Al13Sc3N16/__initial__/112/xtal_31.cif,27.368343,17.741302
xtal_32.cif,./Al13Sc3N16/__initial__/112/xtal_32.cif,97.849655,-3.836823
xtal_33.cif,./Al13Sc3N16/112/xtal_33.cif,-11.095518,10.165967
xtal_34.cif,./Al13Sc3N16/112/xtal_34.cif,5.2624393,59.095913
xtal_35.cif,./Al13Sc3N16/__initial__/112/xtal_35.cif,-100.08785,-11.714071
xtal_36.cif,./Al13Sc3N16/112/xtal_36.cif,-39.72393,-67.94673
xtal_37.cif,./Al13Sc3N16/112/xtal_37.cif,14.294504,53.41607
xtal_38.cif,./Al13Sc3N16/112/xtal_38.cif,-2.100634,-35.306065
xtal_39.cif,./Al13Sc3N16/__initial__/112/xtal_39.cif,88.63344,31.723946
xtal_4.cif,./Al13Sc3N16/112/xtal_4.cif,-67.47696,21.632038
xtal_40.cif,./Al13Sc3N16/__initial__/112/xtal_40.cif,-35.43467,-70.732925
xtal_41.cif,./Al13Sc3N16/112/xtal_41.cif,19.82596,31.736446
xtal_42.cif,./Al13Sc3N16/__initial__/112/xtal_42.cif,-69.10561,33.344177
xtal_43.cif,./Al13Sc3N16/__initial__/112/xtal_43.cif,11.452311,60.381527
xtal_44.cif,./Al13Sc3N16/112/xtal_44.cif,62.75978,47.817024
xtal_45.cif,./Al13Sc3N16/112/xtal_45.cif,16.926313,74.92596
xtal_46.cif,./Al13Sc3N16/112/xtal_46.cif,36.4233,-32.138973
xtal_47.cif,./Al13Sc3N16/112/xtal_47.cif,-10.286907,-23.151014
xtal_48.cif,./Al13Sc3N16/112/xtal_48.cif,-76.81841,63.84571
xtal_49.cif,./Al13Sc3N16/112/xtal_49.cif,-43.95901,43.23115
xtal_5.cif,./Al13Sc3N16/112/xtal_5.cif,59.618023,63.677525
xtal_50.cif,./Al13Sc3N16/__initial__/112/xtal_50.cif,98.95185,6.55013
xtal_51.cif,./Al13Sc3N16/__initial__/112/xtal_51.cif,40.128372,62.2661
xtal_52.cif,./Al13Sc3N16/__initial__/112/xtal_52.cif,12.874871,7.6638236
xtal_53.cif,./Al13Sc3N16/112/xtal_53.cif,-38.234512,-9.554855
xtal_54.cif,./Al13Sc3N16/__initial__/112/xtal_54.cif,31.738844,38.9884
xtal_55.cif,./Al13Sc3N16/__initial__/112/xtal_55.cif,-35.814426,66.650894
xtal_56.cif,./Al13Sc3N16/112/xtal_56.cif,-53.936077,76.169106
xtal_57.cif,./Al13Sc3N16/__initial__/112/xtal_57.cif,72.720276,60.989815
xtal_58.cif,./Al13Sc3N16/__initial__/112/xtal_58.cif,-46.99162,-46.088017
xtal_59.cif,./Al13Sc3N16/112/xtal_59.cif,-6.1896644,-77.63794
xtal_6.cif,./Al13Sc3N16/__initial__/112/xtal_6.cif,19.953663,64.706726
xtal_60.cif,./Al13Sc3N16/__initial__/112/xtal_60.cif,74.44953,-0.058983374
xtal_61.cif,./Al13Sc3N16/__initial__/112/xtal_61.cif,-75.01124,-37.62659
xtal_62.cif,./Al13Sc3N16/__initial__/112/xtal_62.cif,-48.732586,30.718939
xtal_63.cif,./Al13Sc3N16/__initial__/112/xtal_63.cif,19.465477,-6.023187
xtal_64.cif,./Al13Sc3N16/112/xtal_64.cif,-53.858585,-9.896193
xtal_65.cif,./Al13Sc3N16/112/xtal_65.cif,20.883013,34.237564
xtal_66.cif,./Al13Sc3N16/__initial__/112/xtal_66.cif,-4.5560713,-23.938997
xtal_67.cif,./Al13Sc3N16/__initial__/112/xtal_67.cif,-50.784267,25.739912
xtal_68.cif,./Al13Sc3N16/112/xtal_68.cif,25.50076,50.78168
xtal_69.cif,./Al13Sc3N16/__initial__/112/xtal_69.cif,48.286552,66.19877
xtal_7.cif,./Al13Sc3N16/112/xtal_7.cif,38.18347,54.01273
xtal_70.cif,./Al13Sc3N16/__initial__/112/xtal_70.cif,42.335274,-0.005257275
xtal_71.cif,./Al13Sc3N16/__initial__/112/xtal_71.cif,20.254185,-58.435226
xtal_72.cif,./Al13Sc3N16/__initial__/112/xtal_72.cif,-61.62491,49.357647
xtal_73.cif,./Al13Sc3N16/__initial__/112/xtal_73.cif,57.816185,10.014307
xtal_74.cif,./Al13Sc3N16/__initial__/112/xtal_74.cif,-36.087383,28.765314
xtal_75.cif,./Al13Sc3N16/112/xtal_75.cif,-3.371402,-11.261868
xtal_76.cif,./Al13Sc3N16/112/xtal_76.cif,25.661003,34.324245
xtal_77.cif,./Al13Sc3N16/112/xtal_77.cif,26.562565,91.32037
xtal_78.cif,./Al13Sc3N16/__initial__/112/xtal_78.cif,-60.826187,-36.67395
xtal_79.cif,./Al13Sc3N16/112/xtal_79.cif,-5.815257,85.933266
xtal_8.cif,./Al13Sc3N16/__initial__/112/xtal_8.cif,-26.436537,-8.118789
xtal_80.cif,./Al13Sc3N16/__initial__/112/xtal_80.cif,-42.291626,-17.666643
xtal_81.cif,./Al13Sc3N16/112/xtal_81.cif,57.143368,74.486046
xtal_82.cif,./Al13Sc3N16/__initial__/112/xtal_82.cif,-7.329143,-37.627895
xtal_83.cif,./Al13Sc3N16/112/xtal_83.cif,-21.57764,82.97598
xtal_84.cif,./Al13Sc3N16/__initial__/112/xtal_84.cif,-18.102339,8.575772
xtal_85.cif,./Al13Sc3N16/112/xtal_85.cif,-61.381336,-39.101185
xtal_86.cif,./Al13Sc3N16/__initial__/112/xtal_86.cif,-35.21892,3.892494
xtal_87.cif,./Al13Sc3N16/112/xtal_87.cif,-2.0335264,12.325706
xtal_88.cif,./Al13Sc3N16/112/xtal_88.cif,-64.3326,27.441988
xtal_89.cif,./Al13Sc3N16/112/xtal_89.cif,-40.52232,-2.4696488
xtal_9.cif,./Al13Sc3N16/112/xtal_9.cif,2.440537,19.067509
xtal_90.cif,./Al13Sc3N16/__initial__/112/xtal_90.cif,23.382582,-41.387817
xtal_91.cif,./Al13Sc3N16/112/xtal_91.cif,-46.21735,79.14752
xtal_92.cif,./Al13Sc3N16/112/xtal_92.cif,-23.28294,46.518917
xtal_93.cif,./Al13Sc3N16/112/xtal_93.cif,-29.931822,-26.12899
xtal_94.cif,./Al13Sc3N16/__initial__/112/xtal_94.cif,-68.74916,26.749063
xtal_95.cif,./Al13Sc3N16/112/xtal_95.cif,36.30406,14.043787
xtal_96.cif,./Al13Sc3N16/__initial__/112/xtal_96.cif,68.10982,26.853586
xtal_97.cif,./Al13Sc3N16/__initial__/112/xtal_97.cif,14.900768,-69.56241
xtal_98.cif,./Al13Sc3N16/112/xtal_98.cif,47.984066,36.83629
xtal_99.cif,./Al13Sc3N16/112/xtal_99.cif,-37.12956,27.133482
xtal_1.cif,./Al13Sc3N16/__initial__/113/xtal_1.cif,-4.043324,62.695534
xtal_10.cif,./Al13Sc3N16/113/xtal_10.cif,-56.071922,-56.0781
xtal_100.cif,./Al13Sc3N16/__initial__/113/xtal_100.cif,2.8693514,56.09527
xtal_11.cif,./Al13Sc3N16/__initial__/113/xtal_11.cif,26.69942,14.23478
xtal_12.cif,./Al13Sc3N16/113/xtal_12.cif,0.18672945,-25.707027
xtal_13.cif,./Al13Sc3N16/__initial__/113/xtal_13.cif,23.641205,15.918403
xtal_14.cif,./Al13Sc3N16/__initial__/113/xtal_14.cif,-54.365654,83.52038
xtal_15.cif,./Al13Sc3N16/__initial__/113/xtal_15.cif,-16.22299,-43.524883
xtal_16.cif,./Al13Sc3N16/__initial__/113/xtal_16.cif,74.550674,26.062347
xtal_17.cif,./Al13Sc3N16/__initial__/113/xtal_17.cif,93.73267,6.292946
xtal_18.cif,./Al13Sc3N16/__initial__/113/xtal_18.cif,31.71578,-45.67953
xtal_19.cif,./Al13Sc3N16/__initial__/113/xtal_19.cif,-13.695514,71.77265
xtal_2.cif,./Al13Sc3N16/__initial__/113/xtal_2.cif,-81.66539,25.68018
xtal_20.cif,./Al13Sc3N16/113/xtal_20.cif,-54.922382,-26.241814
xtal_21.cif,./Al13Sc3N16/__initial__/113/xtal_21.cif,-15.799688,73.50098
xtal_22.cif,./Al13Sc3N16/113/xtal_22.cif,18.813566,-10.558553
xtal_23.cif,./Al13Sc3N16/__initial__/113/xtal_23.cif,31.463076,75.31198
xtal_24.cif,./Al13Sc3N16/113/xtal_24.cif,-11.673443,-28.116182
xtal_25.cif,./Al13Sc3N16/__initial__/113/xtal_25.cif,-70.27034,-52.142323
xtal_26.cif,./Al13Sc3N16/__initial__/113/xtal_26.cif,-17.116756,-13.928941
xtal_27.cif,./Al13Sc3N16/__initial__/113/xtal_27.cif,-18.962458,87.037186
xtal_28.cif,./Al13Sc3N16/__initial__/113/xtal_28.cif,24.45923,13.452168
xtal_29.cif,./Al13Sc3N16/__initial__/113/xtal_29.cif,31.91468,45.980988
xtal_3.cif,./Al13Sc3N16/113/xtal_3.cif,45.16919,3.5644264
xtal_30.cif,./Al13Sc3N16/113/xtal_30.cif,-81.536156,-19.25953
xtal_31.cif,./Al13Sc3N16/113/xtal_31.cif,32.453587,-82.674255
xtal_32.cif,./Al13Sc3N16/113/xtal_32.cif,-50.691685,26.399504
xtal_33.cif,./Al13Sc3N16/__initial__/113/xtal_33.cif,-19.9936,29.496883
xtal_34.cif,./Al13Sc3N16/113/xtal_34.cif,26.520414,-62.41408
xtal_35.cif,./Al13Sc3N16/113/xtal_35.cif,-53.242157,13.579843
xtal_36.cif,./Al13Sc3N16/__initial__/113/xtal_36.cif,14.6460905,-77.3775
xtal_37.cif,./Al13Sc3N16/__initial__/113/xtal_37.cif,11.1211405,-12.672304
xtal_38.cif,./Al13Sc3N16/__initial__/113/xtal_38.cif,38.81111,-84.964325
xtal_39.cif,./Al13Sc3N16/113/xtal_39.cif,12.578823,-39.28532
xtal_4.cif,./Al13Sc3N16/__initial__/113/xtal_4.cif,-56.578827,-26.407463
xtal_40.cif,./Al13Sc3N16/__initial__/113/xtal_40.cif,6.41079,45.153652
xtal_41.cif,./Al13Sc3N16/113/xtal_41.cif,46.867188,-34.899067
xtal_42.cif,./Al13Sc3N16/113/xtal_42.cif,19.41658,-65.07815
xtal_43.cif,./Al13Sc3N16/__initial__/113/xtal_43.cif,-8.194704,49.769005
xtal_44.cif,./Al13Sc3N16/113/xtal_44.cif,66.86498,-71.71673
xtal_45.cif,./Al13Sc3N16/113/xtal_45.cif,31.151896,-10.2165575
xtal_46.cif,./Al13Sc3N16/__initial__/113/xtal_46.cif,49.67272,-75.31225
xtal_47.cif,./Al13Sc3N16/113/xtal_47.cif,-54.258,25.245832
xtal_48.cif,./Al13Sc3N16/113/xtal_48.cif,25.813196,61.401165
xtal_49.cif,./Al13Sc3N16/__initial__/113/xtal_49.cif,-60.076683,-38.6229
xtal_5.cif,./Al13Sc3N16/__initial__/113/xtal_5.cif,-27.278467,-42.063305
xtal_50.cif,./Al13Sc3N16/113/xtal_50.cif,-29.852457,-30.825449
xtal_51.cif,./Al13Sc3N16/113/xtal_51.cif,39.42923,-9.601585
xtal_52.cif,./Al13Sc3N16/__initial__/113/xtal_52.cif,90.578896,17.765276
xtal_53.cif,./Al13Sc3N16/__initial__/113/xtal_53.cif,-19.18309,-30.122536
xtal_54.cif,./Al13Sc3N16/__initial__/113/xtal_54.cif,68.13083,-68.50672
xtal_55.cif,./Al13Sc3N16/113/xtal_55.cif,36.256443,-47.755405
xtal_56.cif,./Al13Sc3N16/113/xtal_56.cif,-53.803368,14.054169
xtal_57.cif,./Al13Sc3N16/113/xtal_57.cif,92.05882,-17.589098
xtal_58.cif,./Al13Sc3N16/113/xtal_58.cif,-10.282451,-40.115383
xtal_59.cif,./Al13Sc3N16/113/xtal_59.cif,5.185708,39.334442
xtal_6.cif,./Al13Sc3N16/113/xtal_6.cif,49.488846,-52.493267
xtal_60.cif,./Al13Sc3N16/113/xtal_60.cif,38.332024,12.576941
xtal_61.cif,./Al13Sc3N16/113/xtal_61.cif,-44.945435,16.768282
xtal_62.cif,./Al13Sc3N16/113/xtal_62.cif,-16.077389,-64.90967
xtal_63.cif,./Al13Sc3N16/113/xtal_63.cif,22.1244,30.578472
xtal_64.cif,./Al13Sc3N16/__initial__/113/xtal_64.cif,-29.278263,0.5286853
xtal_65.cif,./Al13Sc3N16/__initial__/113/xtal_65.cif,-78.632904,-52.753006
xtal_66.cif,./Al13Sc3N16/113/xtal_66.cif,-8.333064,29.183744
xtal_67.cif,./Al13Sc3N16/__initial__/113/xtal_67.cif,57.782063,-90.47021
xtal_68.cif,./Al13Sc3N16/113/xtal_68.cif,19.091629,-91.154816
xtal_69.cif,./Al13Sc3N16/__initial__/113/xtal_69.cif,11.319158,10.48197
xtal_7.cif,./Al13Sc3N16/113/xtal_7.cif,42.502567,-31.618658
xtal_70.cif,./Al13Sc3N16/113/xtal_70.cif,50.96762,-15.588565
xtal_71.cif,./Al13Sc3N16/__initial__/113/xtal_71.cif,-45.229313,49.388042
xtal_72.cif,./Al13Sc3N16/__initial__/113/xtal_72.cif,25.386822,14.249632
xtal_73.cif,./Al13Sc3N16/113/xtal_73.cif,20.647776,-63.465942
xtal_74.cif,./Al13Sc3N16/113/xtal_74.cif,-38.081184,80.29212
xtal_75.cif,./Al13Sc3N16/113/xtal_75.cif,-85.695816,-21.580576
xtal_76.cif,./Al13Sc3N16/113/xtal_76.cif,92.31225,12.656893
xtal_77.cif,./Al13Sc3N16/__initial__/113/xtal_77.cif,68.01517,-65.39732
xtal_78.cif,./Al13Sc3N16/113/xtal_78.cif,57.1241,43.12374
xtal_79.cif,./Al13Sc3N16/__initial__/113/xtal_79.cif,31.09895,82.42516
xtal_8.cif,./Al13Sc3N16/113/xtal_8.cif,53.012924,-37.71881
xtal_80.cif,./Al13Sc3N16/113/xtal_80.cif,-77.80136,-51.484783
xtal_81.cif,./Al13Sc3N16/113/xtal_81.cif,-51.787548,-42.734047
xtal_82.cif,./Al13Sc3N16/113/xtal_82.cif,-45.95167,13.881461
xtal_83.cif,./Al13Sc3N16/113/xtal_83.cif,50.074657,-69.16136
xtal_84.cif,./Al13Sc3N16/113/xtal_84.cif,35.824406,-54.79247
xtal_85.cif,./Al13Sc3N16/__initial__/113/xtal_85.cif,-4.590197,2.6043468
xtal_86.cif,./Al13Sc3N16/113/xtal_86.cif,6.64575,3.6643183
xtal_87.cif,./Al13Sc3N16/__initial__/113/xtal_87.cif,-10.992066,54.620247
xtal_88.cif,./Al13Sc3N16/__initial__/113/xtal_88.cif,-66.64004,-43.90436
xtal_89.cif,./Al13Sc3N16/113/xtal_89.cif,-57.034256,-80.62744
xtal_9.cif,./Al13Sc3N16/__initial__/113/xtal_9.cif,-81.757614,-61.373657
xtal_90.cif,./Al13Sc3N16/__initial__/113/xtal_90.cif,-18.954552,-48.55051
xtal_91.cif,./Al13Sc3N16/113/xtal_91.cif,52.002808,-14.308807
xtal_92.cif,./Al13Sc3N16/__initial__/113/xtal_92.cif,-7.185488,82.652565
xtal_93.cif,./Al13Sc3N16/__initial__/113/xtal_93.cif,-25.185186,-32.02574
xtal_94.cif,./Al13Sc3N16/113/xtal_94.cif,82.4648,-6.917063
xtal_95.cif,./Al13Sc3N16/113/xtal_95.cif,57.83051,42.144417
xtal_96.cif,./Al13Sc3N16/__initial__/113/xtal_96.cif,-28.971989,58.43593
xtal_97.cif,./Al13Sc3N16/__initial__/113/xtal_97.cif,-10.086273,90.83958
xtal_98.cif,./Al13Sc3N16/113/xtal_98.cif,51.612617,-14.730595
xtal_99.cif,./Al13Sc3N16/113/xtal_99.cif,-59.970688,28.181137
xtal_1.cif,./Al13Sc3N16/114/xtal_1.cif,15.418881,7.274974
xtal_10.cif,./Al13Sc3N16/__initial__/114/xtal_10.cif,42.9038,9.654151
xtal_100.cif,./Al13Sc3N16/114/xtal_100.cif,-2.1170297,51.055107
xtal_11.cif,./Al13Sc3N16/__initial__/114/xtal_11.cif,-13.2685795,-44.32719
xtal_12.cif,./Al13Sc3N16/__initial__/114/xtal_12.cif,29.93873,-9.549814
xtal_13.cif,./Al13Sc3N16/__initial__/114/xtal_13.cif,-47.477283,90.18
xtal_14.cif,./Al13Sc3N16/__initial__/114/xtal_14.cif,-27.993235,-39.184425
xtal_15.cif,./Al13Sc3N16/114/xtal_15.cif,-94.77972,-44.400898
xtal_16.cif,./Al13Sc3N16/__initial__/114/xtal_16.cif,-56.95832,82.4057
xtal_17.cif,./Al13Sc3N16/__initial__/114/xtal_17.cif,13.001725,-0.7517817
xtal_18.cif,./Al13Sc3N16/114/xtal_18.cif,-13.802294,-33.00577
xtal_19.cif,./Al13Sc3N16/114/xtal_19.cif,48.771275,-86.453926
xtal_2.cif,./Al13Sc3N16/__initial__/114/xtal_2.cif,-3.6949003,83.20578
xtal_20.cif,./Al13Sc3N16/__initial__/114/xtal_20.cif,-8.014665,65.341255
xtal_21.cif,./Al13Sc3N16/114/xtal_21.cif,-19.24077,-26.980513
xtal_22.cif,./Al13Sc3N16/114/xtal_22.cif,17.488968,86.79099
xtal_23.cif,./Al13Sc3N16/114/xtal_23.cif,43.44002,-63.358883
xtal_24.cif,./Al13Sc3N16/__initial__/114/xtal_24.cif,-17.224619,-29.851315
xtal_25.cif,./Al13Sc3N16/114/xtal_25.cif,-28.520042,-51.640358
xtal_26.cif,./Al13Sc3N16/114/xtal_26.cif,-9.30476,-45.6809
xtal_27.cif,./Al13Sc3N16/114/xtal_27.cif,-26.83672,8.2814245
xtal_28.cif,./Al13Sc3N16/__initial__/114/xtal_28.cif,-38.65437,27.524618
xtal_29.cif,./Al13Sc3N16/__initial__/114/xtal_29.cif,-47.96436,-24.434608
xtal_3.cif,./Al13Sc3N16/__initial__/114/xtal_3.cif,52.142708,50.138813
xtal_30.cif,./Al13Sc3N16/114/xtal_30.cif,31.593199,-1.5978155
xtal_31.cif,./Al13Sc3N16/114/xtal_31.cif,34.618374,-86.55295
xtal_32.cif,./Al13Sc3N16/114/xtal_32.cif,-16.677254,4.099266
xtal_33.cif,./Al13Sc3N16/114/xtal_33.cif,-22.988026,39.83069
xtal_34.cif,./Al13Sc3N16/__initial__/114/xtal_34.cif,-35.92641,-31.043587
xtal_35.cif,./Al13Sc3N16/114/xtal_35.cif,-13.842177,-10.9494505
xtal_36.cif,./Al13Sc3N16/__initial__/114/xtal_36.cif,47.293465,77.21004
xtal_37.cif,./Al13Sc3N16/114/xtal_37.cif,31.892809,17.5446
xtal_38.cif,./Al13Sc3N16/114/xtal_38.cif,37.905308,39.252193
xtal_39.cif,./Al13Sc3N16/114/xtal_39.cif,-42.692413,-17.09683
xtal_4.cif,./Al13Sc3N16/__initial__/114/xtal_4.cif,-88.318405,-20.4076
xtal_40.cif,./Al13Sc3N16/114/xtal_40.cif,-21.488617,-49.023457
xtal_41.cif,./Al13Sc3N16/__initial__/114/xtal_41.cif,-20.178879,-30.240795
xtal_42.cif,./Al13Sc3N16/__initial__/114/xtal_42.cif,1.833005,-5.155477
xtal_43.cif,./Al13Sc3N16/__initial__/114/xtal_43.cif,-12.966307,78.50693
xtal_44.cif,./Al13Sc3N16/__initial__/114/xtal_44.cif,45.080524,77.09374
xtal_45.cif,./Al13Sc3N16/__initial__/114/xtal_45.cif,16.151075,67.05878
xtal_46.cif,./Al13Sc3N16/__initial__/114/xtal_46.cif,-57.18187,53.55056
xtal_47.cif,./Al13Sc3N16/__initial__/114/xtal_47.cif,-22.639288,-53.212063
xtal_48.cif,./Al13Sc3N16/__initial__/114/xtal_48.cif,-70.07827,-41.666073
xtal_49.cif,./Al13Sc3N16/114/xtal_49.cif,8.824562,89.43933
xtal_5.cif,./Al13Sc3N16/__initial__/114/xtal_5.cif,-43.07467,-47.857864
xtal_50.cif,./Al13Sc3N16/__initial__/114/xtal_50.cif,-29.240465,91.993965
xtal_51.cif,./Al13Sc3N16/__initial__/114/xtal_51.cif,-31.652859,-29.558838
xtal_52.cif,./Al13Sc3N16/114/xtal_52.cif,-49.736965,13.610891
xtal_53.cif,./Al13Sc3N16/__initial__/114/xtal_53.cif,-30.383026,73.635826
xtal_54.cif,./Al13Sc3N16/114/xtal_54.cif,40.948013,21.725042
xtal_55.cif,./Al13Sc3N16/114/xtal_55.cif,-39.24675,83.958206
xtal_56.cif,./Al13Sc3N16/114/xtal_56.cif,-25.034824,40.62768
xtal_57.cif,./Al13Sc3N16/__initial__/114/xtal_57.cif,46.43732,15.165623
xtal_58.cif,./Al13Sc3N16/__initial__/114/xtal_58.cif,11.1909685,88.46123
xtal_59.cif,./Al13Sc3N16/114/xtal_59.cif,-8.642007,3.9656084
xtal_6.cif,./Al13Sc3N16/__initial__/114/xtal_6.cif,3.1652172,-13.804085
xtal_60.cif,./Al13Sc3N16/__initial__/114/xtal_60.cif,-67.02383,85.82937
xtal_61.cif,./Al13Sc3N16/__initial__/114/xtal_61.cif,18.369978,57.594654
xtal_62.cif,./Al13Sc3N16/__initial__/114/xtal_62.cif,-97.76553,-12.776155
xtal_63.cif,./Al13Sc3N16/114/xtal_63.cif,19.028328,52.607616
xtal_64.cif,./Al13Sc3N16/__initial__/114/xtal_64.cif,31.26867,92.588646
xtal_65.cif,./Al13Sc3N16/114/xtal_65.cif,-32.72027,-37.381298
xtal_66.cif,./Al13Sc3N16/__initial__/114/xtal_66.cif,-14.649436,-3.4787898
xtal_67.cif,./Al13Sc3N16/114/xtal_67.cif,29.862078,73.31941
xtal_68.cif,./Al13Sc3N16/__initial__/114/xtal_68.cif,-27.869492,14.9000225
xtal_69.cif,./Al13Sc3N16/__initial__/114/xtal_69.cif,-1.359762,90.208405
xtal_7.cif,./Al13Sc3N16/114/xtal_7.cif,-36.881844,-6.6332064
xtal_70.cif,./Al13Sc3N16/114/xtal_70.cif,-13.887041,0.13915113
xtal_71.cif,./Al13Sc3N16/__initial__/114/xtal_71.cif,-7.252095,-17.116127
xtal_72.cif,./Al13Sc3N16/__initial__/114/xtal_72.cif,-26.3486,-57.91521
xtal_73.cif,./Al13Sc3N16/114/xtal_73.cif,-0.38167447,-5.218233
xtal_74.cif,./Al13Sc3N16/__initial__/114/xtal_74.cif,-43.924393,89.92239
xtal_75.cif,./Al13Sc3N16/114/xtal_75.cif,-33.698322,-33.041477
xtal_76.cif,./Al13Sc3N16/114/xtal_76.cif,-1.0448027,-2.6153436
xtal_77.cif,./Al13Sc3N16/114/xtal_77.cif,-20.557629,17.478964
xtal_78.cif,./Al13Sc3N16/114/xtal_78.cif,31.332047,93.52782
xtal_79.cif,./Al13Sc3N16/114/xtal_79.cif,-35.546978,9.558258
xtal_8.cif,./Al13Sc3N16/114/xtal_8.cif,-41.046944,89.90206
xtal_80.cif,./Al13Sc3N16/114/xtal_80.cif,-9.209821,8.608286
xtal_81.cif,./Al13Sc3N16/114/xtal_81.cif,-27.194054,73.16986
xtal_82.cif,./Al13Sc3N16/__initial__/114/xtal_82.cif,9.906537,82.15784
xtal_83.cif,./Al13Sc3N16/114/xtal_83.cif,-7.7034354,-41.17264
xtal_84.cif,./Al13Sc3N16/__initial__/114/xtal_84.cif,53.42959,80.44253
xtal_85.cif,./Al13Sc3N16/114/xtal_85.cif,31.023466,94.18402
xtal_86.cif,./Al13Sc3N16/114/xtal_86.cif,5.915334,-55.06064
xtal_87.cif,./Al13Sc3N16/114/xtal_87.cif,-50.88133,-48.917793
xtal_88.cif,./Al13Sc3N16/__initial__/114/xtal_88.cif,2.0501878,24.48456
xtal_89.cif,./Al13Sc3N16/114/xtal_89.cif,45.965206,39.772617
xtal_9.cif,./Al13Sc3N16/114/xtal_9.cif,-56.33152,-44.76987
xtal_90.cif,./Al13Sc3N16/114/xtal_90.cif,-94.12283,-26.710646
xtal_91.cif,./Al13Sc3N16/114/xtal_91.cif,20.813599,77.89796
xtal_92.cif,./Al13Sc3N16/__initial__/114/xtal_92.cif,-22.172321,-12.042147
xtal_93.cif,./Al13Sc3N16/__initial__/114/xtal_93.cif,14.059318,5.8119097
xtal_94.cif,./Al13Sc3N16/114/xtal_94.cif,-43.140198,-42.676777
xtal_95.cif,./Al13Sc3N16/__initial__/114/xtal_95.cif,-8.51689,-9.312666
xtal_96.cif,./Al13Sc3N16/114/xtal_96.cif,-41.71465,-52.964157
xtal_97.cif,./Al13Sc3N16/114/xtal_97.cif,-25.53915,-22.269184
xtal_98.cif,./Al13Sc3N16/__initial__/114/xtal_98.cif,-10.756368,65.89299
xtal_99.cif,./Al13Sc3N16/__initial__/114/xtal_99.cif,-38.29198,29.24086
xtal_1.cif,./Al13Sc3N16/115/xtal_1.cif,-80.56878,26.38993
xtal_10.cif,./Al13Sc3N16/__initial__/115/xtal_10.cif,-83.29413,-41.858227
xtal_100.cif,./Al13Sc3N16/__initial__/115/xtal_100.cif,-27.886766,43.777145
xtal_11.cif,./Al13Sc3N16/__initial__/115/xtal_11.cif,30.756723,-63.972942
xtal_12.cif,./Al13Sc3N16/__initial__/115/xtal_12.cif,-16.783545,-17.17045
xtal_13.cif,./Al13Sc3N16/__initial__/115/xtal_13.cif,-57.735832,-55.58574
xtal_14.cif,./Al13Sc3N16/115/xtal_14.cif,-64.732124,76.60125
xtal_15.cif,./Al13Sc3N16/__initial__/115/xtal_15.cif,56.833744,-50.360283
xtal_16.cif,./Al13Sc3N16/__initial__/115/xtal_16.cif,64.26291,-77.33334
xtal_17.cif,./Al13Sc3N16/__initial__/115/xtal_17.cif,-52.68118,-13.660104
xtal_18.cif,./Al13Sc3N16/__initial__/115/xtal_18.cif,63.234055,-62.550022
xtal_19.cif,./Al13Sc3N16/115/xtal_19.cif,68.02354,-0.12215097
xtal_2.cif,./Al13Sc3N16/115/xtal_2.cif,-11.563645,22.512403
xtal_20.cif,./Al13Sc3N16/115/xtal_20.cif,45.42727,-62.006104
xtal_21.cif,./Al13Sc3N16/__initial__/115/xtal_21.cif,39.348392,-11.701733
xtal_22.cif,./Al13Sc3N16/__initial__/115/xtal_22.cif,2.9988956,1.57929
xtal_23.cif,./Al13Sc3N16/115/xtal_23.cif,-29.035738,-41.220753
xtal_24.cif,./Al13Sc3N16/115/xtal_24.cif,-22.495079,-35.535305
xtal_25.cif,./Al13Sc3N16/115/xtal_25.cif,52.66789,-5.16661
xtal_26.cif,./Al13Sc3N16/__initial__/115/xtal_26.cif,-67.2109,-33.030983
xtal_27.cif,./Al13Sc3N16/115/xtal_27.cif,-42.896225,-65.00572
xtal_28.cif,./Al13Sc3N16/115/xtal_28.cif,24.870228,56.565
xtal_29.cif,./Al13Sc3N16/115/xtal_29.cif,-53.49278,4.9280515
xtal_3.cif,./Al13Sc3N16/__initial__/115/xtal_3.cif,-47.253925,78.04304
xtal_30.cif,./Al13Sc3N16/__initial__/115/xtal_30.cif,-33.22013,49.06718
xtal_31.cif,./Al13Sc3N16/115/xtal_31.cif,16.119642,-74.95398
xtal_32.cif,./Al13Sc3N16/115/xtal_32.cif,74.678505,0.019299006
xtal_33.cif,./Al13Sc3N16/__initial__/115/xtal_33.cif,-63.661465,28.422958
xtal_34.cif,./Al13Sc3N16/__initial__/115/xtal_34.cif,10.312031,76.8841
xtal_35.cif,./Al13Sc3N16/115/xtal_35.cif,-56.11416,-10.82463
xtal_36.cif,./Al13Sc3N16/115/xtal_36.cif,-20.375399,-52.579224
xtal_37.cif,./Al13Sc3N16/115/xtal_37.cif,-43.647903,-37.247852
xtal_38.cif,./Al13Sc3N16/115/xtal_38.cif,7.0891466,67.8485
xtal_39.cif,./Al13Sc3N16/115/xtal_39.cif,-71.19285,-33.624786
xtal_4.cif,./Al13Sc3N16/115/xtal_4.cif,-42.159836,61.43577
xtal_40.cif,./Al13Sc3N16/115/xtal_40.cif,-31.95054,-20.156254
xtal_41.cif,./Al13Sc3N16/115/xtal_41.cif,15.999493,-30.94186
xtal_42.cif,./Al13Sc3N16/115/xtal_42.cif,-32.60359,-11.144217
xtal_43.cif,./Al13Sc3N16/115/xtal_43.cif,-81.439964,-3.2449813
xtal_44.cif,./Al13Sc3N16/__initial__/115/xtal_44.cif,53.553864,-81.40024
xtal_45.cif,./Al13Sc3N16/__initial__/115/xtal_45.cif,47.650925,-46.736515
xtal_46.cif,./Al13Sc3N16/__initial__/115/xtal_46.cif,-73.17915,-59.274426
xtal_47.cif,./Al13Sc3N16/__initial__/115/xtal_47.cif,-37.428677,76.24123
xtal_48.cif,./Al13Sc3N16/115/xtal_48.cif,-30.44266,3.5456293
xtal_49.cif,./Al13Sc3N16/__initial__/115/xtal_49.cif,53.69563,42.822533
xtal_5.cif,./Al13Sc3N16/__initial__/115/xtal_5.cif,-27.18301,25.013113
xtal_50.cif,./Al13Sc3N16/115/xtal_50.cif,46.672203,7.092467
xtal_51.cif,./Al13Sc3N16/115/xtal_51.cif,-17.00913,4.679167
xtal_52.cif,./Al13Sc3N16/115/xtal_52.cif,-36.0085,18.22359
xtal_53.cif,./Al13Sc3N16/115/xtal_53.cif,-18.230743,-25.035234
xtal_54.cif,./Al13Sc3N16/115/xtal_54.cif,38.785324,-39.09527
xtal_55.cif,./Al13Sc3N16/__initial__/115/xtal_55.cif,-58.345978,46.45615
xtal_56.cif,./Al13Sc3N16/__initial__/115/xtal_56.cif,-65.171906,15.446535
xtal_57.cif,./Al13Sc3N16/115/xtal_57.cif,38.047733,-63.453197
xtal_58.cif,./Al13Sc3N16/__initial__/115/xtal_58.cif,51.10919,-85.034424
xtal_59.cif,./Al13Sc3N16/__initial__/115/xtal_59.cif,60.766983,-7.984118
xtal_6.cif,./Al13Sc3N16/__initial__/115/xtal_6.cif,-37.36587,78.40275
xtal_60.cif,./Al13Sc3N16/115/xtal_60.cif,52.556675,-28.574825
xtal_61.cif,./Al13Sc3N16/__initial__/115/xtal_61.cif,44.397274,-94.819145
xtal_62.cif,./Al13Sc3N16/115/xtal_62.cif,106.230515,-1.0263118
xtal_63.cif,./Al13Sc3N16/__initial__/115/xtal_63.cif,-12.521131,-18.455873
xtal_64.cif,./Al13Sc3N16/115/xtal_64.cif,73.21333,24.380255
xtal_65.cif,./Al13Sc3N16/__initial__/115/xtal_65.cif,40.1426,-79.41637
xtal_66.cif,./Al13Sc3N16/__initial__/115/xtal_66.cif,-35.188923,82.157
xtal_67.cif,./Al13Sc3N16/115/xtal_67.cif,-30.34748,36.412846
xtal_68.cif,./Al13Sc3N16/__initial__/115/xtal_68.cif,-33.768425,2.2903488
xtal_69.cif,./Al13Sc3N16/115/xtal_69.cif,39.649166,-82.45256
xtal_7.cif,./Al13Sc3N16/__initial__/115/xtal_7.cif,-40.774567,39.008167
xtal_70.cif,./Al13Sc3N16/115/xtal_70.cif,-50.63333,72.86018
xtal_71.cif,./Al13Sc3N16/115/xtal_71.cif,-38.224537,-6.5800076
xtal_72.cif,./Al13Sc3N16/115/xtal_72.cif,-57.736633,8.20224
xtal_73.cif,./Al13Sc3N16/115/xtal_73.cif,-57.416428,-8.6803255
xtal_74.cif,./Al13Sc3N16/__initial__/115/xtal_74.cif,-55.23416,-40.460938
xtal_75.cif,./Al13Sc3N16/115/xtal_75.cif,-43.505753,17.914366
xtal_76.cif,./Al13Sc3N16/__initial__/115/xtal_76.cif,-69.10554,-19.139606
xtal_77.cif,./Al13Sc3N16/115/xtal_77.cif,98.269684,-10.869547
xtal_78.cif,./Al13Sc3N16/115/xtal_78.cif,33.919643,61.953964
xtal_79.cif,./Al13Sc3N16/115/xtal_79.cif,6.3197246,36.0173
xtal_8.cif,./Al13Sc3N16/__initial__/115/xtal_8.cif,-17.884478,-49.723953
xtal_80.cif,./Al13Sc3N16/__initial__/115/xtal_80.cif,21.033775,75.404755
xtal_81.cif,./Al13Sc3N16/__initial__/115/xtal_81.cif,-78.992386,29.039585
xtal_82.cif,./Al13Sc3N16/115/xtal_82.cif,38.28362,-85.90455
xtal_83.cif,./Al13Sc3N16/115/xtal_83.cif,4.9108396,-8.601641
xtal_84.cif,./Al13Sc3N16/__initial__/115/xtal_84.cif,-64.1911,88.760155
xtal_85.cif,./Al13Sc3N16/__initial__/115/xtal_85.cif,56.306004,-86.95115
xtal_86.cif,./Al13Sc3N16/__initial__/115/xtal_86.cif,61.67607,2.4132907
xtal_87.cif,./Al13Sc3N16/115/xtal_87.cif,-11.773435,-24.98714
xtal_88.cif,./Al13Sc3N16/115/xtal_88.cif,26.643724,-62.704586
xtal_89.cif,./Al13Sc3N16/115/xtal_89.cif,91.42071,17.02825
xtal_9.cif,./Al13Sc3N16/115/xtal_9.cif,56.829967,-10.577946
xtal_90.cif,./Al13Sc3N16/115/xtal_90.cif,93.05064,-19.060688
xtal_91.cif,./Al13Sc3N16/115/xtal_91.cif,-7.548139,43.078625
xtal_92.cif,./Al13Sc3N16/__initial__/115/xtal_92.cif,-23.079422,48.6653
xtal_93.cif,./Al13Sc3N16/115/xtal_93.cif,-54.00363,-47.10997
xtal_94.cif,./Al13Sc3N16/115/xtal_94.cif,84.62029,13.32132
xtal_95.cif,./Al13Sc3N16/__initial__/115/xtal_95.cif,-45.465385,93.11347
xtal_96.cif,./Al13Sc3N16/115/xtal_96.cif,-38.26349,-22.14393
xtal_97.cif,./Al13Sc3N16/115/xtal_97.cif,-12.227303,66.1033
xtal_98.cif,./Al13Sc3N16/115/xtal_98.cif,90.92313,0.18914227
xtal_99.cif,./Al13Sc3N16/__initial__/115/xtal_99.cif,-44.40487,26.540623
xtal_1.cif,./Al13Sc3N16/__initial__/116/xtal_1.cif,25.517282,85.17165
xtal_10.cif,./Al13Sc3N16/116/xtal_10.cif,27.930355,-6.8986363
xtal_100.cif,./Al13Sc3N16/116/xtal_100.cif,44.50245,23.386848
xtal_11.cif,./Al13Sc3N16/__initial__/116/xtal_11.cif,-41.50746,-69.24889
xtal_12.cif,./Al13Sc3N16/__initial__/116/xtal_12.cif,-50.88874,-23.493393
xtal_13.cif,./Al13Sc3N16/116/xtal_13.cif,-41.529118,-45.316505
xtal_14.cif,./Al13Sc3N16/116/xtal_14.cif,-38.633667,-35.863823
xtal_15.cif,./Al13Sc3N16/116/xtal_15.cif,-52.287056,25.544725
xtal_16.cif,./Al13Sc3N16/116/xtal_16.cif,24.201223,32.227665
xtal_17.cif,./Al13Sc3N16/116/xtal_17.cif,-36.87557,18.952032
xtal_18.cif,./Al13Sc3N16/116/xtal_18.cif,11.722252,-72.26913
xtal_19.cif,./Al13Sc3N16/__initial__/116/xtal_19.cif,39.787712,48.9761
xtal_2.cif,./Al13Sc3N16/116/xtal_2.cif,-31.724773,92.762405
xtal_20.cif,./Al13Sc3N16/116/xtal_20.cif,-46.472675,-33.516
xtal_21.cif,./Al13Sc3N16/116/xtal_21.cif,28.46102,89.84075
xtal_22.cif,./Al13Sc3N16/__initial__/116/xtal_22.cif,33.372322,77.71825
xtal_23.cif,./Al13Sc3N16/116/xtal_23.cif,-17.69809,-18.202063
xtal_24.cif,./Al13Sc3N16/__initial__/116/xtal_24.cif,49.84141,47.15827
xtal_25.cif,./Al13Sc3N16/__initial__/116/xtal_25.cif,1.961173,56.523083
xtal_26.cif,./Al13Sc3N16/116/xtal_26.cif,9.144953,-73.93968
xtal_27.cif,./Al13Sc3N16/__initial__/116/xtal_27.cif,-60.19915,49.234165
xtal_28.cif,./Al13Sc3N16/__initial__/116/xtal_28.cif,12.75178,-52.22902
xtal_29.cif,./Al13Sc3N16/__initial__/116/xtal_29.cif,-22.685911,42.897648
xtal_3.cif,./Al13Sc3N16/__initial__/116/xtal_3.cif,-34.642216,37.01065
xtal_30.cif,./Al13Sc3N16/116/xtal_30.cif,0.96843636,-27.600586
xtal_31.cif,./Al13Sc3N16/__initial__/116/xtal_31.cif,-57.964386,79.885315
xtal_32.cif,./Al13Sc3N16/116/xtal_32.cif,-78.21448,43.41138
xtal_33.cif,./Al13Sc3N16/__initial__/116/xtal_33.cif,51.13759,-68.29549
xtal_34.cif,./Al13Sc3N16/__initial__/116/xtal_34.cif,-3.329839,-47.65156
xtal_35.cif,./Al13Sc3N16/116/xtal_35.cif,-48.96961,-22.86705
xtal_36.cif,./Al13Sc3N16/__initial__/116/xtal_36.cif,-2.3994489,-16.461424
xtal_37.cif,./Al13Sc3N16/116/xtal_37.cif,-24.118433,84.28312
xtal_38.cif,./Al13Sc3N16/__initial__/116/xtal_38.cif,1.328266,-11.372029
xtal_39.cif,./Al13Sc3N16/116/xtal_39.cif,-55.961605,-32.275913
xtal_4.cif,./Al13Sc3N16/116/xtal_4.cif,-49.57208,-9.676396
xtal_40.cif,./Al13Sc3N16/116/xtal_40.cif,-45.899334,14.701883
xtal_41.cif,./Al13Sc3N16/__initial__/116/xtal_41.cif,-58.198406,-39.500706
xtal_42.cif,./Al13Sc3N16/__initial__/116/xtal_42.cif,-43.550056,34.792538
xtal_43.cif,./Al13Sc3N16/116/xtal_43.cif,-41.033707,33.25963
xtal_44.cif,./Al13Sc3N16/__initial__/116/xtal_44.cif,-68.32234,-17.923346
xtal_45.cif,./Al13Sc3N16/__initial__/116/xtal_45.cif,-92.350975,-36.70206
xtal_46.cif,./Al13Sc3N16/116/xtal_46.cif,75.0717,16.366947
xtal_47.cif,./Al13Sc3N16/__initial__/116/xtal_47.cif,44.525867,60.56145
xtal_48.cif,./Al13Sc3N16/__initial__/116/xtal_48.cif,-29.94921,-2.2298675
xtal_49.cif,./Al13Sc3N16/__initial__/116/xtal_49.cif,-65.88755,41.835754
xtal_5.cif,./Al13Sc3N16/116/xtal_5.cif,-69.05723,-8.222494
xtal_50.cif,./Al13Sc3N16/__initial__/116/xtal_50.cif,-98.14209,-10.73956
xtal_51.cif,./Al13Sc3N16/__initial__/116/xtal_51.cif,17.50749,-65.79707
xtal_52.cif,./Al13Sc3N16/__initial__/116/xtal_52.cif,27.300713,58.589737
xtal_53.cif,./Al13Sc3N16/__initial__/116/xtal_53.cif,-29.420654,43.647263
xtal_54.cif,./Al13Sc3N16/__initial__/116/xtal_54.cif,6.3825526,27.246534
xtal_55.cif,./Al13Sc3N16/__initial__/116/xtal_55.cif,-87.57194,-26.624119
xtal_56.cif,./Al13Sc3N16/116/xtal_56.cif,-49.096893,-68.9266
xtal_57.cif,./Al13Sc3N16/116/xtal_57.cif,-77.742775,24.94108
xtal_58.cif,./Al13Sc3N16/__initial__/116/xtal_58.cif,-48.336964,-53.1031
xtal_59.cif,./Al13Sc3N16/116/xtal_59.cif,27.374498,33.218544
xtal_6.cif,./Al13Sc3N16/__initial__/116/xtal_6.cif,-86.347435,-20.094843
xtal_60.cif,./Al13Sc3N16/116/xtal_60.cif,66.02947,-70.53692
xtal_61.cif,./Al13Sc3N16/116/xtal_61.cif,-18.612139,11.058183
xtal_62.cif,./Al13Sc3N16/__initial__/116/xtal_62.cif,19.963202,52.108997
xtal_63.cif,./Al13Sc3N16/116/xtal_63.cif,-49.484,-40.56323
xtal_64.cif,./Al13Sc3N16/116/xtal_64.cif,-26.840452,-51.937225
xtal_65.cif,./Al13Sc3N16/__initial__/116/xtal_65.cif,-69.10852,-9.370274
xtal_66.cif,./Al13Sc3N16/__initial__/116/xtal_66.cif,15.889117,55.76215
xtal_67.cif,./Al13Sc3N16/__initial__/116/xtal_67.cif,24.6696,-77.66976
xtal_68.cif,./Al13Sc3N16/116/xtal_68.cif,38.531647,12.965127
xtal_69.cif,./Al13Sc3N16/__initial__/116/xtal_69.cif,-76.645706,77.34935
xtal_7.cif,./Al13Sc3N16/__initial__/116/xtal_7.cif,86.07699,-1.6241239
xtal_70.cif,./Al13Sc3N16/__initial__/116/xtal_70.cif,29.944231,27.868483
xtal_71.cif,./Al13Sc3N16/__initial__/116/xtal_71.cif,54.559284,30.09054
xtal_72.cif,./Al13Sc3N16/__initial__/116/xtal_72.cif,16.365696,79.070206
xtal_73.cif,./Al13Sc3N16/__initial__/116/xtal_73.cif,31.755629,-2.2807992
xtal_74.cif,./Al13Sc3N16/__initial__/116/xtal_74.cif,49.74715,49.837307
xtal_75.cif,./Al13Sc3N16/__initial__/116/xtal_75.cif,45.837326,-52.27378
xtal_76.cif,./Al13Sc3N16/116/xtal_76.cif,11.974708,-39.364178
xtal_77.cif,./Al13Sc3N16/116/xtal_77.cif,-20.73148,-48.916367
xtal_78.cif,./Al13Sc3N16/116/xtal_78.cif,-30.890108,74.5697
xtal_79.cif,./Al13Sc3N16/__initial__/116/xtal_79.cif,4.3293524,90.3251
xtal_8.cif,./Al13Sc3N16/116/xtal_8.cif,-91.04497,-55.041794
xtal_80.cif,./Al13Sc3N16/__initial__/116/xtal_80.cif,55.12527,-32.640564
xtal_81.cif,./Al13Sc3N16/116/xtal_81.cif,-18.12473,-11.203284
xtal_82.cif,./Al13Sc3N16/116/xtal_82.cif,9.331388,-60.547382
xtal_83.cif,./Al13Sc3N16/116/xtal_83.cif,52.034203,-16.192024
xtal_84.cif,./Al13Sc3N16/__initial__/116/xtal_84.cif,-80.56658,25.402927
xtal_85.cif,./Al13Sc3N16/116/xtal_85.cif,-51.181923,-25.0567
xtal_86.cif,./Al13Sc3N16/116/xtal_86.cif,18.811714,59.96449
xtal_87.cif,./Al13Sc3N16/116/xtal_87.cif,40.329964,22.387688
xtal_88.cif,./Al13Sc3N16/116/xtal_88.cif,-69.70019,26.334194
xtal_89.cif,./Al13Sc3N16/__initial__/116/xtal_89.cif,1.7303689,-29.062176
xtal_9.cif,./Al13Sc3N16/116/xtal_9.cif,89.33441,20.62789
xtal_90.cif,./Al13Sc3N16/116/xtal_90.cif,52.850624,-11.54151
xtal_91.cif,./Al13Sc3N16/116/xtal_91.cif,-47.872135,-61.65171
xtal_92.cif,./Al13Sc3N16/116/xtal_92.cif,-78.71425,2.477438
xtal_93.cif,./Al13Sc3N16/__initial__/116/xtal_93.cif,103.78606,13.155721
xtal_94.cif,./Al13Sc3N16/__initial__/116/xtal_94.cif,-86.670265,33.72439
xtal_95.cif,./Al13Sc3N16/116/xtal_95.cif,-30.947912,83.276825
xtal_96.cif,./Al13Sc3N16/116/xtal_96.cif,89.01473,22.541914
xtal_97.cif,./Al13Sc3N16/116/xtal_97.cif,9.210173,77.1064
xtal_98.cif,./Al13Sc3N16/116/xtal_98.cif,-82.86301,-45.601635
xtal_99.cif,./Al13Sc3N16/__initial__/116/xtal_99.cif,-40.374115,-39.32267
xtal_1.cif,./Al13Sc3N16/__initial__/117/xtal_1.cif,-69.19762,-39.23793
xtal_10.cif,./Al13Sc3N16/__initial__/117/xtal_10.cif,-52.73637,58.85271
xtal_100.cif,./Al13Sc3N16/117/xtal_100.cif,-51.123028,27.958694
xtal_11.cif,./Al13Sc3N16/__initial__/117/xtal_11.cif,8.620548,6.9768333
xtal_12.cif,./Al13Sc3N16/117/xtal_12.cif,-75.95186,19.676537
xtal_13.cif,./Al13Sc3N16/__initial__/117/xtal_13.cif,-30.38343,70.5421
xtal_14.cif,./Al13Sc3N16/__initial__/117/xtal_14.cif,-22.125265,77.59444
xtal_15.cif,./Al13Sc3N16/117/xtal_15.cif,-62.79823,-21.6702
xtal_16.cif,./Al13Sc3N16/__initial__/117/xtal_16.cif,-35.765705,5.996954
xtal_17.cif,./Al13Sc3N16/117/xtal_17.cif,-50.5307,-21.409103
xtal_18.cif,./Al13Sc3N16/117/xtal_18.cif,-19.853437,10.620758
xtal_19.cif,./Al13Sc3N16/117/xtal_19.cif,-6.1529455,26.602705
xtal_2.cif,./Al13Sc3N16/__initial__/117/xtal_2.cif,27.0173,88.68681
xtal_20.cif,./Al13Sc3N16/117/xtal_20.cif,-60.81232,48.834446
xtal_21.cif,./Al13Sc3N16/117/xtal_21.cif,-16.856428,-33.30992
xtal_22.cif,./Al13Sc3N16/__initial__/117/xtal_22.cif,63.634613,52.024082
xtal_23.cif,./Al13Sc3N16/117/xtal_23.cif,-69.750305,86.29957
xtal_24.cif,./Al13Sc3N16/__initial__/117/xtal_24.cif,-16.227982,87.12602
xtal_25.cif,./Al13Sc3N16/117/xtal_25.cif,-9.289807,2.502183
xtal_26.cif,./Al13Sc3N16/__initial__/117/xtal_26.cif,-49.45439,78.16976
xtal_27.cif,./Al13Sc3N16/__initial__/117/xtal_27.cif,-20.272057,-55.535625
xtal_28.cif,./Al13Sc3N16/__initial__/117/xtal_28.cif,60.17751,36.51021
xtal_29.cif,./Al13Sc3N16/117/xtal_29.cif,-31.879837,-59.78417
xtal_3.cif,./Al13Sc3N16/__initial__/117/xtal_3.cif,1.2948848,47.89868
xtal_30.cif,./Al13Sc3N16/__initial__/117/xtal_30.cif,17.758543,86.94405
xtal_31.cif,./Al13Sc3N16/117/xtal_31.cif,-65.43722,19.39556
xtal_32.cif,./Al13Sc3N16/117/xtal_32.cif,-76.51063,-40.336025
xtal_33.cif,./Al13Sc3N16/117/xtal_33.cif,-14.464967,8.076976
xtal_34.cif,./Al13Sc3N16/117/xtal_34.cif,-23.261871,68.84242
xtal_35.cif,./Al13Sc3N16/117/xtal_35.cif,-5.0289803,47.968483
xtal_36.cif,./Al13Sc3N16/117/xtal_36.cif,18.822609,30.360205
xtal_37.cif,./Al13Sc3N16/117/xtal_37.cif,96.5592,-10.992906
xtal_38.cif,./Al13Sc3N16/__initial__/117/xtal_38.cif,-48.32544,-38.56782
xtal_39.cif,./Al13Sc3N16/117/xtal_39.cif,-28.097126,-0.55990934
xtal_4.cif,./Al13Sc3N16/117/xtal_4.cif,91.95388,29.870008
xtal_40.cif,./Al13Sc3N16/__initial__/117/xtal_40.cif,-7.521457,56.551434
xtal_41.cif,./Al13Sc3N16/117/xtal_41.cif,-7.3899665,39.017593
xtal_42.cif,./Al13Sc3N16/117/xtal_42.cif,-30.900173,-11.360811
xtal_43.cif,./Al13Sc3N16/117/xtal_43.cif,-68.687775,45.680344
xtal_44.cif,./Al13Sc3N16/117/xtal_44.cif,-7.7659006,20.568794
xtal_45.cif,./Al13Sc3N16/117/xtal_45.cif,97.90818,-12.625667
xtal_46.cif,./Al13Sc3N16/117/xtal_46.cif,-14.002555,78.0082
xtal_47.cif,./Al13Sc3N16/117/xtal_47.cif,10.862548,90.86928
xtal_48.cif,./Al13Sc3N16/117/xtal_48.cif,74.93927,-3.011046
xtal_49.cif,./Al13Sc3N16/117/xtal_49.cif,-100.77614,-16.523859
xtal_5.cif,./Al13Sc3N16/117/xtal_5.cif,-34.800766,-23.624525
xtal_50.cif,./Al13Sc3N16/117/xtal_50.cif,65.49639,63.05283
xtal_51.cif,./Al13Sc3N16/__initial__/117/xtal_51.cif,-19.248743,27.08156
xtal_52.cif,./Al13Sc3N16/__initial__/117/xtal_52.cif,-33.310963,-31.82807
xtal_53.cif,./Al13Sc3N16/__initial__/117/xtal_53.cif,-88.83341,24.441605
xtal_54.cif,./Al13Sc3N16/__initial__/117/xtal_54.cif,-31.025888,-53.45064
xtal_55.cif,./Al13Sc3N16/__initial__/117/xtal_55.cif,3.8525732,47.520462
xtal_56.cif,./Al13Sc3N16/__initial__/117/xtal_56.cif,-51.483665,16.065783
xtal_57.cif,./Al13Sc3N16/__initial__/117/xtal_57.cif,55.657272,63.358253
xtal_58.cif,./Al13Sc3N16/117/xtal_58.cif,-41.384857,-6.9127727
xtal_59.cif,./Al13Sc3N16/__initial__/117/xtal_59.cif,-58.90817,80.48165
xtal_6.cif,./Al13Sc3N16/__initial__/117/xtal_6.cif,-83.206635,29.634174
xtal_60.cif,./Al13Sc3N16/__initial__/117/xtal_60.cif,-79.00056,43.841286
xtal_61.cif,./Al13Sc3N16/117/xtal_61.cif,-74.219246,49.338696
xtal_62.cif,./Al13Sc3N16/117/xtal_62.cif,1.1983671,-69.60562
xtal_63.cif,./Al13Sc3N16/117/xtal_63.cif,71.497444,30.381979
xtal_64.cif,./Al13Sc3N16/__initial__/117/xtal_64.cif,-81.79307,55.472416
xtal_65.cif,./Al13Sc3N16/__initial__/117/xtal_65.cif,42.185448,46.837673
xtal_66.cif,./Al13Sc3N16/__initial__/117/xtal_66.cif,-52.67922,-36.044636
xtal_67.cif,./Al13Sc3N16/__initial__/117/xtal_67.cif,-62.929455,-10.206762
xtal_68.cif,./Al13Sc3N16/__initial__/117/xtal_68.cif,9.6550255,-3.9901443
xtal_69.cif,./Al13Sc3N16/117/xtal_69.cif,-7.2259464,14.783823
xtal_7.cif,./Al13Sc3N16/117/xtal_7.cif,8.498917,-40.42782
xtal_70.cif,./Al13Sc3N16/__initial__/117/xtal_70.cif,80.88306,20.139063
xtal_71.cif,./Al13Sc3N16/__initial__/117/xtal_71.cif,-49.153984,-40.727024
xtal_72.cif,./Al13Sc3N16/__initial__/117/xtal_72.cif,-27.038513,41.84854
xtal_73.cif,./Al13Sc3N16/__initial__/117/xtal_73.cif,-78.62144,1.0878111
xtal_74.cif,./Al13Sc3N16/117/xtal_74.cif,42.93081,32.5852
xtal_75.cif,./Al13Sc3N16/117/xtal_75.cif,-71.294205,34.11337
xtal_76.cif,./Al13Sc3N16/__initial__/117/xtal_76.cif,-42.56576,37.475212
xtal_77.cif,./Al13Sc3N16/__initial__/117/xtal_77.cif,-71.386086,33.772907
xtal_78.cif,./Al13Sc3N16/117/xtal_78.cif,13.67223,83.535034
xtal_79.cif,./Al13Sc3N16/117/xtal_79.cif,-19.376448,64.59203
xtal_8.cif,./Al13Sc3N16/__initial__/117/xtal_8.cif,-24.251816,46.137955
xtal_80.cif,./Al13Sc3N16/117/xtal_80.cif,-83.90457,-8.417029
xtal_81.cif,./Al13Sc3N16/117/xtal_81.cif,48.004795,48.099934
xtal_82.cif,./Al13Sc3N16/__initial__/117/xtal_82.cif,6.328094,68.93682
xtal_83.cif,./Al13Sc3N16/117/xtal_83.cif,-63.470062,46.441692
xtal_84.cif,./Al13Sc3N16/__initial__/117/xtal_84.cif,83.91068,22.61651
xtal_85.cif,./Al13Sc3N16/__initial__/117/xtal_85.cif,-47.501263,90.085144
xtal_86.cif,./Al13Sc3N16/117/xtal_86.cif,53.296272,59.830826
xtal_87.cif,./Al13Sc3N16/117/xtal_87.cif,-15.703417,65.10533
xtal_88.cif,./Al13Sc3N16/117/xtal_88.cif,23.361599,30.285006
xtal_89.cif,./Al13Sc3N16/117/xtal_89.cif,19.332314,74.940094
xtal_9.cif,./Al13Sc3N16/__initial__/117/xtal_9.cif,-8.420969,46.128006
xtal_90.cif,./Al13Sc3N16/__initial__/117/xtal_90.cif,-0.7375985,0.15028596
xtal_91.cif,./Al13Sc3N16/__initial__/117/xtal_91.cif,-30.659798,90.60369
xtal_92.cif,./Al13Sc3N16/117/xtal_92.cif,-59.76644,65.51378
xtal_93.cif,./Al13Sc3N16/__initial__/117/xtal_93.cif,-46.912666,77.396194
xtal_94.cif,./Al13Sc3N16/__initial__/117/xtal_94.cif,-43.039646,22.665247
xtal_95.cif,./Al13Sc3N16/117/xtal_95.cif,-39.987637,31.828041
xtal_96.cif,./Al13Sc3N16/__initial__/117/xtal_96.cif,74.85716,31.551413
xtal_97.cif,./Al13Sc3N16/117/xtal_97.cif,-82.442154,-60.309883
xtal_98.cif,./Al13Sc3N16/117/xtal_98.cif,-21.953417,39.320618
xtal_99.cif,./Al13Sc3N16/__initial__/117/xtal_99.cif,-5.1193323,48.00741
xtal_1.cif,./Al13Sc3N16/118/xtal_1.cif,-24.770536,-66.07898
xtal_10.cif,./Al13Sc3N16/118/xtal_10.cif,-80.43779,-12.422547
xtal_100.cif,./Al13Sc3N16/__initial__/118/xtal_100.cif,83.27615,6.4595757
xtal_11.cif,./Al13Sc3N16/118/xtal_11.cif,53.836605,-9.818322
xtal_12.cif,./Al13Sc3N16/__initial__/118/xtal_12.cif,9.196015,26.209557
xtal_13.cif,./Al13Sc3N16/118/xtal_13.cif,10.023438,83.843765
xtal_14.cif,./Al13Sc3N16/__initial__/118/xtal_14.cif,-15.675882,41.176376
xtal_15.cif,./Al13Sc3N16/118/xtal_15.cif,-10.5127945,-72.72689
xtal_16.cif,./Al13Sc3N16/118/xtal_16.cif,-12.219501,-6.8245897
xtal_17.cif,./Al13Sc3N16/__initial__/118/xtal_17.cif,102.37053,5.395864
xtal_18.cif,./Al13Sc3N16/__initial__/118/xtal_18.cif,-102.90516,3.928487
xtal_19.cif,./Al13Sc3N16/__initial__/118/xtal_19.cif,-83.323456,3.1781547
xtal_2.cif,./Al13Sc3N16/118/xtal_2.cif,-15.474618,13.576563
xtal_20.cif,./Al13Sc3N16/__initial__/118/xtal_20.cif,57.265617,-90.89557
xtal_21.cif,./Al13Sc3N16/118/xtal_21.cif,10.84584,-7.4672437
xtal_22.cif,./Al13Sc3N16/118/xtal_22.cif,70.20648,-81.55281
xtal_23.cif,./Al13Sc3N16/118/xtal_23.cif,-16.788807,-3.7760243
xtal_24.cif,./Al13Sc3N16/__initial__/118/xtal_24.cif,-48.90048,72.08136
xtal_25.cif,./Al13Sc3N16/__initial__/118/xtal_25.cif,19.809713,35.359646
xtal_26.cif,./Al13Sc3N16/118/xtal_26.cif,-23.239714,40.197487
xtal_27.cif,./Al13Sc3N16/118/xtal_27.cif,-54.57691,-33.03022
xtal_28.cif,./Al13Sc3N16/__initial__/118/xtal_28.cif,28.710669,92.45008
xtal_29.cif,./Al13Sc3N16/118/xtal_29.cif,39.33905,6.6801205
xtal_3.cif,./Al13Sc3N16/118/xtal_3.cif,-56.076168,-45.236015
xtal_30.cif,./Al13Sc3N16/118/xtal_30.cif,29.637363,-45.195015
xtal_31.cif,./Al13Sc3N16/118/xtal_31.cif,72.65655,61.019814
xtal_32.cif,./Al13Sc3N16/__initial__/118/xtal_32.cif,55.230442,-6.2565536
xtal_33.cif,./Al13Sc3N16/__initial__/118/xtal_33.cif,29.70938,66.60915
xtal_34.cif,./Al13Sc3N16/118/xtal_34.cif,90.11013,-7.1537867
xtal_35.cif,./Al13Sc3N16/118/xtal_35.cif,45.20651,39.618298
xtal_36.cif,./Al13Sc3N16/118/xtal_36.cif,-41.29521,89.591446
xtal_37.cif,./Al13Sc3N16/118/xtal_37.cif,15.383111,-75.287796
xtal_38.cif,./Al13Sc3N16/118/xtal_38.cif,-84.38207,-60.576843
xtal_39.cif,./Al13Sc3N16/__initial__/118/xtal_39.cif,67.54871,-69.65565
xtal_4.cif,./Al13Sc3N16/__initial__/118/xtal_4.cif,-57.77085,-13.107301
xtal_40.cif,./Al13Sc3N16/118/xtal_40.cif,-24.888874,36.208023
xtal_41.cif,./Al13Sc3N16/__initial__/118/xtal_41.cif,28.71804,-10.163901
xtal_42.cif,./Al13Sc3N16/118/xtal_42.cif,-72.51562,-10.342076
xtal_43.cif,./Al13Sc3N16/118/xtal_43.cif,-7.072006,62.569817
xtal_44.cif,./Al13Sc3N16/118/xtal_44.cif,60.49695,-83.91636
xtal_45.cif,./Al13Sc3N16/118/xtal_45.cif,45.382824,-32.777935
xtal_46.cif,./Al13Sc3N16/118/xtal_46.cif,34.948948,19.699287
xtal_47.cif,./Al13Sc3N16/__initial__/118/xtal_47.cif,-58.537273,-1.1539794
xtal_48.cif,./Al13Sc3N16/__initial__/118/xtal_48.cif,23.033802,24.818104
xtal_49.cif,./Al13Sc3N16/__initial__/118/xtal_49.cif,63.68067,-72.70781
xtal_5.cif,./Al13Sc3N16/__initial__/118/xtal_5.cif,-46.366615,-71.17851
xtal_50.cif,./Al13Sc3N16/__initial__/118/xtal_50.cif,12.249836,-74.46255
xtal_51.cif,./Al13Sc3N16/118/xtal_51.cif,11.256125,-72.146774
xtal_52.cif,./Al13Sc3N16/__initial__/118/xtal_52.cif,-89.1681,-18.432428
xtal_53.cif,./Al13Sc3N16/118/xtal_53.cif,13.323928,30.323942
xtal_54.cif,./Al13Sc3N16/__initial__/118/xtal_54.cif,-54.7607,-15.766457
xtal_55.cif,./Al13Sc3N16/118/xtal_55.cif,-78.89809,-67.36847
xtal_56.cif,./Al13Sc3N16/__initial__/118/xtal_56.cif,12.86726,-50.55466
xtal_57.cif,./Al13Sc3N16/__initial__/118/xtal_57.cif,-38.910923,-33.94259
xtal_58.cif,./Al13Sc3N16/__initial__/118/xtal_58.cif,-35.218918,31.636478
xtal_59.cif,./Al13Sc3N16/__initial__/118/xtal_59.cif,-0.7929067,88.97117
xtal_6.cif,./Al13Sc3N16/118/xtal_6.cif,-28.922092,86.71306
xtal_60.cif,./Al13Sc3N16/__initial__/118/xtal_60.cif,29.361149,53.506916
xtal_61.cif,./Al13Sc3N16/__initial__/118/xtal_61.cif,25.144562,-59.515076
xtal_62.cif,./Al13Sc3N16/118/xtal_62.cif,-26.164333,0.77077377
xtal_63.cif,./Al13Sc3N16/118/xtal_63.cif,-21.021566,43.46837
xtal_64.cif,./Al13Sc3N16/118/xtal_64.cif,-9.601476,89.57675
xtal_65.cif,./Al13Sc3N16/__initial__/118/xtal_65.cif,-28.034008,38.298927
xtal_66.cif,./Al13Sc3N16/118/xtal_66.cif,50.37575,-68.80406
xtal_67.cif,./Al13Sc3N16/__initial__/118/xtal_67.cif,10.240638,74.091385
xtal_68.cif,./Al13Sc3N16/__initial__/118/xtal_68.cif,-46.179234,52.200745
xtal_69.cif,./Al13Sc3N16/118/xtal_69.cif,-7.5832605,76.755394
xtal_7.cif,./Al13Sc3N16/118/xtal_7.cif,-38.35733,-9.177936
xtal_70.cif,./Al13Sc3N16/118/xtal_70.cif,15.426524,70.68114
xtal_71.cif,./Al13Sc3N16/__initial__/118/xtal_71.cif,36.128353,38.491352
xtal_72.cif,./Al13Sc3N16/118/xtal_72.cif,-18.079357,-18.97551
xtal_73.cif,./Al13Sc3N16/__initial__/118/xtal_73.cif,-56.031,36.964443
xtal_74.cif,./Al13Sc3N16/118/xtal_74.cif,52.942974,-32.259895
xtal_75.cif,./Al13Sc3N16/__initial__/118/xtal_75.cif,-42.26526,-44.377647
xtal_76.cif,./Al13Sc3N16/__initial__/118/xtal_76.cif,-77.99728,-19.315092
xtal_77.cif,./Al13Sc3N16/__initial__/118/xtal_77.cif,4.5587955,-48.990635
xtal_78.cif,./Al13Sc3N16/118/xtal_78.cif,11.679021,-86.70536
xtal_79.cif,./Al13Sc3N16/118/xtal_79.cif,26.292389,-68.5298
xtal_8.cif,./Al13Sc3N16/__initial__/118/xtal_8.cif,55.084,-39.181927
xtal_80.cif,./Al13Sc3N16/118/xtal_80.cif,39.67221,-38.372475
xtal_81.cif,./Al13Sc3N16/__initial__/118/xtal_81.cif,24.53783,-60.3404
xtal_82.cif,./Al13Sc3N16/__initial__/118/xtal_82.cif,-0.49211723,75.36474
xtal_83.cif,./Al13Sc3N16/__initial__/118/xtal_83.cif,-42.35645,-5.426375
xtal_84.cif,./Al13Sc3N16/118/xtal_84.cif,-30.919504,-21.800293
xtal_85.cif,./Al13Sc3N16/__initial__/118/xtal_85.cif,-75.89963,13.829144
xtal_86.cif,./Al13Sc3N16/__initial__/118/xtal_86.cif,35.8717,-54.956573
xtal_87.cif,./Al13Sc3N16/__initial__/118/xtal_87.cif,-14.587488,5.307576
xtal_88.cif,./Al13Sc3N16/118/xtal_88.cif,4.7064185,-48.889378
xtal_89.cif,./Al13Sc3N16/__initial__/118/xtal_89.cif,-36.77224,89.95835
xtal_9.cif,./Al13Sc3N16/__initial__/118/xtal_9.cif,10.7214,-2.2756197
xtal_90.cif,./Al13Sc3N16/118/xtal_90.cif,-38.677853,29.475906
xtal_91.cif,./Al13Sc3N16/118/xtal_91.cif,16.002184,72.42606
xtal_92.cif,./Al13Sc3N16/__initial__/118/xtal_92.cif,10.603967,90.6989
xtal_93.cif,./Al13Sc3N16/118/xtal_93.cif,-65.50539,-41.969067
xtal_94.cif,./Al13Sc3N16/118/xtal_94.cif,-14.864144,-11.48531
xtal_95.cif,./Al13Sc3N16/__initial__/118/xtal_95.cif,-71.9889,83.74302
xtal_96.cif,./Al13Sc3N16/118/xtal_96.cif,-52.81817,-25.492603
xtal_97.cif,./Al13Sc3N16/118/xtal_97.cif,35.66925,14.653308
xtal_98.cif,./Al13Sc3N16/118/xtal_98.cif,41.397434,9.394195
xtal_99.cif,./Al13Sc3N16/118/xtal_99.cif,-21.281864,22.196445
xtal_1.cif,./Al13Sc3N16/119/xtal_1.cif,-25.441963,86.95655
xtal_10.cif,./Al13Sc3N16/__initial__/119/xtal_10.cif,-83.5431,-9.766543
xtal_100.cif,./Al13Sc3N16/__initial__/119/xtal_100.cif,-47.65274,-61.633595
xtal_11.cif,./Al13Sc3N16/119/xtal_11.cif,-48.181812,-10.53372
xtal_12.cif,./Al13Sc3N16/__initial__/119/xtal_12.cif,96.85652,3.1817708
xtal_13.cif,./Al13Sc3N16/__initial__/119/xtal_13.cif,-3.6678195,95.37876
xtal_14.cif,./Al13Sc3N16/119/xtal_14.cif,-37.801983,8.668026
xtal_15.cif,./Al13Sc3N16/__initial__/119/xtal_15.cif,-75.39016,71.81713
xtal_16.cif,./Al13Sc3N16/__initial__/119/xtal_16.cif,-59.38894,1.8292394
xtal_17.cif,./Al13Sc3N16/__initial__/119/xtal_17.cif,53.967033,-49.536564
xtal_18.cif,./Al13Sc3N16/119/xtal_18.cif,67.39111,-76.124016
xtal_19.cif,./Al13Sc3N16/__initial__/119/xtal_19.cif,-59.578968,81.82452
xtal_2.cif,./Al13Sc3N16/__initial__/119/xtal_2.cif,-81.27695,-37.201218
xtal_20.cif,./Al13Sc3N16/119/xtal_20.cif,32.847897,-66.64132
xtal_21.cif,./Al13Sc3N16/__initial__/119/xtal_21.cif,45.40419,-41.36282
xtal_22.cif,./Al13Sc3N16/119/xtal_22.cif,-39.531612,-31.286385
xtal_23.cif,./Al13Sc3N16/__initial__/119/xtal_23.cif,-19.3859,60.20772
xtal_24.cif,./Al13Sc3N16/__initial__/119/xtal_24.cif,-1.0710182,44.13303
xtal_25.cif,./Al13Sc3N16/__initial__/119/xtal_25.cif,78.21735,54.797176
xtal_26.cif,./Al13Sc3N16/__initial__/119/xtal_26.cif,-36.319168,-38.45986
xtal_27.cif,./Al13Sc3N16/__initial__/119/xtal_27.cif,-60.97699,46.168774
xtal_28.cif,./Al13Sc3N16/119/xtal_28.cif,-71.47937,-8.304545
xtal_29.cif,./Al13Sc3N16/__initial__/119/xtal_29.cif,94.757256,27.992825
xtal_3.cif,./Al13Sc3N16/119/xtal_3.cif,67.41448,-79.66673
xtal_30.cif,./Al13Sc3N16/119/xtal_30.cif,-2.3225641,70.093994
xtal_31.cif,./Al13Sc3N16/__initial__/119/xtal_31.cif,44.51555,-62.910778
xtal_32.cif,./Al13Sc3N16/119/xtal_32.cif,28.210352,-61.566612
xtal_33.cif,./Al13Sc3N16/__initial__/119/xtal_33.cif,-16.63566,-50.214516
xtal_34.cif,./Al13Sc3N16/119/xtal_34.cif,-40.773247,-17.7992
xtal_35.cif,./Al13Sc3N16/119/xtal_35.cif,-51.419666,61.237022
xtal_36.cif,./Al13Sc3N16/__initial__/119/xtal_36.cif,-6.7146277,-22.778284
xtal_37.cif,./Al13Sc3N16/__initial__/119/xtal_37.cif,-63.1738,-50.676834
xtal_38.cif,./Al13Sc3N16/119/xtal_38.cif,-49.855614,-50.812057
xtal_39.cif,./Al13Sc3N16/119/xtal_39.cif,23.91906,76.00778
xtal_4.cif,./Al13Sc3N16/119/xtal_4.cif,56.516254,-53.193127
xtal_40.cif,./Al13Sc3N16/__initial__/119/xtal_40.cif,9.315594,41.97793
xtal_41.cif,./Al13Sc3N16/__initial__/119/xtal_41.cif,44.944134,-35.943237
xtal_42.cif,./Al13Sc3N16/__initial__/119/xtal_42.cif,46.7843,-34.33349
xtal_43.cif,./Al13Sc3N16/119/xtal_43.cif,63.065914,-76.53273
xtal_44.cif,./Al13Sc3N16/__initial__/119/xtal_44.cif,-67.87633,50.87864
xtal_45.cif,./Al13Sc3N16/__initial__/119/xtal_45.cif,-4.0523367,12.058731
xtal_46.cif,./Al13Sc3N16/__initial__/119/xtal_46.cif,-31.367434,60.317337
xtal_47.cif,./Al13Sc3N16/119/xtal_47.cif,18.973501,-64.673874
xtal_48.cif,./Al13Sc3N16/__initial__/119/xtal_48.cif,-56.205406,50.339733
xtal_49.cif,./Al13Sc3N16/119/xtal_49.cif,-52.777653,5.6506214
xtal_5.cif,./Al13Sc3N16/__initial__/119/xtal_5.cif,-54.5657,-62.328407
xtal_50.cif,./Al13Sc3N16/119/xtal_50.cif,55.90861,71.835915
xtal_51.cif,./Al13Sc3N16/119/xtal_51.cif,38.602215,-85.56705
xtal_52.cif,./Al13Sc3N16/__initial__/119/xtal_52.cif,19.03687,85.13907
xtal_53.cif,./Al13Sc3N16/__initial__/119/xtal_53.cif,-35.564907,52.506565
xtal_54.cif,./Al13Sc3N16/119/xtal_54.cif,24.442913,-66.44108
xtal_55.cif,./Al13Sc3N16/__initial__/119/xtal_55.cif,62.735405,-84.17912
xtal_56.cif,./Al13Sc3N16/119/xtal_56.cif,-47.167576,90.14783
xtal_57.cif,./Al13Sc3N16/__initial__/119/xtal_57.cif,72.02428,14.31305
xtal_58.cif,./Al13Sc3N16/__initial__/119/xtal_58.cif,-19.515902,69.17121
xtal_59.cif,./Al13Sc3N16/119/xtal_59.cif,49.946243,-51.177166
xtal_6.cif,./Al13Sc3N16/__initial__/119/xtal_6.cif,-15.088924,21.250385
xtal_60.cif,./Al13Sc3N16/__initial__/119/xtal_60.cif,-48.76043,30.624918
xtal_61.cif,./Al13Sc3N16/119/xtal_61.cif,9.592735,81.28537
xtal_62.cif,./Al13Sc3N16/__initial__/119/xtal_62.cif,29.908228,95.51791
xtal_63.cif,./Al13Sc3N16/__initial__/119/xtal_63.cif,100.192726,7.0041246
xtal_64.cif,./Al13Sc3N16/119/xtal_64.cif,40.921715,-86.23365
xtal_65.cif,./Al13Sc3N16/119/xtal_65.cif,47.064236,-83.92723
xtal_66.cif,./Al13Sc3N16/119/xtal_66.cif,-31.413662,23.920444
xtal_67.cif,./Al13Sc3N16/__initial__/119/xtal_67.cif,49.59359,-54.082752
xtal_68.cif,./Al13Sc3N16/119/xtal_68.cif,55.073147,-6.734681
xtal_69.cif,./Al13Sc3N16/119/xtal_69.cif,51.32193,-73.12621
xtal_7.cif,./Al13Sc3N16/119/xtal_7.cif,-37.676323,91.48069
xtal_70.cif,./Al13Sc3N16/119/xtal_70.cif,-1.8368291,-49.833965
xtal_71.cif,./Al13Sc3N16/119/xtal_71.cif,58.784542,-91.874756
xtal_72.cif,./Al13Sc3N16/__initial__/119/xtal_72.cif,-20.739983,48.458557
xtal_73.cif,./Al13Sc3N16/__initial__/119/xtal_73.cif,-32.33933,37.182915
xtal_74.cif,./Al13Sc3N16/119/xtal_74.cif,1.4082247,-61.442223
xtal_75.cif,./Al13Sc3N16/119/xtal_75.cif,-79.141945,-42.393337
xtal_76.cif,./Al13Sc3N16/__initial__/119/xtal_76.cif,41.16217,-95.42254
xtal_77.cif,./Al13Sc3N16/119/xtal_77.cif,57.28364,-69.657616
xtal_78.cif,./Al13Sc3N16/__initial__/119/xtal_78.cif,43.39224,40.557823
xtal_79.cif,./Al13Sc3N16/119/xtal_79.cif,-27.42046,-55.769444
xtal_8.cif,./Al13Sc3N16/__initial__/119/xtal_8.cif,55.048264,-76.38539
xtal_80.cif,./Al13Sc3N16/__initial__/119/xtal_80.cif,68.05425,71.61973
xtal_81.cif,./Al13Sc3N16/119/xtal_81.cif,-9.57084,-37.70652
xtal_82.cif,./Al13Sc3N16/119/xtal_82.cif,92.48388,-18.911772
xtal_83.cif,./Al13Sc3N16/119/xtal_83.cif,-65.274025,-60.83727
xtal_84.cif,./Al13Sc3N16/119/xtal_84.cif,49.361225,-85.726135
xtal_85.cif,./Al13Sc3N16/119/xtal_85.cif,80.41854,31.36978
xtal_86.cif,./Al13Sc3N16/__initial__/119/xtal_86.cif,-2.3708591,25.985226
xtal_87.cif,./Al13Sc3N16/119/xtal_87.cif,-42.29773,-19.27196
xtal_88.cif,./Al13Sc3N16/119/xtal_88.cif,49.666126,-52.253914
xtal_89.cif,./Al13Sc3N16/__initial__/119/xtal_89.cif,47.520535,-71.64307
xtal_9.cif,./Al13Sc3N16/119/xtal_9.cif,8.395874,74.322586
xtal_90.cif,./Al13Sc3N16/__initial__/119/xtal_90.cif,-62.81533,92.72366
xtal_91.cif,./Al13Sc3N16/__initial__/119/xtal_91.cif,37.862984,-92.849846
xtal_92.cif,./Al13Sc3N16/119/xtal_92.cif,-20.452576,-74.211555
xtal_93.cif,./Al13Sc3N16/__initial__/119/xtal_93.cif,35.134304,65.42153
xtal_94.cif,./Al13Sc3N16/119/xtal_94.cif,96.36719,22.10682
xtal_95.cif,./Al13Sc3N16/119/xtal_95.cif,56.476658,-81.74988
xtal_96.cif,./Al13Sc3N16/119/xtal_96.cif,-16.894045,21.604977
xtal_97.cif,./Al13Sc3N16/119/xtal_97.cif,103.87847,13.051206
xtal_98.cif,./Al13Sc3N16/119/xtal_98.cif,86.32706,-0.8506746
xtal_99.cif,./Al13Sc3N16/__initial__/119/xtal_99.cif,61.25904,-92.2761
xtal_1.cif,./Al13Sc3N16/__initial__/121/xtal_1.cif,-82.80352,49.876564
xtal_10.cif,./Al13Sc3N16/__initial__/121/xtal_10.cif,-83.651215,23.349375
xtal_100.cif,./Al13Sc3N16/121/xtal_100.cif,-70.403885,54.46054
xtal_11.cif,./Al13Sc3N16/121/xtal_11.cif,-1.7167099,-50.62517
xtal_12.cif,./Al13Sc3N16/__initial__/121/xtal_12.cif,-76.01532,-14.066135
xtal_13.cif,./Al13Sc3N16/121/xtal_13.cif,-37.43371,34.33171
xtal_14.cif,./Al13Sc3N16/__initial__/121/xtal_14.cif,-13.004815,79.29827
xtal_15.cif,./Al13Sc3N16/121/xtal_15.cif,-47.215683,78.81994
xtal_16.cif,./Al13Sc3N16/121/xtal_16.cif,-48.4349,5.687635
xtal_17.cif,./Al13Sc3N16/__initial__/121/xtal_17.cif,-16.374714,3.1967592
xtal_18.cif,./Al13Sc3N16/__initial__/121/xtal_18.cif,-44.064804,72.459335
xtal_19.cif,./Al13Sc3N16/__initial__/121/xtal_19.cif,-26.79047,-35.52841
xtal_2.cif,./Al13Sc3N16/__initial__/121/xtal_2.cif,-24.056051,52.454033
xtal_20.cif,./Al13Sc3N16/121/xtal_20.cif,-61.399982,89.15129
xtal_21.cif,./Al13Sc3N16/121/xtal_21.cif,-83.049675,38.040615
xtal_22.cif,./Al13Sc3N16/__initial__/121/xtal_22.cif,-70.68262,-36.475803
xtal_23.cif,./Al13Sc3N16/121/xtal_23.cif,13.883038,-75.169586
xtal_24.cif,./Al13Sc3N16/121/xtal_24.cif,-19.38489,57.623337
xtal_25.cif,./Al13Sc3N16/__initial__/121/xtal_25.cif,-94.99257,-19.863005
xtal_26.cif,./Al13Sc3N16/121/xtal_26.cif,-34.19893,60.28527
xtal_27.cif,./Al13Sc3N16/121/xtal_27.cif,8.556684,14.040248
xtal_28.cif,./Al13Sc3N16/121/xtal_28.cif,-4.5220056,7.6750937
xtal_29.cif,./Al13Sc3N16/__initial__/121/xtal_29.cif,-72.44845,51.560497
xtal_3.cif,./Al13Sc3N16/__initial__/121/xtal_3.cif,-62.059765,-20.224327
xtal_30.cif,./Al13Sc3N16/121/xtal_30.cif,-45.043877,20.755772
xtal_31.cif,./Al13Sc3N16/__initial__/121/xtal_31.cif,-1.1825483,58.010628
xtal_32.cif,./Al13Sc3N16/__initial__/121/xtal_32.cif,-6.400442,30.005102
xtal_33.cif,./Al13Sc3N16/121/xtal_33.cif,-25.945633,-16.606903
xtal_34.cif,./Al13Sc3N16/__initial__/121/xtal_34.cif,-56.215134,-56.121918
xtal_35.cif,./Al13Sc3N16/__initial__/121/xtal_35.cif,-57.948925,-20.628277
xtal_36.cif,./Al13Sc3N16/121/xtal_36.cif,-59.83777,56.269165
xtal_37.cif,./Al13Sc3N16/__initial__/121/xtal_37.cif,-57.92163,89.14635
xtal_38.cif,./Al13Sc3N16/121/xtal_38.cif,-42.61917,6.8447375
xtal_39.cif,./Al13Sc3N16/__initial__/121/xtal_39.cif,-6.773937,-21.193966
xtal_4.cif,./Al13Sc3N16/__initial__/121/xtal_4.cif,-86.2788,8.043218
xtal_40.cif,./Al13Sc3N16/121/xtal_40.cif,-50.769363,-14.205155
xtal_41.cif,./Al13Sc3N16/121/xtal_41.cif,35.61042,-72.01209
xtal_42.cif,./Al13Sc3N16/__initial__/121/xtal_42.cif,41.37295,-47.92259
xtal_43.cif,./Al13Sc3N16/__initial__/121/xtal_43.cif,-34.06546,6.32045
xtal_44.cif,./Al13Sc3N16/__initial__/121/xtal_44.cif,-39.494755,65.01606
xtal_45.cif,./Al13Sc3N16/__initial__/121/xtal_45.cif,-53.83781,2.3270175
xtal_46.cif,./Al13Sc3N16/__initial__/121/xtal_46.cif,41.23452,-52.65557
xtal_47.cif,./Al13Sc3N16/__initial__/121/xtal_47.cif,-60.04678,86.45578
xtal_48.cif,./Al13Sc3N16/121/xtal_48.cif,-9.277611,4.7717547
xtal_49.cif,./Al13Sc3N16/121/xtal_49.cif,9.242719,4.454543
xtal_5.cif,./Al13Sc3N16/121/xtal_5.cif,22.93868,28.748146
xtal_50.cif,./Al13Sc3N16/__initial__/121/xtal_50.cif,-60.734226,5.383161
xtal_51.cif,./Al13Sc3N16/__initial__/121/xtal_51.cif,-53.50526,9.144103
xtal_52.cif,./Al13Sc3N16/__initial__/121/xtal_52.cif,-24.803207,54.427483
xtal_53.cif,./Al13Sc3N16/121/xtal_53.cif,-51.47465,-61.912403
xtal_54.cif,./Al13Sc3N16/121/xtal_54.cif,-58.1789,66.63657
xtal_55.cif,./Al13Sc3N16/121/xtal_55.cif,-95.56352,-7.4215055
xtal_56.cif,./Al13Sc3N16/__initial__/121/xtal_56.cif,32.291256,-44.238846
xtal_57.cif,./Al13Sc3N16/121/xtal_57.cif,28.542862,83.69097
xtal_58.cif,./Al13Sc3N16/121/xtal_58.cif,-39.927227,-6.8909416
xtal_59.cif,./Al13Sc3N16/121/xtal_59.cif,61.34143,-7.8457966
xtal_6.cif,./Al13Sc3N16/__initial__/121/xtal_6.cif,77.76839,61.03095
xtal_60.cif,./Al13Sc3N16/__initial__/121/xtal_60.cif,-41.282944,11.236287
xtal_61.cif,./Al13Sc3N16/121/xtal_61.cif,-68.46087,45.71264
xtal_62.cif,./Al13Sc3N16/121/xtal_62.cif,-37.90534,84.06731
xtal_63.cif,./Al13Sc3N16/121/xtal_63.cif,-52.071945,-8.005732
xtal_64.cif,./Al13Sc3N16/121/xtal_64.cif,7.3715506,-14.429987
xtal_65.cif,./Al13Sc3N16/__initial__/121/xtal_65.cif,-17.26841,69.22762
xtal_66.cif,./Al13Sc3N16/__initial__/121/xtal_66.cif,98.25304,-3.7209237
xtal_67.cif,./Al13Sc3N16/__initial__/121/xtal_67.cif,-88.60897,-18.107937
xtal_68.cif,./Al13Sc3N16/__initial__/121/xtal_68.cif,-68.82646,11.001619
xtal_69.cif,./Al13Sc3N16/__initial__/121/xtal_69.cif,-23.551327,-27.655674
xtal_7.cif,./Al13Sc3N16/121/xtal_7.cif,-38.10058,13.139807
xtal_70.cif,./Al13Sc3N16/121/xtal_70.cif,-14.315378,20.287062
xtal_71.cif,./Al13Sc3N16/121/xtal_71.cif,-25.60044,45.867977
xtal_72.cif,./Al13Sc3N16/__initial__/121/xtal_72.cif,23.370626,21.97635
xtal_73.cif,./Al13Sc3N16/__initial__/121/xtal_73.cif,-85.94967,-21.286203
xtal_74.cif,./Al13Sc3N16/121/xtal_74.cif,103.87874,13.0371685
xtal_75.cif,./Al13Sc3N16/121/xtal_75.cif,10.189645,76.60676
xtal_76.cif,./Al13Sc3N16/__initial__/121/xtal_76.cif,36.29004,56.521523
xtal_77.cif,./Al13Sc3N16/121/xtal_77.cif,15.898714,45.160866
xtal_78.cif,./Al13Sc3N16/121/xtal_78.cif,-30.743086,55.32324
xtal_79.cif,./Al13Sc3N16/__initial__/121/xtal_79.cif,-78.03432,63.549435
xtal_8.cif,./Al13Sc3N16/__initial__/121/xtal_8.cif,76.45427,28.366253
xtal_80.cif,./Al13Sc3N16/__initial__/121/xtal_80.cif,-3.8985403,60.798946
xtal_81.cif,./Al13Sc3N16/__initial__/121/xtal_81.cif,-29.20041,60.440228
xtal_82.cif,./Al13Sc3N16/121/xtal_82.cif,-18.568275,-31.073257
xtal_83.cif,./Al13Sc3N16/121/xtal_83.cif,-70.90012,-7.110244
xtal_84.cif,./Al13Sc3N16/121/xtal_84.cif,-53.99307,43.44408
xtal_85.cif,./Al13Sc3N16/121/xtal_85.cif,51.794434,70.41098
xtal_86.cif,./Al13Sc3N16/121/xtal_86.cif,-38.623768,27.152006
xtal_87.cif,./Al13Sc3N16/121/xtal_87.cif,-45.80235,-24.24934
xtal_88.cif,./Al13Sc3N16/__initial__/121/xtal_88.cif,-54.38542,53.883144
xtal_89.cif,./Al13Sc3N16/__initial__/121/xtal_89.cif,-25.784477,85.848045
xtal_9.cif,./Al13Sc3N16/__initial__/121/xtal_9.cif,-29.287462,70.162994
xtal_90.cif,./Al13Sc3N16/__initial__/121/xtal_90.cif,-79.02625,77.34274
xtal_91.cif,./Al13Sc3N16/__initial__/121/xtal_91.cif,-77.434074,76.290504
xtal_92.cif,./Al13Sc3N16/121/xtal_92.cif,-62.42616,54.35339
xtal_93.cif,./Al13Sc3N16/121/xtal_93.cif,-70.592,34.164463
xtal_94.cif,./Al13Sc3N16/__initial__/121/xtal_94.cif,11.485241,18.315697
xtal_95.cif,./Al13Sc3N16/121/xtal_95.cif,-79.22728,14.140979
xtal_96.cif,./Al13Sc3N16/__initial__/121/xtal_96.cif,104.441444,-5.3446383
xtal_97.cif,./Al13Sc3N16/121/xtal_97.cif,-74.6995,30.881897
xtal_98.cif,./Al13Sc3N16/121/xtal_98.cif,-60.981945,33.91772
xtal_99.cif,./Al13Sc3N16/121/xtal_99.cif,20.419708,44.98827
xtal_1.cif,./Al13Sc3N16/123/xtal_1.cif,16.572329,91.28103
xtal_10.cif,./Al13Sc3N16/123/xtal_10.cif,-2.861395,22.501972
xtal_100.cif,./Al13Sc3N16/123/xtal_100.cif,-87.33004,-59.180355
xtal_11.cif,./Al13Sc3N16/__initial__/123/xtal_11.cif,-62.076244,33.321304
xtal_12.cif,./Al13Sc3N16/123/xtal_12.cif,-57.58573,25.247835
xtal_13.cif,./Al13Sc3N16/__initial__/123/xtal_13.cif,-60.202457,9.6607895
xtal_14.cif,./Al13Sc3N16/__initial__/123/xtal_14.cif,-29.472767,85.496666
xtal_15.cif,./Al13Sc3N16/123/xtal_15.cif,-27.533657,-24.298979
xtal_16.cif,./Al13Sc3N16/__initial__/123/xtal_16.cif,-29.463142,-47.8201
xtal_17.cif,./Al13Sc3N16/123/xtal_17.cif,-88.18727,19.866255
xtal_18.cif,./Al13Sc3N16/__initial__/123/xtal_18.cif,-65.57475,53.871662
xtal_19.cif,./Al13Sc3N16/__initial__/123/xtal_19.cif,-78.93056,55.900814
xtal_2.cif,./Al13Sc3N16/__initial__/123/xtal_2.cif,-71.66437,57.04643
xtal_20.cif,./Al13Sc3N16/123/xtal_20.cif,-1.7304039,80.26637
xtal_21.cif,./Al13Sc3N16/123/xtal_21.cif,26.821054,32.123657
xtal_22.cif,./Al13Sc3N16/123/xtal_22.cif,-44.085262,32.308125
xtal_23.cif,./Al13Sc3N16/123/xtal_23.cif,-26.876797,73.23756
xtal_24.cif,./Al13Sc3N16/__initial__/123/xtal_24.cif,-11.820784,32.69554
xtal_25.cif,./Al13Sc3N16/123/xtal_25.cif,-73.15204,36.265133
xtal_26.cif,./Al13Sc3N16/123/xtal_26.cif,-71.06593,-71.69368
xtal_27.cif,./Al13Sc3N16/__initial__/123/xtal_27.cif,34.51713,38.692463
xtal_28.cif,./Al13Sc3N16/123/xtal_28.cif,-78.61953,56.07408
xtal_29.cif,./Al13Sc3N16/__initial__/123/xtal_29.cif,-28.5357,-13.417856
xtal_3.cif,./Al13Sc3N16/__initial__/123/xtal_3.cif,-39.838657,2.3172204
xtal_30.cif,./Al13Sc3N16/__initial__/123/xtal_30.cif,-77.44168,65.967705
xtal_31.cif,./Al13Sc3N16/123/xtal_31.cif,-59.514835,51.600365
xtal_32.cif,./Al13Sc3N16/__initial__/123/xtal_32.cif,-57.845085,8.696859
xtal_33.cif,./Al13Sc3N16/__initial__/123/xtal_33.cif,-80.195694,-12.207973
xtal_34.cif,./Al13Sc3N16/__initial__/123/xtal_34.cif,-69.1447,-39.137115
xtal_35.cif,./Al13Sc3N16/__initial__/123/xtal_35.cif,-33.26117,71.61506
xtal_36.cif,./Al13Sc3N16/123/xtal_36.cif,21.092009,73.36025
xtal_37.cif,./Al13Sc3N16/__initial__/123/xtal_37.cif,34.05089,32.24729
xtal_38.cif,./Al13Sc3N16/123/xtal_38.cif,-27.612663,1.8650073
xtal_39.cif,./Al13Sc3N16/__initial__/123/xtal_39.cif,-32.831505,-34.42487
xtal_4.cif,./Al13Sc3N16/__initial__/123/xtal_4.cif,-16.75364,53.525993
xtal_40.cif,./Al13Sc3N16/123/xtal_40.cif,-50.734066,28.558043
xtal_41.cif,./Al13Sc3N16/123/xtal_41.cif,-79.76993,69.211655
xtal_42.cif,./Al13Sc3N16/123/xtal_42.cif,23.50085,51.189747
xtal_43.cif,./Al13Sc3N16/123/xtal_43.cif,-42.674694,11.117253
xtal_44.cif,./Al13Sc3N16/123/xtal_44.cif,-76.69368,64.139404
xtal_45.cif,./Al13Sc3N16/123/xtal_45.cif,-57.387768,25.154718
xtal_46.cif,./Al13Sc3N16/123/xtal_46.cif,34.7847,70.02523
xtal_47.cif,./Al13Sc3N16/123/xtal_47.cif,-28.312908,-80.31324
xtal_48.cif,./Al13Sc3N16/__initial__/123/xtal_48.cif,-85.847855,42.336727
xtal_49.cif,./Al13Sc3N16/123/xtal_49.cif,36.717464,41.10464
xtal_5.cif,./Al13Sc3N16/123/xtal_5.cif,-78.70755,32.88597
xtal_50.cif,./Al13Sc3N16/123/xtal_50.cif,-24.846024,-33.295235
xtal_51.cif,./Al13Sc3N16/123/xtal_51.cif,36.90779,32.899063
xtal_52.cif,./Al13Sc3N16/__initial__/123/xtal_52.cif,46.191525,70.29085
xtal_53.cif,./Al13Sc3N16/__initial__/123/xtal_53.cif,-87.717926,9.196416
xtal_54.cif,./Al13Sc3N16/__initial__/123/xtal_54.cif,-50.06578,26.934229
xtal_55.cif,./Al13Sc3N16/__initial__/123/xtal_55.cif,-43.315662,-18.247284
xtal_56.cif,./Al13Sc3N16/__initial__/123/xtal_56.cif,-73.38596,75.861755
xtal_57.cif,./Al13Sc3N16/123/xtal_57.cif,-1.0204184,64.206314
xtal_58.cif,./Al13Sc3N16/__initial__/123/xtal_58.cif,-36.27641,19.79267
xtal_59.cif,./Al13Sc3N16/123/xtal_59.cif,-20.132915,-12.124618
xtal_6.cif,./Al13Sc3N16/123/xtal_6.cif,-56.18969,36.968925
xtal_60.cif,./Al13Sc3N16/123/xtal_60.cif,22.725132,74.27352
xtal_61.cif,./Al13Sc3N16/123/xtal_61.cif,0.3830329,21.91524
xtal_62.cif,./Al13Sc3N16/__initial__/123/xtal_62.cif,-18.411097,-8.128907
xtal_63.cif,./Al13Sc3N16/__initial__/123/xtal_63.cif,-70.57087,-39.841446
xtal_64.cif,./Al13Sc3N16/__initial__/123/xtal_64.cif,-81.62131,-45.29339
xtal_65.cif,./Al13Sc3N16/__initial__/123/xtal_65.cif,-69.38804,26.02685
xtal_66.cif,./Al13Sc3N16/__initial__/123/xtal_66.cif,-49.241894,45.132694
xtal_67.cif,./Al13Sc3N16/123/xtal_67.cif,32.847656,33.110706
xtal_68.cif,./Al13Sc3N16/__initial__/123/xtal_68.cif,-60.142433,57.245647
xtal_69.cif,./Al13Sc3N16/123/xtal_69.cif,-58.16275,-13.238623
xtal_7.cif,./Al13Sc3N16/123/xtal_7.cif,-48.875877,53.973858
xtal_70.cif,./Al13Sc3N16/123/xtal_70.cif,56.077343,55.41156
xtal_71.cif,./Al13Sc3N16/__initial__/123/xtal_71.cif,-76.68194,69.44423
xtal_72.cif,./Al13Sc3N16/123/xtal_72.cif,-62.14373,55.07224
xtal_73.cif,./Al13Sc3N16/__initial__/123/xtal_73.cif,7.2556815,56.685825
xtal_74.cif,./Al13Sc3N16/__initial__/123/xtal_74.cif,-82.552155,48.562977
xtal_75.cif,./Al13Sc3N16/__initial__/123/xtal_75.cif,-44.90884,-16.989944
xtal_76.cif,./Al13Sc3N16/123/xtal_76.cif,-70.61197,-39.63855
xtal_77.cif,./Al13Sc3N16/123/xtal_77.cif,-21.285204,21.73827
xtal_78.cif,./Al13Sc3N16/__initial__/123/xtal_78.cif,-61.442593,-22.223745
xtal_79.cif,./Al13Sc3N16/__initial__/123/xtal_79.cif,33.15738,60.9057
xtal_8.cif,./Al13Sc3N16/__initial__/123/xtal_8.cif,-11.480521,37.41231
xtal_80.cif,./Al13Sc3N16/123/xtal_80.cif,-27.192183,-9.417618
xtal_81.cif,./Al13Sc3N16/__initial__/123/xtal_81.cif,19.093065,33.062077
xtal_82.cif,./Al13Sc3N16/123/xtal_82.cif,-83.70224,35.007175
xtal_83.cif,./Al13Sc3N16/123/xtal_83.cif,-79.97054,76.70973
xtal_84.cif,./Al13Sc3N16/__initial__/123/xtal_84.cif,-80.22468,36.975044
xtal_85.cif,./Al13Sc3N16/__initial__/123/xtal_85.cif,-87.72133,38.876644
xtal_86.cif,./Al13Sc3N16/__initial__/123/xtal_86.cif,40.979923,35.652725
xtal_87.cif,./Al13Sc3N16/123/xtal_87.cif,-87.21288,36.277107
xtal_88.cif,./Al13Sc3N16/__initial__/123/xtal_88.cif,-54.42236,67.80804
xtal_89.cif,./Al13Sc3N16/123/xtal_89.cif,-17.096052,80.14103
xtal_9.cif,./Al13Sc3N16/123/xtal_9.cif,21.496218,79.055336
xtal_90.cif,./Al13Sc3N16/__initial__/123/xtal_90.cif,-91.67157,-9.912265
xtal_91.cif,./Al13Sc3N16/123/xtal_91.cif,38.83387,50.019386
xtal_92.cif,./Al13Sc3N16/123/xtal_92.cif,-26.162683,-16.58026
xtal_93.cif,./Al13Sc3N16/123/xtal_93.cif,-22.681759,78.32126
xtal_94.cif,./Al13Sc3N16/123/xtal_94.cif,-71.59573,-18.080982
xtal_95.cif,./Al13Sc3N16/123/xtal_95.cif,-52.71335,17.157013
xtal_96.cif,./Al13Sc3N16/123/xtal_96.cif,-73.006325,34.015453
xtal_97.cif,./Al13Sc3N16/__initial__/123/xtal_97.cif,-89.726814,38.76912
xtal_98.cif,./Al13Sc3N16/123/xtal_98.cif,-23.651781,-7.180168
xtal_99.cif,./Al13Sc3N16/123/xtal_99.cif,-35.23002,-45.88222
xtal_1.cif,./Al13Sc3N16/124/xtal_1.cif,19.538399,42.912045
xtal_10.cif,./Al13Sc3N16/124/xtal_10.cif,-36.311993,27.176495
xtal_100.cif,./Al13Sc3N16/__initial__/124/xtal_100.cif,23.343153,91.20224
xtal_11.cif,./Al13Sc3N16/__initial__/124/xtal_11.cif,-61.679947,57.036808
xtal_12.cif,./Al13Sc3N16/124/xtal_12.cif,31.075567,66.89008
xtal_13.cif,./Al13Sc3N16/__initial__/124/xtal_13.cif,-52.673397,56.488625
xtal_14.cif,./Al13Sc3N16/124/xtal_14.cif,-39.651215,92.97485
xtal_15.cif,./Al13Sc3N16/124/xtal_15.cif,-50.666946,17.460709
xtal_16.cif,./Al13Sc3N16/__initial__/124/xtal_16.cif,-45.87119,32.391994
xtal_17.cif,./Al13Sc3N16/__initial__/124/xtal_17.cif,-21.708786,6.1549754
xtal_18.cif,./Al13Sc3N16/__initial__/124/xtal_18.cif,-41.21699,-51.84979
xtal_19.cif,./Al13Sc3N16/__initial__/124/xtal_19.cif,14.740298,-2.4943726
xtal_2.cif,./Al13Sc3N16/__initial__/124/xtal_2.cif,18.54409,22.175682
xtal_20.cif,./Al13Sc3N16/__initial__/124/xtal_20.cif,-8.334536,43.47895
xtal_21.cif,./Al13Sc3N16/__initial__/124/xtal_21.cif,-53.345325,6.8414636
xtal_22.cif,./Al13Sc3N16/__initial__/124/xtal_22.cif,0.6312052,63.252274
xtal_23.cif,./Al13Sc3N16/124/xtal_23.cif,-2.1363018,72.20111
xtal_24.cif,./Al13Sc3N16/124/xtal_24.cif,-23.174515,85.02612
xtal_25.cif,./Al13Sc3N16/124/xtal_25.cif,-54.478107,52.418976
xtal_26.cif,./Al13Sc3N16/124/xtal_26.cif,-57.666542,67.5623
xtal_27.cif,./Al13Sc3N16/__initial__/124/xtal_27.cif,-80.11859,26.818644
xtal_28.cif,./Al13Sc3N16/__initial__/124/xtal_28.cif,-44.341076,20.734404
xtal_29.cif,./Al13Sc3N16/124/xtal_29.cif,-22.70242,56.773014
xtal_3.cif,./Al13Sc3N16/124/xtal_3.cif,-45.700916,7.012929
xtal_30.cif,./Al13Sc3N16/__initial__/124/xtal_30.cif,-21.307207,55.130047
xtal_31.cif,./Al13Sc3N16/124/xtal_31.cif,-59.82276,28.231583
xtal_32.cif,./Al13Sc3N16/124/xtal_32.cif,-56.36234,24.968874
xtal_33.cif,./Al13Sc3N16/124/xtal_33.cif,-57.63817,73.08495
xtal_34.cif,./Al13Sc3N16/__initial__/124/xtal_34.cif,-40.323204,74.47825
xtal_35.cif,./Al13Sc3N16/__initial__/124/xtal_35.cif,-70.50504,71.21489
xtal_36.cif,./Al13Sc3N16/124/xtal_36.cif,-11.795937,-8.915423
xtal_37.cif,./Al13Sc3N16/124/xtal_37.cif,29.216187,23.64255
xtal_38.cif,./Al13Sc3N16/124/xtal_38.cif,2.2844481,-38.895855
xtal_39.cif,./Al13Sc3N16/124/xtal_39.cif,-17.896055,-18.466105
xtal_4.cif,./Al13Sc3N16/124/xtal_4.cif,-58.888233,65.84584
xtal_40.cif,./Al13Sc3N16/124/xtal_40.cif,-6.921384,78.77666
xtal_41.cif,./Al13Sc3N16/124/xtal_41.cif,-71.017296,70.35666
xtal_42.cif,./Al13Sc3N16/__initial__/124/xtal_42.cif,-74.80975,-6.9661627
xtal_43.cif,./Al13Sc3N16/__initial__/124/xtal_43.cif,-44.034924,8.632494
xtal_44.cif,./Al13Sc3N16/124/xtal_44.cif,-48.12219,-20.894905
xtal_45.cif,./Al13Sc3N16/__initial__/124/xtal_45.cif,-11.326185,0.9830375
xtal_46.cif,./Al13Sc3N16/__initial__/124/xtal_46.cif,-94.46126,3.2170088
xtal_47.cif,./Al13Sc3N16/__initial__/124/xtal_47.cif,21.044523,72.80736
xtal_48.cif,./Al13Sc3N16/__initial__/124/xtal_48.cif,-29.438963,46.040997
xtal_49.cif,./Al13Sc3N16/124/xtal_49.cif,-34.72632,-15.632037
xtal_5.cif,./Al13Sc3N16/__initial__/124/xtal_5.cif,9.5580225,-22.426336
xtal_50.cif,./Al13Sc3N16/__initial__/124/xtal_50.cif,-37.50912,19.253588
xtal_51.cif,./Al13Sc3N16/__initial__/124/xtal_51.cif,-56.213802,82.77933
xtal_52.cif,./Al13Sc3N16/124/xtal_52.cif,-69.01428,-20.580477
xtal_53.cif,./Al13Sc3N16/124/xtal_53.cif,-86.08705,-17.492981
xtal_54.cif,./Al13Sc3N16/124/xtal_54.cif,-7.5662956,89.78226
xtal_55.cif,./Al13Sc3N16/__initial__/124/xtal_55.cif,-65.03924,4.225438
xtal_56.cif,./Al13Sc3N16/124/xtal_56.cif,-38.15501,-10.154101
xtal_57.cif,./Al13Sc3N16/__initial__/124/xtal_57.cif,-25.7413,31.323803
xtal_58.cif,./Al13Sc3N16/__initial__/124/xtal_58.cif,39.035263,60.501682
xtal_59.cif,./Al13Sc3N16/__initial__/124/xtal_59.cif,-87.51483,6.594699
xtal_6.cif,./Al13Sc3N16/__initial__/124/xtal_6.cif,46.589626,36.61981
xtal_60.cif,./Al13Sc3N16/124/xtal_60.cif,-50.151787,39.77153
xtal_61.cif,./Al13Sc3N16/124/xtal_61.cif,-37.861115,-6.344534
xtal_62.cif,./Al13Sc3N16/__initial__/124/xtal_62.cif,-50.221916,10.636582
xtal_63.cif,./Al13Sc3N16/124/xtal_63.cif,-38.035854,-20.158913
xtal_64.cif,./Al13Sc3N16/124/xtal_64.cif,12.599967,22.889536
xtal_65.cif,./Al13Sc3N16/124/xtal_65.cif,-34.853146,-24.541111
xtal_66.cif,./Al13Sc3N16/124/xtal_66.cif,-38.969707,90.919624
xtal_67.cif,./Al13Sc3N16/124/xtal_67.cif,44.013287,57.213566
xtal_68.cif,./Al13Sc3N16/__initial__/124/xtal_68.cif,8.774217,93.271385
xtal_69.cif,./Al13Sc3N16/124/xtal_69.cif,-45.440247,75.88751
xtal_7.cif,./Al13Sc3N16/__initial__/124/xtal_7.cif,-53.022774,-50.86613
xtal_70.cif,./Al13Sc3N16/124/xtal_70.cif,27.197279,31.720749
xtal_71.cif,./Al13Sc3N16/__initial__/124/xtal_71.cif,-31.138443,3.1795824
xtal_72.cif,./Al13Sc3N16/__initial__/124/xtal_72.cif,-75.49461,57.610374
xtal_73.cif,./Al13Sc3N16/124/xtal_73.cif,-16.030096,-33.235126
xtal_74.cif,./Al13Sc3N16/124/xtal_74.cif,22.832748,89.49855
xtal_75.cif,./Al13Sc3N16/__initial__/124/xtal_75.cif,-44.46194,46.940914
xtal_76.cif,./Al13Sc3N16/124/xtal_76.cif,23.40966,21.287352
xtal_77.cif,./Al13Sc3N16/__initial__/124/xtal_77.cif,-41.607964,76.951294
xtal_78.cif,./Al13Sc3N16/__initial__/124/xtal_78.cif,-61.638523,-49.23956
xtal_79.cif,./Al13Sc3N16/__initial__/124/xtal_79.cif,-72.9588,53.099407
xtal_8.cif,./Al13Sc3N16/__initial__/124/xtal_8.cif,-28.829468,45.929626
xtal_80.cif,./Al13Sc3N16/124/xtal_80.cif,-91.03657,-4.2755294
xtal_81.cif,./Al13Sc3N16/124/xtal_81.cif,-9.593475,64.38842
xtal_82.cif,./Al13Sc3N16/124/xtal_82.cif,-29.623722,73.80259
xtal_83.cif,./Al13Sc3N16/__initial__/124/xtal_83.cif,-38.645313,-24.02643
xtal_84.cif,./Al13Sc3N16/__initial__/124/xtal_84.cif,29.961578,13.384737
xtal_85.cif,./Al13Sc3N16/__initial__/124/xtal_85.cif,-44.15754,72.29146
xtal_86.cif,./Al13Sc3N16/__initial__/124/xtal_86.cif,-14.651477,67.09955
xtal_87.cif,./Al13Sc3N16/124/xtal_87.cif,-6.215488,14.307398
xtal_88.cif,./Al13Sc3N16/__initial__/124/xtal_88.cif,-81.9091,42.060696
xtal_89.cif,./Al13Sc3N16/124/xtal_89.cif,-21.627932,23.221165
xtal_9.cif,./Al13Sc3N16/124/xtal_9.cif,-67.518074,27.621805
xtal_90.cif,./Al13Sc3N16/124/xtal_90.cif,-34.593674,38.5546
xtal_91.cif,./Al13Sc3N16/__initial__/124/xtal_91.cif,-45.49193,23.119995
xtal_92.cif,./Al13Sc3N16/124/xtal_92.cif,-44.6272,13.509057
xtal_93.cif,./Al13Sc3N16/__initial__/124/xtal_93.cif,-68.73984,44.986023
xtal_94.cif,./Al13Sc3N16/__initial__/124/xtal_94.cif,41.92181,69.53611
xtal_95.cif,./Al13Sc3N16/124/xtal_95.cif,-26.039875,69.15422
xtal_96.cif,./Al13Sc3N16/__initial__/124/xtal_96.cif,-59.063026,86.13584
xtal_97.cif,./Al13Sc3N16/124/xtal_97.cif,29.82866,56.09824
xtal_98.cif,./Al13Sc3N16/124/xtal_98.cif,-2.7360594,-4.385402
xtal_99.cif,./Al13Sc3N16/__initial__/124/xtal_99.cif,-45.856354,57.996616
xtal_1.cif,./Al13Sc3N16/125/xtal_1.cif,11.862094,83.36359
xtal_10.cif,./Al13Sc3N16/__initial__/125/xtal_10.cif,54.828194,43.30553
xtal_100.cif,./Al13Sc3N16/__initial__/125/xtal_100.cif,-19.95593,-7.0215592
xtal_11.cif,./Al13Sc3N16/__initial__/125/xtal_11.cif,-20.42372,-35.056374
xtal_12.cif,./Al13Sc3N16/125/xtal_12.cif,-44.764786,29.54702
xtal_13.cif,./Al13Sc3N16/125/xtal_13.cif,-15.285048,-22.848772
xtal_14.cif,./Al13Sc3N16/__initial__/125/xtal_14.cif,-30.752174,66.53608
xtal_15.cif,./Al13Sc3N16/125/xtal_15.cif,-25.95191,-47.34188
xtal_16.cif,./Al13Sc3N16/__initial__/125/xtal_16.cif,-46.333652,23.191673
xtal_17.cif,./Al13Sc3N16/125/xtal_17.cif,11.603342,-29.1499
xtal_18.cif,./Al13Sc3N16/__initial__/125/xtal_18.cif,-88.21574,3.4519763
xtal_19.cif,./Al13Sc3N16/__initial__/125/xtal_19.cif,-77.925285,70.04158
xtal_2.cif,./Al13Sc3N16/125/xtal_2.cif,-25.776554,79.084404
xtal_20.cif,./Al13Sc3N16/__initial__/125/xtal_20.cif,35.45286,80.01985
xtal_21.cif,./Al13Sc3N16/125/xtal_21.cif,-63.054207,89.69473
xtal_22.cif,./Al13Sc3N16/125/xtal_22.cif,11.554943,-4.795618
xtal_23.cif,./Al13Sc3N16/125/xtal_23.cif,-66.23977,35.132965
xtal_24.cif,./Al13Sc3N16/__initial__/125/xtal_24.cif,37.56209,12.224231
xtal_25.cif,./Al13Sc3N16/__initial__/125/xtal_25.cif,-70.34084,32.65406
xtal_26.cif,./Al13Sc3N16/125/xtal_26.cif,-37.913853,-34.27083
xtal_27.cif,./Al13Sc3N16/125/xtal_27.cif,-70.56855,48.109596
xtal_28.cif,./Al13Sc3N16/__initial__/125/xtal_28.cif,-37.30279,93.25995
xtal_29.cif,./Al13Sc3N16/125/xtal_29.cif,-61.3353,44.63885
xtal_3.cif,./Al13Sc3N16/125/xtal_3.cif,-47.38237,-42.590862
xtal_30.cif,./Al13Sc3N16/125/xtal_30.cif,-20.036724,54.59156
xtal_31.cif,./Al13Sc3N16/__initial__/125/xtal_31.cif,-23.020504,86.59939
xtal_32.cif,./Al13Sc3N16/125/xtal_32.cif,-53.72905,-46.133785
xtal_33.cif,./Al13Sc3N16/125/xtal_33.cif,-21.410967,-78.72787
xtal_34.cif,./Al13Sc3N16/125/xtal_34.cif,-9.568241,-47.046227
xtal_35.cif,./Al13Sc3N16/125/xtal_35.cif,-27.669695,-16.16198
xtal_36.cif,./Al13Sc3N16/__initial__/125/xtal_36.cif,-53.24723,-50.91199
xtal_37.cif,./Al13Sc3N16/125/xtal_37.cif,-35.586308,36.683067
xtal_38.cif,./Al13Sc3N16/__initial__/125/xtal_38.cif,-78.04375,21.00177
xtal_39.cif,./Al13Sc3N16/__initial__/125/xtal_39.cif,-35.175003,-16.492203
xtal_4.cif,./Al13Sc3N16/__initial__/125/xtal_4.cif,-55.00004,30.007729
xtal_40.cif,./Al13Sc3N16/__initial__/125/xtal_40.cif,-46.272415,75.24122
xtal_41.cif,./Al13Sc3N16/125/xtal_41.cif,-15.700687,-25.683641
xtal_42.cif,./Al13Sc3N16/__initial__/125/xtal_42.cif,53.629986,54.62453
xtal_43.cif,./Al13Sc3N16/__initial__/125/xtal_43.cif,-10.742513,77.46195
xtal_44.cif,./Al13Sc3N16/__initial__/125/xtal_44.cif,-21.10609,50.601276
xtal_45.cif,./Al13Sc3N16/125/xtal_45.cif,-41.458466,82.85156
xtal_46.cif,./Al13Sc3N16/125/xtal_46.cif,-4.655095,73.472275
xtal_47.cif,./Al13Sc3N16/__initial__/125/xtal_47.cif,66.606834,68.217026
xtal_48.cif,./Al13Sc3N16/__initial__/125/xtal_48.cif,-48.8315,4.249729
xtal_49.cif,./Al13Sc3N16/__initial__/125/xtal_49.cif,21.040941,5.080398
xtal_5.cif,./Al13Sc3N16/__initial__/125/xtal_5.cif,-51.28695,61.264946
xtal_50.cif,./Al13Sc3N16/__initial__/125/xtal_50.cif,27.911137,70.33698
xtal_51.cif,./Al13Sc3N16/125/xtal_51.cif,-39.90857,73.32337
xtal_52.cif,./Al13Sc3N16/125/xtal_52.cif,-74.51917,-32.61118
xtal_53.cif,./Al13Sc3N16/125/xtal_53.cif,18.437737,12.405711
xtal_54.cif,./Al13Sc3N16/125/xtal_54.cif,-38.502518,-22.76296
xtal_55.cif,./Al13Sc3N16/__initial__/125/xtal_55.cif,-27.131914,7.308738
xtal_56.cif,./Al13Sc3N16/__initial__/125/xtal_56.cif,8.829055,28.228037
xtal_57.cif,./Al13Sc3N16/125/xtal_57.cif,-40.75138,83.786026
xtal_58.cif,./Al13Sc3N16/__initial__/125/xtal_58.cif,-74.93236,-25.82109
xtal_59.cif,./Al13Sc3N16/__initial__/125/xtal_59.cif,-7.8702455,73.75934
xtal_6.cif,./Al13Sc3N16/__initial__/125/xtal_6.cif,-54.761635,-25.790073
xtal_60.cif,./Al13Sc3N16/__initial__/125/xtal_60.cif,-34.75297,-11.015508
xtal_61.cif,./Al13Sc3N16/__initial__/125/xtal_61.cif,-81.096794,67.02321
xtal_62.cif,./Al13Sc3N16/__initial__/125/xtal_62.cif,-53.978527,-14.746104
xtal_63.cif,./Al13Sc3N16/__initial__/125/xtal_63.cif,-78.703064,33.24994
xtal_64.cif,./Al13Sc3N16/__initial__/125/xtal_64.cif,-22.473068,68.75502
xtal_65.cif,./Al13Sc3N16/__initial__/125/xtal_65.cif,-14.694439,-9.1608095
xtal_66.cif,./Al13Sc3N16/125/xtal_66.cif,-29.784826,50.696163
xtal_67.cif,./Al13Sc3N16/125/xtal_67.cif,-43.24087,-28.24172
xtal_68.cif,./Al13Sc3N16/125/xtal_68.cif,-34.56025,58.868046
xtal_69.cif,./Al13Sc3N16/125/xtal_69.cif,29.126858,94.53887
xtal_7.cif,./Al13Sc3N16/125/xtal_7.cif,7.725159,1.3578244
xtal_70.cif,./Al13Sc3N16/__initial__/125/xtal_70.cif,-89.12706,36.36589
xtal_71.cif,./Al13Sc3N16/125/xtal_71.cif,-62.17718,29.904305
xtal_72.cif,./Al13Sc3N16/__initial__/125/xtal_72.cif,-74.74057,19.959898
xtal_73.cif,./Al13Sc3N16/125/xtal_73.cif,-69.72866,-7.5393453
xtal_74.cif,./Al13Sc3N16/125/xtal_74.cif,17.803415,59.958546
xtal_75.cif,./Al13Sc3N16/125/xtal_75.cif,-45.612,52.878963
xtal_76.cif,./Al13Sc3N16/__initial__/125/xtal_76.cif,-80.440315,62.333473
xtal_77.cif,./Al13Sc3N16/__initial__/125/xtal_77.cif,31.806746,66.984184
xtal_78.cif,./Al13Sc3N16/125/xtal_78.cif,-73.824554,26.070004
xtal_79.cif,./Al13Sc3N16/__initial__/125/xtal_79.cif,-15.599804,64.47859
xtal_8.cif,./Al13Sc3N16/__initial__/125/xtal_8.cif,-22.184109,84.7835
xtal_80.cif,./Al13Sc3N16/125/xtal_80.cif,-38.53217,-22.995283
xtal_81.cif,./Al13Sc3N16/125/xtal_81.cif,-25.475157,40.589897
xtal_82.cif,./Al13Sc3N16/125/xtal_82.cif,-82.83651,-2.3415978
xtal_83.cif,./Al13Sc3N16/125/xtal_83.cif,-26.828537,72.01532
xtal_84.cif,./Al13Sc3N16/125/xtal_84.cif,-82.52222,51.62006
xtal_85.cif,./Al13Sc3N16/125/xtal_85.cif,-50.212605,76.850975
xtal_86.cif,./Al13Sc3N16/125/xtal_86.cif,-28.097097,90.59192
xtal_87.cif,./Al13Sc3N16/125/xtal_87.cif,-57.7805,63.37643
xtal_88.cif,./Al13Sc3N16/125/xtal_88.cif,-12.718365,-5.8657026
xtal_89.cif,./Al13Sc3N16/__initial__/125/xtal_89.cif,-43.4369,51.702957
xtal_9.cif,./Al13Sc3N16/125/xtal_9.cif,-0.7356244,-60.581738
xtal_90.cif,./Al13Sc3N16/125/xtal_90.cif,-24.128849,30.354681
xtal_91.cif,./Al13Sc3N16/__initial__/125/xtal_91.cif,8.686203,49.740505
xtal_92.cif,./Al13Sc3N16/125/xtal_92.cif,-51.107155,32.55697
xtal_93.cif,./Al13Sc3N16/__initial__/125/xtal_93.cif,-87.83506,18.192314
xtal_94.cif,./Al13Sc3N16/125/xtal_94.cif,-39.883686,-22.296196
xtal_95.cif,./Al13Sc3N16/125/xtal_95.cif,3.3949697,89.91107
xtal_96.cif,./Al13Sc3N16/125/xtal_96.cif,-85.62499,26.317858
xtal_97.cif,./Al13Sc3N16/125/xtal_97.cif,-4.0168185,-3.2665396
xtal_98.cif,./Al13Sc3N16/__initial__/125/xtal_98.cif,-83.96102,33.045246
xtal_99.cif,./Al13Sc3N16/125/xtal_99.cif,25.633316,-17.118683
xtal_1.cif,./Al13Sc3N16/__initial__/126/xtal_1.cif,-3.1460028,59.04412
xtal_10.cif,./Al13Sc3N16/__initial__/126/xtal_10.cif,-1.9749506,77.11809
xtal_100.cif,./Al13Sc3N16/__initial__/126/xtal_100.cif,-51.288185,-48.206562
xtal_11.cif,./Al13Sc3N16/__initial__/126/xtal_11.cif,37.478287,82.38227
xtal_12.cif,./Al13Sc3N16/126/xtal_12.cif,-83.73097,12.615233
xtal_13.cif,./Al13Sc3N16/126/xtal_13.cif,-53.89154,51.01211
xtal_14.cif,./Al13Sc3N16/126/xtal_14.cif,-49.707455,75.46024
xtal_15.cif,./Al13Sc3N16/__initial__/126/xtal_15.cif,-82.95391,41.250526
xtal_16.cif,./Al13Sc3N16/126/xtal_16.cif,-43.924587,77.28283
xtal_17.cif,./Al13Sc3N16/126/xtal_17.cif,-14.252813,20.245594
xtal_18.cif,./Al13Sc3N16/__initial__/126/xtal_18.cif,41.575,59.213905
xtal_19.cif,./Al13Sc3N16/__initial__/126/xtal_19.cif,1.2530932,14.222263
xtal_2.cif,./Al13Sc3N16/126/xtal_2.cif,16.849163,-22.95073
xtal_20.cif,./Al13Sc3N16/126/xtal_20.cif,-34.405464,13.849973
xtal_21.cif,./Al13Sc3N16/126/xtal_21.cif,-10.936394,34.349125
xtal_22.cif,./Al13Sc3N16/126/xtal_22.cif,-13.828412,1.5758209
xtal_23.cif,./Al13Sc3N16/126/xtal_23.cif,-1.9700214,60.76548
xtal_24.cif,./Al13Sc3N16/__initial__/126/xtal_24.cif,-2.9836392,2.3924742
xtal_25.cif,./Al13Sc3N16/__initial__/126/xtal_25.cif,-27.59707,-43.266727
xtal_26.cif,./Al13Sc3N16/126/xtal_26.cif,21.743896,30.568533
xtal_27.cif,./Al13Sc3N16/__initial__/126/xtal_27.cif,-8.937638,93.02011
xtal_28.cif,./Al13Sc3N16/126/xtal_28.cif,-58.213936,-13.276146
xtal_29.cif,./Al13Sc3N16/__initial__/126/xtal_29.cif,-21.51346,91.78505
xtal_3.cif,./Al13Sc3N16/__initial__/126/xtal_3.cif,-27.778597,91.04447
xtal_30.cif,./Al13Sc3N16/126/xtal_30.cif,-68.62978,49.593723
xtal_31.cif,./Al13Sc3N16/__initial__/126/xtal_31.cif,-86.806175,26.856588
xtal_32.cif,./Al13Sc3N16/__initial__/126/xtal_32.cif,32.177986,61.09357
xtal_33.cif,./Al13Sc3N16/__initial__/126/xtal_33.cif,28.556723,29.468534
xtal_34.cif,./Al13Sc3N16/126/xtal_34.cif,-83.173416,50.044643
xtal_35.cif,./Al13Sc3N16/126/xtal_35.cif,28.801199,-6.923569
xtal_36.cif,./Al13Sc3N16/126/xtal_36.cif,-82.46235,48.4589
xtal_37.cif,./Al13Sc3N16/126/xtal_37.cif,3.9125097,48.43105
xtal_38.cif,./Al13Sc3N16/126/xtal_38.cif,4.7170405,69.330315
xtal_39.cif,./Al13Sc3N16/__initial__/126/xtal_39.cif,-57.78484,76.6264
xtal_4.cif,./Al13Sc3N16/126/xtal_4.cif,34.871624,90.32842
xtal_40.cif,./Al13Sc3N16/__initial__/126/xtal_40.cif,-15.095213,14.133606
xtal_41.cif,./Al13Sc3N16/126/xtal_41.cif,-57.179836,72.90963
xtal_42.cif,./Al13Sc3N16/__initial__/126/xtal_42.cif,-91.48002,-31.483425
xtal_43.cif,./Al13Sc3N16/__initial__/126/xtal_43.cif,-60.69082,8.049511
xtal_44.cif,./Al13Sc3N16/126/xtal_44.cif,-44.941364,-63.609627
xtal_45.cif,./Al13Sc3N16/__initial__/126/xtal_45.cif,-21.168913,22.00223
xtal_46.cif,./Al13Sc3N16/__initial__/126/xtal_46.cif,-56.392857,-42.000015
xtal_47.cif,./Al13Sc3N16/__initial__/126/xtal_47.cif,70.34762,70.35411
xtal_48.cif,./Al13Sc3N16/__initial__/126/xtal_48.cif,-60.886814,60.927555
xtal_49.cif,./Al13Sc3N16/__initial__/126/xtal_49.cif,-43.91776,-15.061885
xtal_5.cif,./Al13Sc3N16/126/xtal_5.cif,-47.54735,76.65147
xtal_50.cif,./Al13Sc3N16/126/xtal_50.cif,-61.323402,87.17175
xtal_51.cif,./Al13Sc3N16/__initial__/126/xtal_51.cif,-62.46452,4.988253
xtal_52.cif,./Al13Sc3N16/__initial__/126/xtal_52.cif,-35.62038,35.283195
xtal_53.cif,./Al13Sc3N16/126/xtal_53.cif,-23.435827,69.79524
xtal_54.cif,./Al13Sc3N16/__initial__/126/xtal_54.cif,-14.731122,0.5477473
xtal_55.cif,./Al13Sc3N16/__initial__/126/xtal_55.cif,-29.77779,86.702805
xtal_56.cif,./Al13Sc3N16/126/xtal_56.cif,41.879196,46.637897
xtal_57.cif,./Al13Sc3N16/__initial__/126/xtal_57.cif,-45.65766,55.757553
xtal_58.cif,./Al13Sc3N16/126/xtal_58.cif,-85.48019,38.184643
xtal_59.cif,./Al13Sc3N16/126/xtal_59.cif,-66.131996,48.65294
xtal_6.cif,./Al13Sc3N16/126/xtal_6.cif,-17.490633,2.6118662
xtal_60.cif,./Al13Sc3N16/__initial__/126/xtal_60.cif,-6.46174,48.28329
xtal_61.cif,./Al13Sc3N16/126/xtal_61.cif,-33.998234,5.1721506
xtal_62.cif,./Al13Sc3N16/126/xtal_62.cif,-10.694384,9.623303
xtal_63.cif,./Al13Sc3N16/__initial__/126/xtal_63.cif,-22.520273,71.87661
xtal_64.cif,./Al13Sc3N16/__initial__/126/xtal_64.cif,-76.26133,76.792854
xtal_65.cif,./Al13Sc3N16/__initial__/126/xtal_65.cif,-56.747406,75.30168
xtal_66.cif,./Al13Sc3N16/126/xtal_66.cif,-24.900314,16.07967
xtal_67.cif,./Al13Sc3N16/126/xtal_67.cif,-75.80267,32.96055
xtal_68.cif,./Al13Sc3N16/126/xtal_68.cif,-23.632229,23.604326
xtal_69.cif,./Al13Sc3N16/126/xtal_69.cif,-36.04045,20.246258
xtal_7.cif,./Al13Sc3N16/__initial__/126/xtal_7.cif,-40.22138,75.290405
xtal_70.cif,./Al13Sc3N16/126/xtal_70.cif,-53.425316,4.7033997
xtal_71.cif,./Al13Sc3N16/126/xtal_71.cif,-81.486404,51.324947
xtal_72.cif,./Al13Sc3N16/__initial__/126/xtal_72.cif,-44.62391,60.337273
xtal_73.cif,./Al13Sc3N16/126/xtal_73.cif,-28.767916,16.531042
xtal_74.cif,./Al13Sc3N16/__initial__/126/xtal_74.cif,-51.3007,33.976902
xtal_75.cif,./Al13Sc3N16/126/xtal_75.cif,-29.23872,-23.656796
xtal_76.cif,./Al13Sc3N16/__initial__/126/xtal_76.cif,-44.92446,-16.989828
xtal_77.cif,./Al13Sc3N16/126/xtal_77.cif,-25.770805,88.32724
xtal_78.cif,./Al13Sc3N16/__initial__/126/xtal_78.cif,-52.868618,43.04851
xtal_79.cif,./Al13Sc3N16/126/xtal_79.cif,-81.41711,68.519905
xtal_8.cif,./Al13Sc3N16/__initial__/126/xtal_8.cif,-12.273746,87.15172
xtal_80.cif,./Al13Sc3N16/__initial__/126/xtal_80.cif,-9.103557,72.33439
xtal_81.cif,./Al13Sc3N16/__initial__/126/xtal_81.cif,-30.27753,2.128478
xtal_82.cif,./Al13Sc3N16/__initial__/126/xtal_82.cif,-60.671776,52.028023
xtal_83.cif,./Al13Sc3N16/126/xtal_83.cif,-60.36146,73.28045
xtal_84.cif,./Al13Sc3N16/126/xtal_84.cif,61.465897,63.928406
xtal_85.cif,./Al13Sc3N16/126/xtal_85.cif,-72.90826,50.976357
xtal_86.cif,./Al13Sc3N16/__initial__/126/xtal_86.cif,-49.226177,7.53459
xtal_87.cif,./Al13Sc3N16/__initial__/126/xtal_87.cif,19.780268,-21.186518
xtal_88.cif,./Al13Sc3N16/126/xtal_88.cif,-0.47225603,15.729642
xtal_89.cif,./Al13Sc3N16/__initial__/126/xtal_89.cif,35.47256,7.3443556
xtal_9.cif,./Al13Sc3N16/__initial__/126/xtal_9.cif,-64.00528,-46.48317
xtal_90.cif,./Al13Sc3N16/__initial__/126/xtal_90.cif,-34.558743,-71.51719
xtal_91.cif,./Al13Sc3N16/__initial__/126/xtal_91.cif,-61.977646,-21.5285
xtal_92.cif,./Al13Sc3N16/126/xtal_92.cif,56.071632,78.27304
xtal_93.cif,./Al13Sc3N16/126/xtal_93.cif,-68.206375,-17.96918
xtal_94.cif,./Al13Sc3N16/__initial__/126/xtal_94.cif,-14.295826,-29.194633
xtal_95.cif,./Al13Sc3N16/126/xtal_95.cif,-50.477467,72.65524
xtal_96.cif,./Al13Sc3N16/126/xtal_96.cif,-8.282902,-25.178677
xtal_97.cif,./Al13Sc3N16/126/xtal_97.cif,45.388527,49.281975
xtal_98.cif,./Al13Sc3N16/__initial__/126/xtal_98.cif,17.037998,37.647648
xtal_99.cif,./Al13Sc3N16/126/xtal_99.cif,-9.451977,60.090477
xtal_1.cif,./Al13Sc3N16/__initial__/127/xtal_1.cif,-82.13561,54.77229
xtal_10.cif,./Al13Sc3N16/__initial__/127/xtal_10.cif,-9.31628,28.18535
xtal_100.cif,./Al13Sc3N16/127/xtal_100.cif,0.13138475,-36.429848
xtal_11.cif,./Al13Sc3N16/127/xtal_11.cif,-49.44265,77.511894
xtal_12.cif,./Al13Sc3N16/127/xtal_12.cif,10.6882715,-30.120262
xtal_13.cif,./Al13Sc3N16/__initial__/127/xtal_13.cif,-62.016243,39.41883
xtal_14.cif,./Al13Sc3N16/127/xtal_14.cif,-51.543102,56.51556
xtal_15.cif,./Al13Sc3N16/__initial__/127/xtal_15.cif,-73.15175,-7.726095
xtal_16.cif,./Al13Sc3N16/127/xtal_16.cif,-31.423506,29.24522
xtal_17.cif,./Al13Sc3N16/__initial__/127/xtal_17.cif,-7.1924195,72.441765
xtal_18.cif,./Al13Sc3N16/__initial__/127/xtal_18.cif,-34.991642,-11.030546
xtal_19.cif,./Al13Sc3N16/127/xtal_19.cif,-40.16256,75.84386
xtal_2.cif,./Al13Sc3N16/127/xtal_2.cif,1.8832637,-49.598457
xtal_20.cif,./Al13Sc3N16/__initial__/127/xtal_20.cif,-51.87097,53.81914
xtal_21.cif,./Al13Sc3N16/127/xtal_21.cif,-85.34483,-15.718724
xtal_22.cif,./Al13Sc3N16/__initial__/127/xtal_22.cif,-29.076262,16.184729
xtal_23.cif,./Al13Sc3N16/127/xtal_23.cif,15.861005,30.265308
xtal_24.cif,./Al13Sc3N16/__initial__/127/xtal_24.cif,-68.89344,35.126057
xtal_25.cif,./Al13Sc3N16/127/xtal_25.cif,21.921011,20.99298
xtal_26.cif,./Al13Sc3N16/__initial__/127/xtal_26.cif,-56.347214,53.00487
xtal_27.cif,./Al13Sc3N16/__initial__/127/xtal_27.cif,-93.72237,-8.119163
xtal_28.cif,./Al13Sc3N16/__initial__/127/xtal_28.cif,-56.913628,54.54947
xtal_29.cif,./Al13Sc3N16/__initial__/127/xtal_29.cif,-95.131966,5.6696086
xtal_3.cif,./Al13Sc3N16/127/xtal_3.cif,-84.7601,20.517555
xtal_30.cif,./Al13Sc3N16/__initial__/127/xtal_30.cif,-92.99246,-20.786688
xtal_31.cif,./Al13Sc3N16/127/xtal_31.cif,40.520325,40.606583
xtal_32.cif,./Al13Sc3N16/__initial__/127/xtal_32.cif,-60.81338,31.205431
xtal_33.cif,./Al13Sc3N16/127/xtal_33.cif,-48.43707,-52.700798
xtal_34.cif,./Al13Sc3N16/__initial__/127/xtal_34.cif,-23.538929,-15.860782
xtal_35.cif,./Al13Sc3N16/__initial__/127/xtal_35.cif,-45.699173,6.534035
xtal_36.cif,./Al13Sc3N16/127/xtal_36.cif,17.303427,53.487038
xtal_37.cif,./Al13Sc3N16/127/xtal_37.cif,-18.218979,32.409733
xtal_38.cif,./Al13Sc3N16/127/xtal_38.cif,-5.099303,17.125355
xtal_39.cif,./Al13Sc3N16/127/xtal_39.cif,7.4150844,23.63045
xtal_4.cif,./Al13Sc3N16/__initial__/127/xtal_4.cif,-77.44818,67.310745
xtal_40.cif,./Al13Sc3N16/__initial__/127/xtal_40.cif,56.154476,74.81857
xtal_41.cif,./Al13Sc3N16/127/xtal_41.cif,-15.361756,1.8499675
xtal_42.cif,./Al13Sc3N16/127/xtal_42.cif,-25.822401,36.10992
xtal_43.cif,./Al13Sc3N16/127/xtal_43.cif,-81.57854,25.744486
xtal_44.cif,./Al13Sc3N16/127/xtal_44.cif,-12.146006,43.466507
xtal_45.cif,./Al13Sc3N16/__initial__/127/xtal_45.cif,-25.482834,50.182755
xtal_46.cif,./Al13Sc3N16/127/xtal_46.cif,-0.8493091,-28.145975
xtal_47.cif,./Al13Sc3N16/__initial__/127/xtal_47.cif,4.0497713,54.524803
xtal_48.cif,./Al13Sc3N16/127/xtal_48.cif,-73.20086,25.17256
xtal_49.cif,./Al13Sc3N16/__initial__/127/xtal_49.cif,-55.25519,-21.079962
xtal_5.cif,./Al13Sc3N16/127/xtal_5.cif,17.144878,41.12748
xtal_50.cif,./Al13Sc3N16/127/xtal_50.cif,-1.2793409,41.702965
xtal_51.cif,./Al13Sc3N16/127/xtal_51.cif,-30.891253,89.51962
xtal_52.cif,./Al13Sc3N16/__initial__/127/xtal_52.cif,-15.413158,70.07497
xtal_53.cif,./Al13Sc3N16/127/xtal_53.cif,-22.853817,-38.429462
xtal_54.cif,./Al13Sc3N16/127/xtal_54.cif,34.456425,47.201412
xtal_55.cif,./Al13Sc3N16/127/xtal_55.cif,14.326999,-11.009303
xtal_56.cif,./Al13Sc3N16/__initial__/127/xtal_56.cif,-55.097996,0.78326565
xtal_57.cif,./Al13Sc3N16/127/xtal_57.cif,-69.90648,50.335354
xtal_58.cif,./Al13Sc3N16/127/xtal_58.cif,-70.91047,53.915546
xtal_59.cif,./Al13Sc3N16/127/xtal_59.cif,50.751556,25.054148
xtal_6.cif,./Al13Sc3N16/127/xtal_6.cif,-48.86876,54.617386
xtal_60.cif,./Al13Sc3N16/127/xtal_60.cif,16.573032,48.693523
xtal_61.cif,./Al13Sc3N16/__initial__/127/xtal_61.cif,-30.135416,49.331646
xtal_62.cif,./Al13Sc3N16/__initial__/127/xtal_62.cif,-87.52304,-36.145542
xtal_63.cif,./Al13Sc3N16/127/xtal_63.cif,-51.979813,40.251476
xtal_64.cif,./Al13Sc3N16/127/xtal_64.cif,-25.652822,82.74714
xtal_65.cif,./Al13Sc3N16/127/xtal_65.cif,-40.683937,-2.4462118
xtal_66.cif,./Al13Sc3N16/__initial__/127/xtal_66.cif,-55.758358,58.964005
xtal_67.cif,./Al13Sc3N16/__initial__/127/xtal_67.cif,-75.20309,68.947845
xtal_68.cif,./Al13Sc3N16/__initial__/127/xtal_68.cif,30.255604,85.39684
xtal_69.cif,./Al13Sc3N16/__initial__/127/xtal_69.cif,-70.59315,33.49896
xtal_7.cif,./Al13Sc3N16/__initial__/127/xtal_7.cif,40.030518,35.23632
xtal_70.cif,./Al13Sc3N16/__initial__/127/xtal_70.cif,-86.005104,37.415295
xtal_71.cif,./Al13Sc3N16/127/xtal_71.cif,-59.829533,71.31854
xtal_72.cif,./Al13Sc3N16/__initial__/127/xtal_72.cif,-80.06698,67.2789
xtal_73.cif,./Al13Sc3N16/__initial__/127/xtal_73.cif,-44.348522,84.44741
xtal_74.cif,./Al13Sc3N16/__initial__/127/xtal_74.cif,13.912615,66.11272
xtal_75.cif,./Al13Sc3N16/127/xtal_75.cif,20.559252,17.937069
xtal_76.cif,./Al13Sc3N16/__initial__/127/xtal_76.cif,-41.61165,21.031082
xtal_77.cif,./Al13Sc3N16/127/xtal_77.cif,-73.22487,68.528145
xtal_78.cif,./Al13Sc3N16/127/xtal_78.cif,21.28184,38.690777
xtal_79.cif,./Al13Sc3N16/127/xtal_79.cif,-42.763638,26.835936
xtal_8.cif,./Al13Sc3N16/__initial__/127/xtal_8.cif,-74.70095,47.053265
xtal_80.cif,./Al13Sc3N16/127/xtal_80.cif,-73.931335,33.517273
xtal_81.cif,./Al13Sc3N16/__initial__/127/xtal_81.cif,-65.24254,50.44865
xtal_82.cif,./Al13Sc3N16/127/xtal_82.cif,12.090661,71.00812
xtal_83.cif,./Al13Sc3N16/127/xtal_83.cif,-10.298107,-40.4778
xtal_84.cif,./Al13Sc3N16/127/xtal_84.cif,22.965523,27.449284
xtal_85.cif,./Al13Sc3N16/127/xtal_85.cif,-27.134214,-12.261098
xtal_86.cif,./Al13Sc3N16/127/xtal_86.cif,13.641775,27.785128
xtal_87.cif,./Al13Sc3N16/127/xtal_87.cif,-51.58737,17.559904
xtal_88.cif,./Al13Sc3N16/__initial__/127/xtal_88.cif,-20.246744,76.17663
xtal_89.cif,./Al13Sc3N16/__initial__/127/xtal_89.cif,-77.474266,64.5744
xtal_9.cif,./Al13Sc3N16/127/xtal_9.cif,-70.96908,47.179157
xtal_90.cif,./Al13Sc3N16/__initial__/127/xtal_90.cif,-46.604485,63.049072
xtal_91.cif,./Al13Sc3N16/__initial__/127/xtal_91.cif,-54.098072,-10.444771
xtal_92.cif,./Al13Sc3N16/__initial__/127/xtal_92.cif,32.172768,33.923035
xtal_93.cif,./Al13Sc3N16/__initial__/127/xtal_93.cif,7.4143114,17.811823
xtal_94.cif,./Al13Sc3N16/__initial__/127/xtal_94.cif,10.442264,36.32495
xtal_95.cif,./Al13Sc3N16/127/xtal_95.cif,-85.17286,14.729745
xtal_96.cif,./Al13Sc3N16/__initial__/127/xtal_96.cif,-65.66397,-30.519794
xtal_97.cif,./Al13Sc3N16/127/xtal_97.cif,-2.428661,9.005023
xtal_98.cif,./Al13Sc3N16/127/xtal_98.cif,-83.274826,53.738155
xtal_99.cif,./Al13Sc3N16/__initial__/127/xtal_99.cif,-40.02971,13.002962
xtal_1.cif,./Al13Sc3N16/128/xtal_1.cif,-22.163095,-14.326255
xtal_10.cif,./Al13Sc3N16/128/xtal_10.cif,-50.425884,48.23867
xtal_100.cif,./Al13Sc3N16/128/xtal_100.cif,-13.5865965,41.2316
xtal_11.cif,./Al13Sc3N16/128/xtal_11.cif,-41.50767,20.951605
xtal_12.cif,./Al13Sc3N16/128/xtal_12.cif,6.817972,44.004177
xtal_13.cif,./Al13Sc3N16/__initial__/128/xtal_13.cif,-38.43529,-21.005701
xtal_14.cif,./Al13Sc3N16/128/xtal_14.cif,16.378979,66.43108
xtal_15.cif,./Al13Sc3N16/__initial__/128/xtal_15.cif,-44.186478,-33.731308
xtal_16.cif,./Al13Sc3N16/__initial__/128/xtal_16.cif,-5.765438,25.22774
xtal_17.cif,./Al13Sc3N16/__initial__/128/xtal_17.cif,-89.32697,22.47111
xtal_18.cif,./Al13Sc3N16/128/xtal_18.cif,-51.078228,28.18127
xtal_19.cif,./Al13Sc3N16/__initial__/128/xtal_19.cif,-34.827263,26.290771
xtal_2.cif,./Al13Sc3N16/__initial__/128/xtal_2.cif,47.84342,81.942856
xtal_20.cif,./Al13Sc3N16/128/xtal_20.cif,-3.250101,3.7410514
xtal_21.cif,./Al13Sc3N16/128/xtal_21.cif,-44.058975,43.706352
xtal_22.cif,./Al13Sc3N16/128/xtal_22.cif,-16.286783,76.859955
xtal_23.cif,./Al13Sc3N16/__initial__/128/xtal_23.cif,-11.397724,4.3871965
xtal_24.cif,./Al13Sc3N16/128/xtal_24.cif,-62.05645,86.06277
xtal_25.cif,./Al13Sc3N16/128/xtal_25.cif,13.74955,-9.557642
xtal_26.cif,./Al13Sc3N16/__initial__/128/xtal_26.cif,45.602974,39.83083
xtal_27.cif,./Al13Sc3N16/128/xtal_27.cif,12.844101,72.38771
xtal_28.cif,./Al13Sc3N16/__initial__/128/xtal_28.cif,-51.436043,2.692764
xtal_29.cif,./Al13Sc3N16/128/xtal_29.cif,-45.68589,26.103807
xtal_3.cif,./Al13Sc3N16/__initial__/128/xtal_3.cif,37.99198,62.135105
xtal_30.cif,./Al13Sc3N16/128/xtal_30.cif,-13.345238,73.80966
xtal_31.cif,./Al13Sc3N16/__initial__/128/xtal_31.cif,-96.334274,-9.537088
xtal_32.cif,./Al13Sc3N16/__initial__/128/xtal_32.cif,-64.1863,26.993998
xtal_33.cif,./Al13Sc3N16/128/xtal_33.cif,-4.6195436,73.64009
xtal_34.cif,./Al13Sc3N16/__initial__/128/xtal_34.cif,-71.974724,70.541824
xtal_35.cif,./Al13Sc3N16/__initial__/128/xtal_35.cif,-17.67159,-6.5448723
xtal_36.cif,./Al13Sc3N16/128/xtal_36.cif,34.842552,21.323616
xtal_37.cif,./Al13Sc3N16/__initial__/128/xtal_37.cif,-18.936583,9.091039
xtal_38.cif,./Al13Sc3N16/128/xtal_38.cif,-42.11498,76.61642
xtal_39.cif,./Al13Sc3N16/__initial__/128/xtal_39.cif,-85.00344,15.677078
xtal_4.cif,./Al13Sc3N16/128/xtal_4.cif,-62.11734,11.705317
xtal_40.cif,./Al13Sc3N16/__initial__/128/xtal_40.cif,-85.11994,26.891144
xtal_41.cif,./Al13Sc3N16/__initial__/128/xtal_41.cif,-14.968384,17.05108
xtal_42.cif,./Al13Sc3N16/__initial__/128/xtal_42.cif,-71.108795,15.974569
xtal_43.cif,./Al13Sc3N16/__initial__/128/xtal_43.cif,-17.038801,71.36482
xtal_44.cif,./Al13Sc3N16/128/xtal_44.cif,-68.74459,18.57771
xtal_45.cif,./Al13Sc3N16/__initial__/128/xtal_45.cif,3.9890094,-15.498254
xtal_46.cif,./Al13Sc3N16/__initial__/128/xtal_46.cif,37.298916,48.798023
xtal_47.cif,./Al13Sc3N16/__initial__/128/xtal_47.cif,-38.37097,96.85849
xtal_48.cif,./Al13Sc3N16/__initial__/128/xtal_48.cif,3.689519,-24.398037
xtal_49.cif,./Al13Sc3N16/__initial__/128/xtal_49.cif,-13.63984,78.581024
xtal_5.cif,./Al13Sc3N16/128/xtal_5.cif,-52.81599,-29.535166
xtal_50.cif,./Al13Sc3N16/__initial__/128/xtal_50.cif,-15.852658,-28.1519
xtal_51.cif,./Al13Sc3N16/__initial__/128/xtal_51.cif,-26.066105,25.162262
xtal_52.cif,./Al13Sc3N16/__initial__/128/xtal_52.cif,-66.34267,21.397097
xtal_53.cif,./Al13Sc3N16/128/xtal_53.cif,-24.70758,18.836962
xtal_54.cif,./Al13Sc3N16/__initial__/128/xtal_54.cif,16.74386,91.28864
xtal_55.cif,./Al13Sc3N16/128/xtal_55.cif,-14.121739,50.470547
xtal_56.cif,./Al13Sc3N16/128/xtal_56.cif,-97.70039,-15.937067
xtal_57.cif,./Al13Sc3N16/128/xtal_57.cif,-48.313515,89.91258
xtal_58.cif,./Al13Sc3N16/__initial__/128/xtal_58.cif,-66.16882,-38.646763
xtal_59.cif,./Al13Sc3N16/128/xtal_59.cif,-14.920461,74.94087
xtal_6.cif,./Al13Sc3N16/__initial__/128/xtal_6.cif,-81.86503,65.23509
xtal_60.cif,./Al13Sc3N16/128/xtal_60.cif,-1.3614631,-19.469738
xtal_61.cif,./Al13Sc3N16/128/xtal_61.cif,-40.138107,88.64452
xtal_62.cif,./Al13Sc3N16/__initial__/128/xtal_62.cif,-68.95237,11.043468
xtal_63.cif,./Al13Sc3N16/128/xtal_63.cif,35.554825,2.2642515
xtal_64.cif,./Al13Sc3N16/__initial__/128/xtal_64.cif,-23.958605,78.86064
xtal_65.cif,./Al13Sc3N16/128/xtal_65.cif,-16.4414,49.44585
xtal_66.cif,./Al13Sc3N16/__initial__/128/xtal_66.cif,-50.874954,82.24246
xtal_67.cif,./Al13Sc3N16/128/xtal_67.cif,-3.5166135,-25.974438
xtal_68.cif,./Al13Sc3N16/128/xtal_68.cif,-49.49539,-0.95736307
xtal_69.cif,./Al13Sc3N16/__initial__/128/xtal_69.cif,17.591995,77.36626
xtal_7.cif,./Al13Sc3N16/__initial__/128/xtal_7.cif,1.5065697,69.00874
xtal_70.cif,./Al13Sc3N16/__initial__/128/xtal_70.cif,-50.07794,49.39396
xtal_71.cif,./Al13Sc3N16/__initial__/128/xtal_71.cif,31.229513,27.307005
xtal_72.cif,./Al13Sc3N16/128/xtal_72.cif,0.43438932,12.008688
xtal_73.cif,./Al13Sc3N16/__initial__/128/xtal_73.cif,-59.114258,55.925125
xtal_74.cif,./Al13Sc3N16/__initial__/128/xtal_74.cif,-60.387264,73.08981
xtal_75.cif,./Al13Sc3N16/128/xtal_75.cif,-19.189148,-42.97965
xtal_76.cif,./Al13Sc3N16/128/xtal_76.cif,-18.570717,28.347982
xtal_77.cif,./Al13Sc3N16/__initial__/128/xtal_77.cif,-80.092316,76.78954
xtal_78.cif,./Al13Sc3N16/128/xtal_78.cif,29.925438,46.91798
xtal_79.cif,./Al13Sc3N16/__initial__/128/xtal_79.cif,-85.97405,-21.469456
xtal_8.cif,./Al13Sc3N16/__initial__/128/xtal_8.cif,-54.28032,-0.4884307
xtal_80.cif,./Al13Sc3N16/__initial__/128/xtal_80.cif,-47.308002,-52.829144
xtal_81.cif,./Al13Sc3N16/128/xtal_81.cif,-82.92745,60.513763
xtal_82.cif,./Al13Sc3N16/128/xtal_82.cif,18.293272,-0.06078674
xtal_83.cif,./Al13Sc3N16/128/xtal_83.cif,-71.87516,-40.894054
xtal_84.cif,./Al13Sc3N16/128/xtal_84.cif,61.75682,57.62902
xtal_85.cif,./Al13Sc3N16/128/xtal_85.cif,4.622176,28.46567
xtal_86.cif,./Al13Sc3N16/128/xtal_86.cif,-1.9626287,-34.634052
xtal_87.cif,./Al13Sc3N16/__initial__/128/xtal_87.cif,-13.295123,-9.5955
xtal_88.cif,./Al13Sc3N16/128/xtal_88.cif,-39.506847,32.228252
xtal_89.cif,./Al13Sc3N16/__initial__/128/xtal_89.cif,36.08604,44.36682
xtal_9.cif,./Al13Sc3N16/__initial__/128/xtal_9.cif,7.4964037,89.99418
xtal_90.cif,./Al13Sc3N16/__initial__/128/xtal_90.cif,-82.95712,60.430725
xtal_91.cif,./Al13Sc3N16/128/xtal_91.cif,-44.10299,72.24749
xtal_92.cif,./Al13Sc3N16/128/xtal_92.cif,-52.33111,-5.51907
xtal_93.cif,./Al13Sc3N16/128/xtal_93.cif,-56.420834,6.5144734
xtal_94.cif,./Al13Sc3N16/128/xtal_94.cif,67.99399,65.61883
xtal_95.cif,./Al13Sc3N16/__initial__/128/xtal_95.cif,-53.128338,-1.8424921
xtal_96.cif,./Al13Sc3N16/128/xtal_96.cif,70.13989,67.36882
xtal_97.cif,./Al13Sc3N16/128/xtal_97.cif,-0.9324286,52.253666
xtal_98.cif,./Al13Sc3N16/128/xtal_98.cif,-38.032883,-63.4326
xtal_99.cif,./Al13Sc3N16/128/xtal_99.cif,-1.8554513,-19.049591
xtal_1.cif,./Al13Sc3N16/129/xtal_1.cif,-0.62876964,82.818924
xtal_10.cif,./Al13Sc3N16/129/xtal_10.cif,61.409428,71.00067
xtal_100.cif,./Al13Sc3N16/129/xtal_100.cif,13.13266,10.381817
xtal_11.cif,./Al13Sc3N16/129/xtal_11.cif,34.281948,39.780174
xtal_12.cif,./Al13Sc3N16/129/xtal_12.cif,-12.871455,47.53477
xtal_13.cif,./Al13Sc3N16/__initial__/129/xtal_13.cif,-13.061533,26.42627
xtal_14.cif,./Al13Sc3N16/__initial__/129/xtal_14.cif,-55.01123,46.067898
xtal_15.cif,./Al13Sc3N16/129/xtal_15.cif,-60.173904,-26.83957
xtal_16.cif,./Al13Sc3N16/__initial__/129/xtal_16.cif,-82.27567,37.36361
xtal_17.cif,./Al13Sc3N16/129/xtal_17.cif,-65.9024,17.066826
xtal_18.cif,./Al13Sc3N16/129/xtal_18.cif,-27.380484,-5.618111
xtal_19.cif,./Al13Sc3N16/129/xtal_19.cif,-33.18839,-67.338326
xtal_2.cif,./Al13Sc3N16/__initial__/129/xtal_2.cif,37.82953,47.100285
xtal_20.cif,./Al13Sc3N16/__initial__/129/xtal_20.cif,7.0711813,62.921906
xtal_21.cif,./Al13Sc3N16/__initial__/129/xtal_21.cif,27.186108,92.637535
xtal_22.cif,./Al13Sc3N16/129/xtal_22.cif,-0.55247605,74.20901
xtal_23.cif,./Al13Sc3N16/__initial__/129/xtal_23.cif,-74.970146,68.253525
xtal_24.cif,./Al13Sc3N16/__initial__/129/xtal_24.cif,16.635666,76.65618
xtal_25.cif,./Al13Sc3N16/__initial__/129/xtal_25.cif,28.099432,57.65763
xtal_26.cif,./Al13Sc3N16/129/xtal_26.cif,20.707138,71.254715
xtal_27.cif,./Al13Sc3N16/__initial__/129/xtal_27.cif,44.919914,80.45429
xtal_28.cif,./Al13Sc3N16/__initial__/129/xtal_28.cif,44.16029,81.859825
xtal_29.cif,./Al13Sc3N16/__initial__/129/xtal_29.cif,-66.08444,21.67933
xtal_3.cif,./Al13Sc3N16/129/xtal_3.cif,-29.881802,-45.832508
xtal_30.cif,./Al13Sc3N16/__initial__/129/xtal_30.cif,-62.836094,-35.321293
xtal_31.cif,./Al13Sc3N16/__initial__/129/xtal_31.cif,-42.63433,62.84343
xtal_32.cif,./Al13Sc3N16/129/xtal_32.cif,33.506332,6.765694
xtal_33.cif,./Al13Sc3N16/129/xtal_33.cif,-29.713797,50.71049
xtal_34.cif,./Al13Sc3N16/__initial__/129/xtal_34.cif,-55.659893,87.674034
xtal_35.cif,./Al13Sc3N16/129/xtal_35.cif,-36.898735,-51.0995
xtal_36.cif,./Al13Sc3N16/129/xtal_36.cif,-55.913734,-10.531849
xtal_37.cif,./Al13Sc3N16/129/xtal_37.cif,-19.156183,-67.079735
xtal_38.cif,./Al13Sc3N16/129/xtal_38.cif,-50.41422,77.61964
xtal_39.cif,./Al13Sc3N16/__initial__/129/xtal_39.cif,-104.504875,1.7853167
xtal_4.cif,./Al13Sc3N16/__initial__/129/xtal_4.cif,-72.285126,25.732222
xtal_40.cif,./Al13Sc3N16/__initial__/129/xtal_40.cif,-66.47218,-15.396895
xtal_41.cif,./Al13Sc3N16/__initial__/129/xtal_41.cif,-50.327755,7.586448
xtal_42.cif,./Al13Sc3N16/__initial__/129/xtal_42.cif,-76.922516,37.276756
xtal_43.cif,./Al13Sc3N16/129/xtal_43.cif,-42.882645,70.18533
xtal_44.cif,./Al13Sc3N16/129/xtal_44.cif,30.643564,20.461657
xtal_45.cif,./Al13Sc3N16/__initial__/129/xtal_45.cif,-92.076004,2.9613729
xtal_46.cif,./Al13Sc3N16/__initial__/129/xtal_46.cif,-70.96616,35.37281
xtal_47.cif,./Al13Sc3N16/129/xtal_47.cif,-21.05199,35.954517
xtal_48.cif,./Al13Sc3N16/__initial__/129/xtal_48.cif,14.798396,-1.9142318
xtal_49.cif,./Al13Sc3N16/__initial__/129/xtal_49.cif,-50.58107,79.211235
xtal_5.cif,./Al13Sc3N16/__initial__/129/xtal_5.cif,-41.463116,33.673874
xtal_50.cif,./Al13Sc3N16/129/xtal_50.cif,-8.384586,91.20781
xtal_51.cif,./Al13Sc3N16/__initial__/129/xtal_51.cif,42.665077,64.939766
xtal_52.cif,./Al13Sc3N16/129/xtal_52.cif,-71.59055,25.449854
xtal_53.cif,./Al13Sc3N16/__initial__/129/xtal_53.cif,39.392693,45.80069
xtal_54.cif,./Al13Sc3N16/__initial__/129/xtal_54.cif,-28.000078,-44.84559
xtal_55.cif,./Al13Sc3N16/__initial__/129/xtal_55.cif,-65.26747,63.39768
xtal_56.cif,./Al13Sc3N16/129/xtal_56.cif,-26.245644,-7.882054
xtal_57.cif,./Al13Sc3N16/__initial__/129/xtal_57.cif,-15.606623,21.01463
xtal_58.cif,./Al13Sc3N16/__initial__/129/xtal_58.cif,-17.946484,34.965744
xtal_59.cif,./Al13Sc3N16/129/xtal_59.cif,21.6873,41.02478
xtal_6.cif,./Al13Sc3N16/129/xtal_6.cif,3.1283536,65.46803
xtal_60.cif,./Al13Sc3N16/__initial__/129/xtal_60.cif,-21.607407,-30.614574
xtal_61.cif,./Al13Sc3N16/129/xtal_61.cif,16.732492,-27.647633
xtal_62.cif,./Al13Sc3N16/129/xtal_62.cif,39.514988,46.397205
xtal_63.cif,./Al13Sc3N16/__initial__/129/xtal_63.cif,-6.4580927,91.185776
xtal_64.cif,./Al13Sc3N16/__initial__/129/xtal_64.cif,-34.72032,76.20822
xtal_65.cif,./Al13Sc3N16/129/xtal_65.cif,-3.7675374,29.408178
xtal_66.cif,./Al13Sc3N16/129/xtal_66.cif,-88.84753,24.55333
xtal_67.cif,./Al13Sc3N16/129/xtal_67.cif,-0.6861535,83.07885
xtal_68.cif,./Al13Sc3N16/129/xtal_68.cif,-87.14901,39.816544
xtal_69.cif,./Al13Sc3N16/129/xtal_69.cif,-10.710199,22.318748
xtal_7.cif,./Al13Sc3N16/129/xtal_7.cif,7.381838,54.65775
xtal_70.cif,./Al13Sc3N16/129/xtal_70.cif,-66.54523,-34.19568
xtal_71.cif,./Al13Sc3N16/__initial__/129/xtal_71.cif,-71.55226,25.263214
xtal_72.cif,./Al13Sc3N16/129/xtal_72.cif,10.093161,-9.732211
xtal_73.cif,./Al13Sc3N16/129/xtal_73.cif,-48.26631,56.61706
xtal_74.cif,./Al13Sc3N16/__initial__/129/xtal_74.cif,-48.129482,1.8096929
xtal_75.cif,./Al13Sc3N16/129/xtal_75.cif,15.190535,8.11289
xtal_76.cif,./Al13Sc3N16/129/xtal_76.cif,-16.381245,64.509224
xtal_77.cif,./Al13Sc3N16/__initial__/129/xtal_77.cif,-45.902798,-14.882892
xtal_78.cif,./Al13Sc3N16/129/xtal_78.cif,-8.3943,83.707054
xtal_79.cif,./Al13Sc3N16/129/xtal_79.cif,-19.010138,89.047165
xtal_8.cif,./Al13Sc3N16/129/xtal_8.cif,2.0935314,41.29327
xtal_80.cif,./Al13Sc3N16/__initial__/129/xtal_80.cif,-89.88014,-9.876436
xtal_81.cif,./Al13Sc3N16/129/xtal_81.cif,-69.465576,-24.912928
xtal_82.cif,./Al13Sc3N16/129/xtal_82.cif,-84.03853,34.39886
xtal_83.cif,./Al13Sc3N16/__initial__/129/xtal_83.cif,-9.991822,29.669813
xtal_84.cif,./Al13Sc3N16/129/xtal_84.cif,-24.380499,0.88196003
xtal_85.cif,./Al13Sc3N16/129/xtal_85.cif,-0.06907818,32.463272
xtal_86.cif,./Al13Sc3N16/__initial__/129/xtal_86.cif,-68.55467,1.1052822
xtal_87.cif,./Al13Sc3N16/129/xtal_87.cif,-52.644596,75.7154
xtal_88.cif,./Al13Sc3N16/__initial__/129/xtal_88.cif,-75.00611,19.716045
xtal_89.cif,./Al13Sc3N16/__initial__/129/xtal_89.cif,-45.378517,-25.093906
xtal_9.cif,./Al13Sc3N16/129/xtal_9.cif,-74.49599,18.112474
xtal_90.cif,./Al13Sc3N16/__initial__/129/xtal_90.cif,42.87514,45.599735
xtal_91.cif,./Al13Sc3N16/129/xtal_91.cif,-12.134195,-7.5324235
xtal_92.cif,./Al13Sc3N16/129/xtal_92.cif,-77.04845,12.670911
xtal_93.cif,./Al13Sc3N16/__initial__/129/xtal_93.cif,-55.907402,44.877422
xtal_94.cif,./Al13Sc3N16/__initial__/129/xtal_94.cif,-32.628296,-47.005604
xtal_95.cif,./Al13Sc3N16/__initial__/129/xtal_95.cif,-83.50085,29.77565
xtal_96.cif,./Al13Sc3N16/129/xtal_96.cif,-0.2561973,34.186943
xtal_97.cif,./Al13Sc3N16/129/xtal_97.cif,14.759701,3.2262554
xtal_98.cif,./Al13Sc3N16/__initial__/129/xtal_98.cif,-11.027655,4.7457433
xtal_99.cif,./Al13Sc3N16/129/xtal_99.cif,-24.755697,-6.176333
xtal_1.cif,./Al13Sc3N16/131/xtal_1.cif,-77.78603,0.9577523
xtal_10.cif,./Al13Sc3N16/__initial__/131/xtal_10.cif,-102.50242,-10.759485
xtal_100.cif,./Al13Sc3N16/__initial__/131/xtal_100.cif,-17.680166,5.560902
xtal_11.cif,./Al13Sc3N16/__initial__/131/xtal_11.cif,-74.69487,-32.72356
xtal_12.cif,./Al13Sc3N16/__initial__/131/xtal_12.cif,-13.462433,32.09212
xtal_13.cif,./Al13Sc3N16/131/xtal_13.cif,-18.774988,-15.712455
xtal_14.cif,./Al13Sc3N16/__initial__/131/xtal_14.cif,24.369873,49.387756
xtal_15.cif,./Al13Sc3N16/__initial__/131/xtal_15.cif,-10.114631,37.63444
xtal_16.cif,./Al13Sc3N16/__initial__/131/xtal_16.cif,10.920979,55.541626
xtal_17.cif,./Al13Sc3N16/131/xtal_17.cif,-38.464916,79.08208
xtal_18.cif,./Al13Sc3N16/131/xtal_18.cif,-34.059566,-36.56251
xtal_19.cif,./Al13Sc3N16/131/xtal_19.cif,12.008928,-2.6331878
xtal_2.cif,./Al13Sc3N16/__initial__/131/xtal_2.cif,-81.131996,39.157963
xtal_20.cif,./Al13Sc3N16/131/xtal_20.cif,-68.32742,-17.712465
xtal_21.cif,./Al13Sc3N16/131/xtal_21.cif,-22.574175,-49.71123
xtal_22.cif,./Al13Sc3N16/__initial__/131/xtal_22.cif,9.469312,24.791126
xtal_23.cif,./Al13Sc3N16/131/xtal_23.cif,-83.368744,24.678993
xtal_24.cif,./Al13Sc3N16/__initial__/131/xtal_24.cif,-32.135963,44.34514
xtal_25.cif,./Al13Sc3N16/131/xtal_25.cif,-13.920602,42.99917
xtal_26.cif,./Al13Sc3N16/131/xtal_26.cif,-18.680307,79.13014
xtal_27.cif,./Al13Sc3N16/__initial__/131/xtal_27.cif,-34.62481,75.33685
xtal_28.cif,./Al13Sc3N16/__initial__/131/xtal_28.cif,37.23505,24.018448
xtal_29.cif,./Al13Sc3N16/131/xtal_29.cif,38.698273,53.48892
xtal_3.cif,./Al13Sc3N16/131/xtal_3.cif,-23.7034,-13.763358
xtal_30.cif,./Al13Sc3N16/__initial__/131/xtal_30.cif,1.255119,79.17534
xtal_31.cif,./Al13Sc3N16/131/xtal_31.cif,-54.302967,24.620731
xtal_32.cif,./Al13Sc3N16/__initial__/131/xtal_32.cif,-79.16868,10.476467
xtal_33.cif,./Al13Sc3N16/__initial__/131/xtal_33.cif,-65.85783,33.30695
xtal_34.cif,./Al13Sc3N16/__initial__/131/xtal_34.cif,-46.865894,21.94184
xtal_35.cif,./Al13Sc3N16/131/xtal_35.cif,-74.878914,53.160297
xtal_36.cif,./Al13Sc3N16/__initial__/131/xtal_36.cif,-38.94671,-13.194515
xtal_37.cif,./Al13Sc3N16/131/xtal_37.cif,44.00478,22.090921
xtal_38.cif,./Al13Sc3N16/131/xtal_38.cif,-14.486153,19.48612
xtal_39.cif,./Al13Sc3N16/131/xtal_39.cif,-15.129113,30.325157
xtal_4.cif,./Al13Sc3N16/131/xtal_4.cif,-33.224556,81.02969
xtal_40.cif,./Al13Sc3N16/__initial__/131/xtal_40.cif,-14.890659,16.697838
xtal_41.cif,./Al13Sc3N16/__initial__/131/xtal_41.cif,-35.914066,-16.670738
xtal_42.cif,./Al13Sc3N16/__initial__/131/xtal_42.cif,-82.50571,42.27169
xtal_43.cif,./Al13Sc3N16/131/xtal_43.cif,-14.442829,24.382708
xtal_44.cif,./Al13Sc3N16/131/xtal_44.cif,-30.75993,80.37543
xtal_45.cif,./Al13Sc3N16/131/xtal_45.cif,-11.752724,-3.0408182
xtal_46.cif,./Al13Sc3N16/__initial__/131/xtal_46.cif,19.019888,55.01727
xtal_47.cif,./Al13Sc3N16/131/xtal_47.cif,-42.321983,18.478485
xtal_48.cif,./Al13Sc3N16/__initial__/131/xtal_48.cif,-56.217083,-1.4341398
xtal_49.cif,./Al13Sc3N16/__initial__/131/xtal_49.cif,-33.188007,-9.120739
xtal_5.cif,./Al13Sc3N16/131/xtal_5.cif,-7.9743357,64.39888
xtal_50.cif,./Al13Sc3N16/__initial__/131/xtal_50.cif,-70.51428,-15.43502
xtal_51.cif,./Al13Sc3N16/__initial__/131/xtal_51.cif,-32.39599,88.414986
xtal_52.cif,./Al13Sc3N16/__initial__/131/xtal_52.cif,-32.06848,92.70954
xtal_53.cif,./Al13Sc3N16/__initial__/131/xtal_53.cif,-27.266628,33.809566
xtal_54.cif,./Al13Sc3N16/131/xtal_54.cif,-38.486275,-21.410778
xtal_55.cif,./Al13Sc3N16/__initial__/131/xtal_55.cif,-81.59864,-14.283567
xtal_56.cif,./Al13Sc3N16/131/xtal_56.cif,-28.678476,1.9386166
xtal_57.cif,./Al13Sc3N16/__initial__/131/xtal_57.cif,20.936277,8.00675
xtal_58.cif,./Al13Sc3N16/__initial__/131/xtal_58.cif,1.8982612,36.2967
xtal_59.cif,./Al13Sc3N16/131/xtal_59.cif,-16.279272,4.6659756
xtal_6.cif,./Al13Sc3N16/131/xtal_6.cif,-13.814926,25.173914
xtal_60.cif,./Al13Sc3N16/__initial__/131/xtal_60.cif,-99.63017,-4.5070395
xtal_61.cif,./Al13Sc3N16/__initial__/131/xtal_61.cif,-71.12245,37.27571
xtal_62.cif,./Al13Sc3N16/131/xtal_62.cif,69.46277,66.55826
xtal_63.cif,./Al13Sc3N16/131/xtal_63.cif,-16.876646,43.826225
xtal_64.cif,./Al13Sc3N16/__initial__/131/xtal_64.cif,-11.856422,-10.229877
xtal_65.cif,./Al13Sc3N16/131/xtal_65.cif,-89.670975,-23.982811
xtal_66.cif,./Al13Sc3N16/131/xtal_66.cif,28.973589,37.65926
xtal_67.cif,./Al13Sc3N16/131/xtal_67.cif,-6.2040887,6.438919
xtal_68.cif,./Al13Sc3N16/__initial__/131/xtal_68.cif,-76.79562,-27.395433
xtal_69.cif,./Al13Sc3N16/__initial__/131/xtal_69.cif,-69.34972,-31.902822
xtal_7.cif,./Al13Sc3N16/131/xtal_7.cif,-43.010426,-44.474957
xtal_70.cif,./Al13Sc3N16/__initial__/131/xtal_70.cif,-79.6986,25.840088
xtal_71.cif,./Al13Sc3N16/131/xtal_71.cif,3.3889701,-33.62191
xtal_72.cif,./Al13Sc3N16/__initial__/131/xtal_72.cif,-93.00801,-14.192376
xtal_73.cif,./Al13Sc3N16/131/xtal_73.cif,26.710789,65.86232
xtal_74.cif,./Al13Sc3N16/131/xtal_74.cif,-42.508728,62.981476
xtal_75.cif,./Al13Sc3N16/131/xtal_75.cif,49.902225,35.423687
xtal_76.cif,./Al13Sc3N16/131/xtal_76.cif,9.043403,66.94899
xtal_77.cif,./Al13Sc3N16/131/xtal_77.cif,-0.9968567,88.756905
xtal_78.cif,./Al13Sc3N16/__initial__/131/xtal_78.cif,-81.57566,41.97995
xtal_79.cif,./Al13Sc3N16/131/xtal_79.cif,-16.30002,1.6666645
xtal_8.cif,./Al13Sc3N16/__initial__/131/xtal_8.cif,-1.3402193,-28.10715
xtal_80.cif,./Al13Sc3N16/131/xtal_80.cif,-70.765205,1.4253035
xtal_81.cif,./Al13Sc3N16/131/xtal_81.cif,-14.499168,-26.634901
xtal_82.cif,./Al13Sc3N16/__initial__/131/xtal_82.cif,-80.408646,24.69028
xtal_83.cif,./Al13Sc3N16/__initial__/131/xtal_83.cif,-37.237206,-32.372322
xtal_84.cif,./Al13Sc3N16/131/xtal_84.cif,-43.625885,-33.19452
xtal_85.cif,./Al13Sc3N16/__initial__/131/xtal_85.cif,-12.955395,19.076382
xtal_86.cif,./Al13Sc3N16/131/xtal_86.cif,-50.744137,-49.208042
xtal_87.cif,./Al13Sc3N16/131/xtal_87.cif,23.582548,33.16882
xtal_88.cif,./Al13Sc3N16/131/xtal_88.cif,15.196433,25.32447
xtal_89.cif,./Al13Sc3N16/131/xtal_89.cif,-26.081497,-3.0398219
xtal_9.cif,./Al13Sc3N16/__initial__/131/xtal_9.cif,-79.11326,14.923108
xtal_90.cif,./Al13Sc3N16/131/xtal_90.cif,-89.07778,-35.17903
xtal_91.cif,./Al13Sc3N16/131/xtal_91.cif,-9.62716,64.108215
xtal_92.cif,./Al13Sc3N16/131/xtal_92.cif,-18.156359,67.50499
xtal_93.cif,./Al13Sc3N16/__initial__/131/xtal_93.cif,56.188713,55.41023
xtal_94.cif,./Al13Sc3N16/__initial__/131/xtal_94.cif,-0.64362985,73.39592
xtal_95.cif,./Al13Sc3N16/__initial__/131/xtal_95.cif,-77.22095,5.7789187
xtal_96.cif,./Al13Sc3N16/131/xtal_96.cif,-35.934555,-76.80953
xtal_97.cif,./Al13Sc3N16/131/xtal_97.cif,-71.805046,-8.024443
xtal_98.cif,./Al13Sc3N16/__initial__/131/xtal_98.cif,-54.50307,64.64418
xtal_99.cif,./Al13Sc3N16/__initial__/131/xtal_99.cif,-38.720142,24.505793
xtal_1.cif,./Al13Sc3N16/132/xtal_1.cif,52.377815,34.339424
xtal_10.cif,./Al13Sc3N16/__initial__/132/xtal_10.cif,-31.043362,89.55318
xtal_100.cif,./Al13Sc3N16/132/xtal_100.cif,-75.276764,-6.0151353
xtal_11.cif,./Al13Sc3N16/__initial__/132/xtal_11.cif,-57.840065,57.96177
xtal_12.cif,./Al13Sc3N16/132/xtal_12.cif,-18.805815,8.857989
xtal_13.cif,./Al13Sc3N16/__initial__/132/xtal_13.cif,45.1032,47.36059
xtal_14.cif,./Al13Sc3N16/__initial__/132/xtal_14.cif,-34.711975,55.557243
xtal_15.cif,./Al13Sc3N16/__initial__/132/xtal_15.cif,-68.06087,33.90278
xtal_16.cif,./Al13Sc3N16/132/xtal_16.cif,-47.95907,72.71165
xtal_17.cif,./Al13Sc3N16/132/xtal_17.cif,-30.022913,72.153275
xtal_18.cif,./Al13Sc3N16/__initial__/132/xtal_18.cif,-21.561922,27.88738
xtal_19.cif,./Al13Sc3N16/__initial__/132/xtal_19.cif,-21.413977,-43.99025
xtal_2.cif,./Al13Sc3N16/__initial__/132/xtal_2.cif,-41.071766,47.851444
xtal_20.cif,./Al13Sc3N16/132/xtal_20.cif,-53.7589,18.778095
xtal_21.cif,./Al13Sc3N16/132/xtal_21.cif,-75.91386,19.621386
xtal_22.cif,./Al13Sc3N16/__initial__/132/xtal_22.cif,-62.807865,4.4439077
xtal_23.cif,./Al13Sc3N16/__initial__/132/xtal_23.cif,-23.48847,35.40387
xtal_24.cif,./Al13Sc3N16/132/xtal_24.cif,45.346157,52.032402
xtal_25.cif,./Al13Sc3N16/__initial__/132/xtal_25.cif,-81.06645,30.197458
xtal_26.cif,./Al13Sc3N16/132/xtal_26.cif,-48.327675,-22.80457
xtal_27.cif,./Al13Sc3N16/__initial__/132/xtal_27.cif,-23.284575,-27.246363
xtal_28.cif,./Al13Sc3N16/132/xtal_28.cif,-71.27683,86.763824
xtal_29.cif,./Al13Sc3N16/__initial__/132/xtal_29.cif,23.853271,21.122972
xtal_3.cif,./Al13Sc3N16/132/xtal_3.cif,-56.705746,11.96947
xtal_30.cif,./Al13Sc3N16/132/xtal_30.cif,-58.3772,1.7115139
xtal_31.cif,./Al13Sc3N16/__initial__/132/xtal_31.cif,-40.724888,-6.261377
xtal_32.cif,./Al13Sc3N16/132/xtal_32.cif,-65.59528,-30.477589
xtal_33.cif,./Al13Sc3N16/__initial__/132/xtal_33.cif,-26.675041,-30.314728
xtal_34.cif,./Al13Sc3N16/__initial__/132/xtal_34.cif,0.6467497,11.576256
xtal_35.cif,./Al13Sc3N16/132/xtal_35.cif,19.887823,1.8258394
xtal_36.cif,./Al13Sc3N16/132/xtal_36.cif,8.731794,86.998825
xtal_37.cif,./Al13Sc3N16/__initial__/132/xtal_37.cif,21.519169,37.54375
xtal_38.cif,./Al13Sc3N16/__initial__/132/xtal_38.cif,-46.177235,64.28943
xtal_39.cif,./Al13Sc3N16/__initial__/132/xtal_39.cif,-71.914894,-27.339033
xtal_4.cif,./Al13Sc3N16/132/xtal_4.cif,-32.0174,81.09194
xtal_40.cif,./Al13Sc3N16/__initial__/132/xtal_40.cif,27.912489,38.633484
xtal_41.cif,./Al13Sc3N16/132/xtal_41.cif,8.911474,47.73773
xtal_42.cif,./Al13Sc3N16/132/xtal_42.cif,-84.182076,34.06703
xtal_43.cif,./Al13Sc3N16/132/xtal_43.cif,-56.800495,88.868225
xtal_44.cif,./Al13Sc3N16/132/xtal_44.cif,-72.23398,70.910675
xtal_45.cif,./Al13Sc3N16/132/xtal_45.cif,-51.2564,-11.918764
xtal_46.cif,./Al13Sc3N16/132/xtal_46.cif,-20.628977,87.94008
xtal_47.cif,./Al13Sc3N16/132/xtal_47.cif,-69.16735,-20.741985
xtal_48.cif,./Al13Sc3N16/132/xtal_48.cif,-31.625769,-22.631643
xtal_49.cif,./Al13Sc3N16/__initial__/132/xtal_49.cif,-37.914318,76.924805
xtal_5.cif,./Al13Sc3N16/132/xtal_5.cif,61.5197,70.86981
xtal_50.cif,./Al13Sc3N16/__initial__/132/xtal_50.cif,-59.077343,34.822285
xtal_51.cif,./Al13Sc3N16/132/xtal_51.cif,-74.88118,-6.2909045
xtal_52.cif,./Al13Sc3N16/__initial__/132/xtal_52.cif,-13.384666,59.579006
xtal_53.cif,./Al13Sc3N16/__initial__/132/xtal_53.cif,-7.680726,67.21881
xtal_54.cif,./Al13Sc3N16/__initial__/132/xtal_54.cif,-59.083786,33.34456
xtal_55.cif,./Al13Sc3N16/__initial__/132/xtal_55.cif,-71.73384,-14.074228
xtal_56.cif,./Al13Sc3N16/__initial__/132/xtal_56.cif,20.7066,35.71191
xtal_57.cif,./Al13Sc3N16/__initial__/132/xtal_57.cif,-61.961685,37.718388
xtal_58.cif,./Al13Sc3N16/132/xtal_58.cif,10.555227,57.3965
xtal_59.cif,./Al13Sc3N16/132/xtal_59.cif,-33.08563,42.363922
xtal_6.cif,./Al13Sc3N16/__initial__/132/xtal_6.cif,1.4872267,76.59229
xtal_60.cif,./Al13Sc3N16/__initial__/132/xtal_60.cif,17.232624,75.042984
xtal_61.cif,./Al13Sc3N16/132/xtal_61.cif,5.774352,9.506049
xtal_62.cif,./Al13Sc3N16/132/xtal_62.cif,-72.50535,70.543
xtal_63.cif,./Al13Sc3N16/132/xtal_63.cif,-50.166245,14.262212
xtal_64.cif,./Al13Sc3N16/132/xtal_64.cif,-48.221394,-23.669565
xtal_65.cif,./Al13Sc3N16/132/xtal_65.cif,-92.682816,-11.6195755
xtal_66.cif,./Al13Sc3N16/__initial__/132/xtal_66.cif,-35.0207,-7.3763723
xtal_67.cif,./Al13Sc3N16/__initial__/132/xtal_67.cif,-63.183487,-19.876385
xtal_68.cif,./Al13Sc3N16/132/xtal_68.cif,33.93115,27.451313
xtal_69.cif,./Al13Sc3N16/__initial__/132/xtal_69.cif,-31.517912,-31.43204
xtal_7.cif,./Al13Sc3N16/132/xtal_7.cif,34.480946,62.747265
xtal_70.cif,./Al13Sc3N16/132/xtal_70.cif,-8.758078,24.281857
xtal_71.cif,./Al13Sc3N16/__initial__/132/xtal_71.cif,-72.36018,37.14417
xtal_72.cif,./Al13Sc3N16/132/xtal_72.cif,-58.448845,89.17583
xtal_73.cif,./Al13Sc3N16/__initial__/132/xtal_73.cif,23.486975,48.288258
xtal_74.cif,./Al13Sc3N16/132/xtal_74.cif,5.3204355,66.376755
xtal_75.cif,./Al13Sc3N16/132/xtal_75.cif,58.548283,72.84092
xtal_76.cif,./Al13Sc3N16/__initial__/132/xtal_76.cif,-28.981363,-43.59609
xtal_77.cif,./Al13Sc3N16/132/xtal_77.cif,-24.882473,70.08054
xtal_78.cif,./Al13Sc3N16/__initial__/132/xtal_78.cif,4.961784,65.73832
xtal_79.cif,./Al13Sc3N16/__initial__/132/xtal_79.cif,5.9434805,21.671936
xtal_8.cif,./Al13Sc3N16/132/xtal_8.cif,43.015396,27.172619
xtal_80.cif,./Al13Sc3N16/132/xtal_80.cif,-24.633257,-9.486167
xtal_81.cif,./Al13Sc3N16/__initial__/132/xtal_81.cif,-49.221893,-22.929594
xtal_82.cif,./Al13Sc3N16/132/xtal_82.cif,-11.107918,10.353481
xtal_83.cif,./Al13Sc3N16/132/xtal_83.cif,-69.91369,85.28303
xtal_84.cif,./Al13Sc3N16/__initial__/132/xtal_84.cif,18.309002,54.121727
xtal_85.cif,./Al13Sc3N16/__initial__/132/xtal_85.cif,-43.181652,-36.073242
xtal_86.cif,./Al13Sc3N16/__initial__/132/xtal_86.cif,-83.101746,25.092216
xtal_87.cif,./Al13Sc3N16/132/xtal_87.cif,-56.554276,24.68064
xtal_88.cif,./Al13Sc3N16/132/xtal_88.cif,30.720572,30.49275
xtal_89.cif,./Al13Sc3N16/__initial__/132/xtal_89.cif,-42.815136,-52.66007
xtal_9.cif,./Al13Sc3N16/__initial__/132/xtal_9.cif,-63.512802,-10.266194
xtal_90.cif,./Al13Sc3N16/132/xtal_90.cif,35.31933,48.967457
xtal_91.cif,./Al13Sc3N16/__initial__/132/xtal_91.cif,3.6160047,56.13957
xtal_92.cif,./Al13Sc3N16/132/xtal_92.cif,-73.69316,-32.56797
xtal_93.cif,./Al13Sc3N16/__initial__/132/xtal_93.cif,-48.13938,2.0451925
xtal_94.cif,./Al13Sc3N16/__initial__/132/xtal_94.cif,-50.080334,50.972485
xtal_95.cif,./Al13Sc3N16/__initial__/132/xtal_95.cif,-42.915565,36.089687
xtal_96.cif,./Al13Sc3N16/__initial__/132/xtal_96.cif,34.82165,7.353803
xtal_97.cif,./Al13Sc3N16/__initial__/132/xtal_97.cif,-2.0887315,-1.625439
xtal_98.cif,./Al13Sc3N16/132/xtal_98.cif,-41.004673,-13.31
xtal_99.cif,./Al13Sc3N16/132/xtal_99.cif,-101.26409,-16.396193
xtal_1.cif,./Al13Sc3N16/134/xtal_1.cif,44.154934,68.94317
xtal_10.cif,./Al13Sc3N16/134/xtal_10.cif,64.07733,58.031975
xtal_100.cif,./Al13Sc3N16/__initial__/134/xtal_100.cif,-9.727048,83.04029
xtal_11.cif,./Al13Sc3N16/__initial__/134/xtal_11.cif,-2.030761,56.34997
xtal_12.cif,./Al13Sc3N16/134/xtal_12.cif,-50.839184,-51.769615
xtal_13.cif,./Al13Sc3N16/134/xtal_13.cif,32.166416,66.47178
xtal_14.cif,./Al13Sc3N16/134/xtal_14.cif,59.833168,57.158936
xtal_15.cif,./Al13Sc3N16/134/xtal_15.cif,-68.64474,34.588085
xtal_16.cif,./Al13Sc3N16/__initial__/134/xtal_16.cif,-40.663082,36.782444
xtal_17.cif,./Al13Sc3N16/__initial__/134/xtal_17.cif,38.801304,89.99381
xtal_18.cif,./Al13Sc3N16/__initial__/134/xtal_18.cif,68.7056,57.28508
xtal_19.cif,./Al13Sc3N16/__initial__/134/xtal_19.cif,11.347362,83.28431
xtal_2.cif,./Al13Sc3N16/134/xtal_2.cif,0.07557365,13.801273
xtal_20.cif,./Al13Sc3N16/134/xtal_20.cif,-27.202524,71.634834
xtal_21.cif,./Al13Sc3N16/134/xtal_21.cif,-11.164834,80.63116
xtal_22.cif,./Al13Sc3N16/134/xtal_22.cif,-65.61551,16.055548
xtal_23.cif,./Al13Sc3N16/__initial__/134/xtal_23.cif,-56.18995,-28.826803
xtal_24.cif,./Al13Sc3N16/__initial__/134/xtal_24.cif,-17.036922,28.160845
xtal_25.cif,./Al13Sc3N16/134/xtal_25.cif,-46.52987,8.839673
xtal_26.cif,./Al13Sc3N16/__initial__/134/xtal_26.cif,12.598023,85.523254
xtal_27.cif,./Al13Sc3N16/__initial__/134/xtal_27.cif,-37.65882,36.57399
xtal_28.cif,./Al13Sc3N16/__initial__/134/xtal_28.cif,-89.446724,-16.6418
xtal_29.cif,./Al13Sc3N16/134/xtal_29.cif,-70.271286,-8.666545
xtal_3.cif,./Al13Sc3N16/__initial__/134/xtal_3.cif,25.87882,52.947647
xtal_30.cif,./Al13Sc3N16/__initial__/134/xtal_30.cif,-53.894386,23.248003
xtal_31.cif,./Al13Sc3N16/134/xtal_31.cif,42.647785,46.272736
xtal_32.cif,./Al13Sc3N16/__initial__/134/xtal_32.cif,3.3831778,9.854854
xtal_33.cif,./Al13Sc3N16/134/xtal_33.cif,-63.94984,41.335087
xtal_34.cif,./Al13Sc3N16/134/xtal_34.cif,56.48017,67.637184
xtal_35.cif,./Al13Sc3N16/__initial__/134/xtal_35.cif,-9.313831,61.33289
xtal_36.cif,./Al13Sc3N16/134/xtal_36.cif,-19.854698,-23.408852
xtal_37.cif,./Al13Sc3N16/134/xtal_37.cif,-41.984344,74.799866
xtal_38.cif,./Al13Sc3N16/134/xtal_38.cif,60.919716,57.53611
xtal_39.cif,./Al13Sc3N16/134/xtal_39.cif,44.157146,41.9656
xtal_4.cif,./Al13Sc3N16/__initial__/134/xtal_4.cif,-59.576237,-23.260748
xtal_40.cif,./Al13Sc3N16/__initial__/134/xtal_40.cif,-51.934196,6.070373
xtal_41.cif,./Al13Sc3N16/__initial__/134/xtal_41.cif,-93.01191,-6.9496884
xtal_42.cif,./Al13Sc3N16/__initial__/134/xtal_42.cif,-63.328667,89.284096
xtal_43.cif,./Al13Sc3N16/__initial__/134/xtal_43.cif,-79.815926,19.20709
xtal_44.cif,./Al13Sc3N16/134/xtal_44.cif,9.741275,82.656654
xtal_45.cif,./Al13Sc3N16/134/xtal_45.cif,-10.01109,2.5110774
xtal_46.cif,./Al13Sc3N16/134/xtal_46.cif,27.667583,92.31794
xtal_47.cif,./Al13Sc3N16/__initial__/134/xtal_47.cif,-6.5566745,-22.928715
xtal_48.cif,./Al13Sc3N16/134/xtal_48.cif,6.23714,14.451923
xtal_49.cif,./Al13Sc3N16/134/xtal_49.cif,-40.70105,-14.245517
xtal_5.cif,./Al13Sc3N16/134/xtal_5.cif,47.75919,33.51786
xtal_50.cif,./Al13Sc3N16/134/xtal_50.cif,-45.85886,24.322523
xtal_51.cif,./Al13Sc3N16/__initial__/134/xtal_51.cif,-64.00075,-19.42415
xtal_52.cif,./Al13Sc3N16/134/xtal_52.cif,-11.339372,82.80849
xtal_53.cif,./Al13Sc3N16/__initial__/134/xtal_53.cif,-35.358955,11.147435
xtal_54.cif,./Al13Sc3N16/134/xtal_54.cif,-17.327581,81.72261
xtal_55.cif,./Al13Sc3N16/__initial__/134/xtal_55.cif,-48.966988,3.422127
xtal_56.cif,./Al13Sc3N16/134/xtal_56.cif,-16.185808,-66.23709
xtal_57.cif,./Al13Sc3N16/__initial__/134/xtal_57.cif,-16.77818,-17.118938
xtal_58.cif,./Al13Sc3N16/__initial__/134/xtal_58.cif,-44.278122,-53.166527
xtal_59.cif,./Al13Sc3N16/__initial__/134/xtal_59.cif,2.6577427,59.990517
xtal_6.cif,./Al13Sc3N16/134/xtal_6.cif,-8.516339,59.778957
xtal_60.cif,./Al13Sc3N16/__initial__/134/xtal_60.cif,41.603928,83.17753
xtal_61.cif,./Al13Sc3N16/134/xtal_61.cif,-50.364223,-7.7351556
xtal_62.cif,./Al13Sc3N16/__initial__/134/xtal_62.cif,-63.708206,48.05086
xtal_63.cif,./Al13Sc3N16/__initial__/134/xtal_63.cif,-33.61238,11.519985
xtal_64.cif,./Al13Sc3N16/__initial__/134/xtal_64.cif,44.21852,44.142105
xtal_65.cif,./Al13Sc3N16/134/xtal_65.cif,29.076344,9.42921
xtal_66.cif,./Al13Sc3N16/__initial__/134/xtal_66.cif,-71.08939,50.91611
xtal_67.cif,./Al13Sc3N16/__initial__/134/xtal_67.cif,-20.263683,52.726425
xtal_68.cif,./Al13Sc3N16/__initial__/134/xtal_68.cif,-27.14338,-37.64062
xtal_69.cif,./Al13Sc3N16/134/xtal_69.cif,-1.189452,-30.187757
xtal_7.cif,./Al13Sc3N16/__initial__/134/xtal_7.cif,1.2021346,34.74414
xtal_70.cif,./Al13Sc3N16/134/xtal_70.cif,-103.20583,-1.419151
xtal_71.cif,./Al13Sc3N16/134/xtal_71.cif,-56.804535,83.890945
xtal_72.cif,./Al13Sc3N16/134/xtal_72.cif,36.91702,61.59265
xtal_73.cif,./Al13Sc3N16/__initial__/134/xtal_73.cif,-53.838474,75.45762
xtal_74.cif,./Al13Sc3N16/__initial__/134/xtal_74.cif,8.793833,86.923706
xtal_75.cif,./Al13Sc3N16/__initial__/134/xtal_75.cif,-16.854496,77.45089
xtal_76.cif,./Al13Sc3N16/__initial__/134/xtal_76.cif,36.614643,57.732025
xtal_77.cif,./Al13Sc3N16/__initial__/134/xtal_77.cif,-66.309814,49.87221
xtal_78.cif,./Al13Sc3N16/134/xtal_78.cif,-8.182488,17.982727
xtal_79.cif,./Al13Sc3N16/__initial__/134/xtal_79.cif,2.5202155,4.9953084
xtal_8.cif,./Al13Sc3N16/134/xtal_8.cif,55.03574,54.690063
xtal_80.cif,./Al13Sc3N16/134/xtal_80.cif,17.436375,19.569174
xtal_81.cif,./Al13Sc3N16/__initial__/134/xtal_81.cif,-10.811733,52.051758
xtal_82.cif,./Al13Sc3N16/__initial__/134/xtal_82.cif,-74.04269,57.238956
xtal_83.cif,./Al13Sc3N16/134/xtal_83.cif,-16.357183,16.21189
xtal_84.cif,./Al13Sc3N16/134/xtal_84.cif,-22.735416,-44.347725
xtal_85.cif,./Al13Sc3N16/__initial__/134/xtal_85.cif,-6.454947,55.919468
xtal_86.cif,./Al13Sc3N16/134/xtal_86.cif,-27.257769,-24.784052
xtal_87.cif,./Al13Sc3N16/134/xtal_87.cif,-78.19321,70.64603
xtal_88.cif,./Al13Sc3N16/__initial__/134/xtal_88.cif,9.571607,48.67933
xtal_89.cif,./Al13Sc3N16/__initial__/134/xtal_89.cif,-44.85284,22.797482
xtal_9.cif,./Al13Sc3N16/134/xtal_9.cif,-72.21287,24.816153
xtal_90.cif,./Al13Sc3N16/134/xtal_90.cif,-85.04795,-3.2691746
xtal_91.cif,./Al13Sc3N16/134/xtal_91.cif,-74.897934,31.87512
xtal_92.cif,./Al13Sc3N16/__initial__/134/xtal_92.cif,-63.651558,49.815887
xtal_93.cif,./Al13Sc3N16/134/xtal_93.cif,-75.152626,69.554146
xtal_94.cif,./Al13Sc3N16/__initial__/134/xtal_94.cif,5.228527,-3.5064461
xtal_95.cif,./Al13Sc3N16/134/xtal_95.cif,-30.235653,48.958492
xtal_96.cif,./Al13Sc3N16/134/xtal_96.cif,59.507454,53.7666
xtal_97.cif,./Al13Sc3N16/__initial__/134/xtal_97.cif,-53.58154,40.25388
xtal_98.cif,./Al13Sc3N16/__initial__/134/xtal_98.cif,-7.0382543,56.584927
xtal_99.cif,./Al13Sc3N16/134/xtal_99.cif,2.240843,-8.790305
xtal_1.cif,./Al13Sc3N16/__initial__/136/xtal_1.cif,-60.722767,78.314224
xtal_10.cif,./Al13Sc3N16/__initial__/136/xtal_10.cif,-35.55818,26.276447
xtal_100.cif,./Al13Sc3N16/136/xtal_100.cif,-41.11502,61.646786
xtal_11.cif,./Al13Sc3N16/136/xtal_11.cif,52.64498,74.14721
xtal_12.cif,./Al13Sc3N16/136/xtal_12.cif,-4.613994,-15.568779
xtal_13.cif,./Al13Sc3N16/__initial__/136/xtal_13.cif,-3.72892,72.40316
xtal_14.cif,./Al13Sc3N16/__initial__/136/xtal_14.cif,8.208708,55.421547
xtal_15.cif,./Al13Sc3N16/__initial__/136/xtal_15.cif,-43.646328,-51.50985
xtal_16.cif,./Al13Sc3N16/136/xtal_16.cif,-47.091682,85.29038
xtal_17.cif,./Al13Sc3N16/__initial__/136/xtal_17.cif,2.3656275,-19.54421
xtal_18.cif,./Al13Sc3N16/136/xtal_18.cif,-27.630888,74.67734
xtal_19.cif,./Al13Sc3N16/__initial__/136/xtal_19.cif,-25.641779,17.12944
xtal_2.cif,./Al13Sc3N16/__initial__/136/xtal_2.cif,12.681493,4.8468843
xtal_20.cif,./Al13Sc3N16/136/xtal_20.cif,59.711376,58.903774
xtal_21.cif,./Al13Sc3N16/136/xtal_21.cif,-37.106304,34.81885
xtal_22.cif,./Al13Sc3N16/__initial__/136/xtal_22.cif,-85.32283,-34.04732
xtal_23.cif,./Al13Sc3N16/__initial__/136/xtal_23.cif,50.377243,45.05529
xtal_24.cif,./Al13Sc3N16/136/xtal_24.cif,-62.694553,-7.7942595
xtal_25.cif,./Al13Sc3N16/__initial__/136/xtal_25.cif,-69.66093,-46.67137
xtal_26.cif,./Al13Sc3N16/__initial__/136/xtal_26.cif,38.843857,12.655954
xtal_27.cif,./Al13Sc3N16/136/xtal_27.cif,-12.605924,25.861923
xtal_28.cif,./Al13Sc3N16/__initial__/136/xtal_28.cif,1.8747714,30.15045
xtal_29.cif,./Al13Sc3N16/__initial__/136/xtal_29.cif,-41.95531,82.37413
xtal_3.cif,./Al13Sc3N16/136/xtal_3.cif,-8.353036,55.78608
xtal_30.cif,./Al13Sc3N16/__initial__/136/xtal_30.cif,-26.639868,1.9481752
xtal_31.cif,./Al13Sc3N16/__initial__/136/xtal_31.cif,-2.9273038,-17.823853
xtal_32.cif,./Al13Sc3N16/136/xtal_32.cif,-33.177563,10.133059
xtal_33.cif,./Al13Sc3N16/__initial__/136/xtal_33.cif,-84.08315,-26.689053
xtal_34.cif,./Al13Sc3N16/136/xtal_34.cif,-75.33629,-33.97288
xtal_35.cif,./Al13Sc3N16/__initial__/136/xtal_35.cif,-18.867111,73.34017
xtal_36.cif,./Al13Sc3N16/__initial__/136/xtal_36.cif,-43.911644,-42.711895
xtal_37.cif,./Al13Sc3N16/136/xtal_37.cif,17.898193,22.829258
xtal_38.cif,./Al13Sc3N16/136/xtal_38.cif,45.28178,52.195023
xtal_39.cif,./Al13Sc3N16/__initial__/136/xtal_39.cif,-74.51965,56.377186
xtal_4.cif,./Al13Sc3N16/136/xtal_4.cif,44.640526,37.71548
xtal_40.cif,./Al13Sc3N16/__initial__/136/xtal_40.cif,-9.768349,0.9799717
xtal_41.cif,./Al13Sc3N16/136/xtal_41.cif,-14.579431,-25.570116
xtal_42.cif,./Al13Sc3N16/__initial__/136/xtal_42.cif,31.88728,-4.6149874
xtal_43.cif,./Al13Sc3N16/136/xtal_43.cif,-22.54893,54.11265
xtal_44.cif,./Al13Sc3N16/136/xtal_44.cif,40.91124,86.82823
xtal_45.cif,./Al13Sc3N16/136/xtal_45.cif,-6.99715,42.779182
xtal_46.cif,./Al13Sc3N16/136/xtal_46.cif,35.26501,72.49415
xtal_47.cif,./Al13Sc3N16/136/xtal_47.cif,-4.501598,-37.157913
xtal_48.cif,./Al13Sc3N16/__initial__/136/xtal_48.cif,-43.2202,-62.883358
xtal_49.cif,./Al13Sc3N16/__initial__/136/xtal_49.cif,-5.167933,74.30406
xtal_5.cif,./Al13Sc3N16/136/xtal_5.cif,-6.3256407,-42.77154
xtal_50.cif,./Al13Sc3N16/136/xtal_50.cif,-45.07118,-62.94068
xtal_51.cif,./Al13Sc3N16/136/xtal_51.cif,29.54699,25.573284
xtal_52.cif,./Al13Sc3N16/136/xtal_52.cif,-70.374565,-8.092725
xtal_53.cif,./Al13Sc3N16/__initial__/136/xtal_53.cif,37.75289,40.158012
xtal_54.cif,./Al13Sc3N16/136/xtal_54.cif,-52.51075,75.71972
xtal_55.cif,./Al13Sc3N16/__initial__/136/xtal_55.cif,-64.54027,-41.09152
xtal_56.cif,./Al13Sc3N16/136/xtal_56.cif,-36.79299,19.509077
xtal_57.cif,./Al13Sc3N16/__initial__/136/xtal_57.cif,-66.78011,52.250988
xtal_58.cif,./Al13Sc3N16/136/xtal_58.cif,-23.334318,-44.953083
xtal_59.cif,./Al13Sc3N16/136/xtal_59.cif,-14.737627,22.062115
xtal_6.cif,./Al13Sc3N16/136/xtal_6.cif,-55.053917,53.22472
xtal_60.cif,./Al13Sc3N16/136/xtal_60.cif,-35.61736,76.06421
xtal_61.cif,./Al13Sc3N16/136/xtal_61.cif,-78.102554,-14.553839
xtal_62.cif,./Al13Sc3N16/136/xtal_62.cif,9.585716,-10.942114
xtal_63.cif,./Al13Sc3N16/__initial__/136/xtal_63.cif,35.485664,75.61303
xtal_64.cif,./Al13Sc3N16/__initial__/136/xtal_64.cif,-51.537304,58.529713
xtal_65.cif,./Al13Sc3N16/__initial__/136/xtal_65.cif,-99.67851,-18.141088
xtal_66.cif,./Al13Sc3N16/__initial__/136/xtal_66.cif,-24.40695,26.598358
xtal_67.cif,./Al13Sc3N16/__initial__/136/xtal_67.cif,-27.648632,84.71206
xtal_68.cif,./Al13Sc3N16/__initial__/136/xtal_68.cif,-11.387797,71.023224
xtal_69.cif,./Al13Sc3N16/__initial__/136/xtal_69.cif,-24.823568,80.01253
xtal_7.cif,./Al13Sc3N16/136/xtal_7.cif,-51.157078,-25.539953
xtal_70.cif,./Al13Sc3N16/__initial__/136/xtal_70.cif,-74.61015,45.542946
xtal_71.cif,./Al13Sc3N16/136/xtal_71.cif,-0.11786839,63.571087
xtal_72.cif,./Al13Sc3N16/__initial__/136/xtal_72.cif,13.4311495,-20.475784
xtal_73.cif,./Al13Sc3N16/136/xtal_73.cif,36.37296,41.212616
xtal_74.cif,./Al13Sc3N16/136/xtal_74.cif,-22.263798,-29.599243
xtal_75.cif,./Al13Sc3N16/__initial__/136/xtal_75.cif,-37.636784,-30.631294
xtal_76.cif,./Al13Sc3N16/136/xtal_76.cif,-51.347805,-45.733192
xtal_77.cif,./Al13Sc3N16/__initial__/136/xtal_77.cif,-1.084243,64.39495
xtal_78.cif,./Al13Sc3N16/136/xtal_78.cif,-9.634776,73.336365
xtal_79.cif,./Al13Sc3N16/__initial__/136/xtal_79.cif,28.423624,85.93746
xtal_8.cif,./Al13Sc3N16/136/xtal_8.cif,-51.072193,53.81529
xtal_80.cif,./Al13Sc3N16/136/xtal_80.cif,-35.00018,76.23116
xtal_81.cif,./Al13Sc3N16/136/xtal_81.cif,-57.827118,-43.190514
xtal_82.cif,./Al13Sc3N16/__initial__/136/xtal_82.cif,-29.17527,62.806408
xtal_83.cif,./Al13Sc3N16/__initial__/136/xtal_83.cif,-61.385246,-2.6842039
xtal_84.cif,./Al13Sc3N16/136/xtal_84.cif,-25.122185,-7.12275
xtal_85.cif,./Al13Sc3N16/136/xtal_85.cif,3.8359158,89.85425
xtal_86.cif,./Al13Sc3N16/__initial__/136/xtal_86.cif,-21.97639,21.099554
xtal_87.cif,./Al13Sc3N16/136/xtal_87.cif,-26.060907,30.570908
xtal_88.cif,./Al13Sc3N16/136/xtal_88.cif,-2.4143085,9.252094
xtal_89.cif,./Al13Sc3N16/136/xtal_89.cif,13.594588,32.941616
xtal_9.cif,./Al13Sc3N16/__initial__/136/xtal_9.cif,-18.952154,73.70926
xtal_90.cif,./Al13Sc3N16/136/xtal_90.cif,2.3095171,83.821655
xtal_91.cif,./Al13Sc3N16/__initial__/136/xtal_91.cif,-4.0999103,42.17428
xtal_92.cif,./Al13Sc3N16/__initial__/136/xtal_92.cif,15.842531,72.37663
xtal_93.cif,./Al13Sc3N16/__initial__/136/xtal_93.cif,-16.169903,33.24689
xtal_94.cif,./Al13Sc3N16/136/xtal_94.cif,-70.4818,36.943012
xtal_95.cif,./Al13Sc3N16/__initial__/136/xtal_95.cif,-53.284306,60.874596
xtal_96.cif,./Al13Sc3N16/__initial__/136/xtal_96.cif,64.21642,64.143845
xtal_97.cif,./Al13Sc3N16/136/xtal_97.cif,-66.94494,-10.427409
xtal_98.cif,./Al13Sc3N16/__initial__/136/xtal_98.cif,57.616947,73.9545
xtal_99.cif,./Al13Sc3N16/__initial__/136/xtal_99.cif,6.3416805,-15.752542
xtal_1.cif,./Al13Sc3N16/137/xtal_1.cif,49.360184,76.87414
xtal_10.cif,./Al13Sc3N16/__initial__/137/xtal_10.cif,-41.33448,-34.81003
xtal_100.cif,./Al13Sc3N16/137/xtal_100.cif,-45.86866,-65.996346
xtal_11.cif,./Al13Sc3N16/137/xtal_11.cif,-24.146568,4.595935
xtal_12.cif,./Al13Sc3N16/__initial__/137/xtal_12.cif,7.232639,56.729565
xtal_13.cif,./Al13Sc3N16/__initial__/137/xtal_13.cif,-59.530888,89.480225
xtal_14.cif,./Al13Sc3N16/137/xtal_14.cif,-22.928745,-15.986223
xtal_15.cif,./Al13Sc3N16/__initial__/137/xtal_15.cif,2.9624112,74.64718
xtal_16.cif,./Al13Sc3N16/__initial__/137/xtal_16.cif,-59.335342,-8.144551
xtal_17.cif,./Al13Sc3N16/137/xtal_17.cif,-20.164904,-18.310858
xtal_18.cif,./Al13Sc3N16/__initial__/137/xtal_18.cif,-2.1837003,21.82262
xtal_19.cif,./Al13Sc3N16/__initial__/137/xtal_19.cif,7.958134,-13.871324
xtal_2.cif,./Al13Sc3N16/__initial__/137/xtal_2.cif,-60.591797,-17.991867
xtal_20.cif,./Al13Sc3N16/137/xtal_20.cif,-41.03252,0.827968
xtal_21.cif,./Al13Sc3N16/__initial__/137/xtal_21.cif,-77.77898,65.22875
xtal_22.cif,./Al13Sc3N16/137/xtal_22.cif,37.718678,79.42156
xtal_23.cif,./Al13Sc3N16/__initial__/137/xtal_23.cif,-44.55093,52.456303
xtal_24.cif,./Al13Sc3N16/__initial__/137/xtal_24.cif,37.502884,70.89545
xtal_25.cif,./Al13Sc3N16/__initial__/137/xtal_25.cif,1.0866654,89.42055
xtal_26.cif,./Al13Sc3N16/137/xtal_26.cif,38.650597,30.411766
xtal_27.cif,./Al13Sc3N16/__initial__/137/xtal_27.cif,-24.53595,26.97777
xtal_28.cif,./Al13Sc3N16/137/xtal_28.cif,-49.29545,-40.59985
xtal_29.cif,./Al13Sc3N16/__initial__/137/xtal_29.cif,-86.632744,41.6403
xtal_3.cif,./Al13Sc3N16/137/xtal_3.cif,-15.080837,-7.0318065
xtal_30.cif,./Al13Sc3N16/__initial__/137/xtal_30.cif,-42.02568,18.553936
xtal_31.cif,./Al13Sc3N16/__initial__/137/xtal_31.cif,-41.418858,-13.504014
xtal_32.cif,./Al13Sc3N16/137/xtal_32.cif,-51.78165,0.13911471
xtal_33.cif,./Al13Sc3N16/137/xtal_33.cif,-79.916595,27.233274
xtal_34.cif,./Al13Sc3N16/__initial__/137/xtal_34.cif,22.594746,84.39273
xtal_35.cif,./Al13Sc3N16/137/xtal_35.cif,-5.296809,52.26241
xtal_36.cif,./Al13Sc3N16/__initial__/137/xtal_36.cif,-13.941332,87.59315
xtal_37.cif,./Al13Sc3N16/__initial__/137/xtal_37.cif,0.51808333,51.921337
xtal_38.cif,./Al13Sc3N16/137/xtal_38.cif,-10.576616,67.33166
xtal_39.cif,./Al13Sc3N16/137/xtal_39.cif,-9.676535,0.94774216
xtal_4.cif,./Al13Sc3N16/__initial__/137/xtal_4.cif,26.1336,-4.998837
xtal_40.cif,./Al13Sc3N16/__initial__/137/xtal_40.cif,-12.414644,62.867855
xtal_41.cif,./Al13Sc3N16/137/xtal_41.cif,-7.4010773,63.239944
xtal_42.cif,./Al13Sc3N16/137/xtal_42.cif,-57.227837,-42.879986
xtal_43.cif,./Al13Sc3N16/__initial__/137/xtal_43.cif,-68.81032,-34.8924
xtal_44.cif,./Al13Sc3N16/137/xtal_44.cif,-57.389084,-19.7112
xtal_45.cif,./Al13Sc3N16/__initial__/137/xtal_45.cif,-42.47136,7.203992
xtal_46.cif,./Al13Sc3N16/137/xtal_46.cif,58.321163,77.84411
xtal_47.cif,./Al13Sc3N16/137/xtal_47.cif,-4.0611057,-20.804956
xtal_48.cif,./Al13Sc3N16/137/xtal_48.cif,-42.796024,-62.348507
xtal_49.cif,./Al13Sc3N16/137/xtal_49.cif,-47.87725,78.75175
xtal_5.cif,./Al13Sc3N16/137/xtal_5.cif,-10.021038,63.060467
xtal_50.cif,./Al13Sc3N16/__initial__/137/xtal_50.cif,22.951534,9.407354
xtal_51.cif,./Al13Sc3N16/__initial__/137/xtal_51.cif,-83.595085,-30.296549
xtal_52.cif,./Al13Sc3N16/__initial__/137/xtal_52.cif,-23.359148,2.4588234
xtal_53.cif,./Al13Sc3N16/137/xtal_53.cif,-21.504747,-5.915263
xtal_54.cif,./Al13Sc3N16/__initial__/137/xtal_54.cif,-43.053596,-15.224188
xtal_55.cif,./Al13Sc3N16/137/xtal_55.cif,11.382097,44.33372
xtal_56.cif,./Al13Sc3N16/137/xtal_56.cif,-31.940855,-14.19434
xtal_57.cif,./Al13Sc3N16/137/xtal_57.cif,-1.590705,89.41004
xtal_58.cif,./Al13Sc3N16/137/xtal_58.cif,-68.39263,-12.95951
xtal_59.cif,./Al13Sc3N16/137/xtal_59.cif,-16.79043,64.14499
xtal_6.cif,./Al13Sc3N16/137/xtal_6.cif,-26.879915,-7.808988
xtal_60.cif,./Al13Sc3N16/__initial__/137/xtal_60.cif,-7.3083854,80.693726
xtal_61.cif,./Al13Sc3N16/137/xtal_61.cif,-17.238043,51.91889
xtal_62.cif,./Al13Sc3N16/137/xtal_62.cif,15.57075,7.3769884
xtal_63.cif,./Al13Sc3N16/__initial__/137/xtal_63.cif,-41.35701,91.14743
xtal_64.cif,./Al13Sc3N16/137/xtal_64.cif,-50.763824,-43.508892
xtal_65.cif,./Al13Sc3N16/__initial__/137/xtal_65.cif,-11.789754,-6.92583
xtal_66.cif,./Al13Sc3N16/__initial__/137/xtal_66.cif,30.187227,29.50533
xtal_67.cif,./Al13Sc3N16/137/xtal_67.cif,60.67681,56.1892
xtal_68.cif,./Al13Sc3N16/__initial__/137/xtal_68.cif,-20.377913,-12.0456705
xtal_69.cif,./Al13Sc3N16/137/xtal_69.cif,-14.465938,-48.10105
xtal_7.cif,./Al13Sc3N16/137/xtal_7.cif,-57.882072,63.190205
xtal_70.cif,./Al13Sc3N16/__initial__/137/xtal_70.cif,-27.946787,-64.03021
xtal_71.cif,./Al13Sc3N16/137/xtal_71.cif,-43.423725,-66.0449
xtal_72.cif,./Al13Sc3N16/137/xtal_72.cif,-2.2013729,80.113815
xtal_73.cif,./Al13Sc3N16/__initial__/137/xtal_73.cif,-12.303611,4.961962
xtal_74.cif,./Al13Sc3N16/137/xtal_74.cif,-31.061218,11.81492
xtal_75.cif,./Al13Sc3N16/__initial__/137/xtal_75.cif,-102.23512,-17.253254
xtal_76.cif,./Al13Sc3N16/__initial__/137/xtal_76.cif,-75.90266,-10.959548
xtal_77.cif,./Al13Sc3N16/137/xtal_77.cif,9.921676,79.508026
xtal_78.cif,./Al13Sc3N16/__initial__/137/xtal_78.cif,-26.118,-40.036156
xtal_79.cif,./Al13Sc3N16/137/xtal_79.cif,-0.057370327,15.409813
xtal_8.cif,./Al13Sc3N16/__initial__/137/xtal_8.cif,1.5913346,58.401405
xtal_80.cif,./Al13Sc3N16/137/xtal_80.cif,25.19266,42.768333
xtal_81.cif,./Al13Sc3N16/137/xtal_81.cif,62.547768,59.647385
xtal_82.cif,./Al13Sc3N16/__initial__/137/xtal_82.cif,56.14239,47.792007
xtal_83.cif,./Al13Sc3N16/137/xtal_83.cif,47.100952,27.879395
xtal_84.cif,./Al13Sc3N16/137/xtal_84.cif,-1.669753,55.751343
xtal_85.cif,./Al13Sc3N16/__initial__/137/xtal_85.cif,48.687225,49.54773
xtal_86.cif,./Al13Sc3N16/137/xtal_86.cif,21.43431,41.132652
xtal_87.cif,./Al13Sc3N16/__initial__/137/xtal_87.cif,-46.022484,1.3888963
xtal_88.cif,./Al13Sc3N16/__initial__/137/xtal_88.cif,-43.716442,-64.45644
xtal_89.cif,./Al13Sc3N16/137/xtal_89.cif,7.832757,-36.808434
xtal_9.cif,./Al13Sc3N16/__initial__/137/xtal_9.cif,-76.38453,58.782436
xtal_90.cif,./Al13Sc3N16/__initial__/137/xtal_90.cif,13.936363,24.204744
xtal_91.cif,./Al13Sc3N16/__initial__/137/xtal_91.cif,-53.25077,60.97319
xtal_92.cif,./Al13Sc3N16/137/xtal_92.cif,-21.193745,83.846085
xtal_93.cif,./Al13Sc3N16/__initial__/137/xtal_93.cif,5.9868565,32.12582
xtal_94.cif,./Al13Sc3N16/__initial__/137/xtal_94.cif,28.419775,32.01221
xtal_95.cif,./Al13Sc3N16/137/xtal_95.cif,23.17345,9.835225
xtal_96.cif,./Al13Sc3N16/__initial__/137/xtal_96.cif,-24.955524,-61.98744
xtal_97.cif,./Al13Sc3N16/__initial__/137/xtal_97.cif,49.29217,61.997776
xtal_98.cif,./Al13Sc3N16/137/xtal_98.cif,-27.558153,-46.532356
xtal_99.cif,./Al13Sc3N16/__initial__/137/xtal_99.cif,-6.2225633,61.14225
xtal_1.cif,./Al13Sc3N16/139/xtal_1.cif,1.5618758,69.81567
xtal_10.cif,./Al13Sc3N16/__initial__/139/xtal_10.cif,-74.212944,-3.786774
xtal_100.cif,./Al13Sc3N16/__initial__/139/xtal_100.cif,-79.15692,-9.428723
xtal_11.cif,./Al13Sc3N16/139/xtal_11.cif,-40.472965,36.70221
xtal_12.cif,./Al13Sc3N16/__initial__/139/xtal_12.cif,-59.619797,87.341125
xtal_13.cif,./Al13Sc3N16/__initial__/139/xtal_13.cif,-25.591671,79.18701
xtal_14.cif,./Al13Sc3N16/__initial__/139/xtal_14.cif,-22.393366,55.908775
xtal_15.cif,./Al13Sc3N16/139/xtal_15.cif,-26.71003,91.69912
xtal_16.cif,./Al13Sc3N16/139/xtal_16.cif,-35.202087,80.3249
xtal_17.cif,./Al13Sc3N16/139/xtal_17.cif,-46.259712,60.21763
xtal_18.cif,./Al13Sc3N16/139/xtal_18.cif,-62.25322,43.78714
xtal_19.cif,./Al13Sc3N16/__initial__/139/xtal_19.cif,-63.753426,51.639675
xtal_2.cif,./Al13Sc3N16/__initial__/139/xtal_2.cif,-72.44233,37.985867
xtal_20.cif,./Al13Sc3N16/__initial__/139/xtal_20.cif,-106.176155,5.8131084
xtal_21.cif,./Al13Sc3N16/139/xtal_21.cif,-49.002857,52.467255
xtal_22.cif,./Al13Sc3N16/__initial__/139/xtal_22.cif,-25.060848,24.634302
xtal_23.cif,./Al13Sc3N16/__initial__/139/xtal_23.cif,-0.6998903,90.255646
xtal_24.cif,./Al13Sc3N16/139/xtal_24.cif,-73.983826,71.61041
xtal_25.cif,./Al13Sc3N16/139/xtal_25.cif,4.6069746,42.895992
xtal_26.cif,./Al13Sc3N16/__initial__/139/xtal_26.cif,-5.329109,-32.99555
xtal_27.cif,./Al13Sc3N16/139/xtal_27.cif,-49.804745,27.254162
xtal_28.cif,./Al13Sc3N16/__initial__/139/xtal_28.cif,-57.94947,73.72761
xtal_29.cif,./Al13Sc3N16/139/xtal_29.cif,-62.47185,44.647205
xtal_3.cif,./Al13Sc3N16/__initial__/139/xtal_3.cif,13.723358,59.631138
xtal_30.cif,./Al13Sc3N16/__initial__/139/xtal_30.cif,-67.28829,51.83724
xtal_31.cif,./Al13Sc3N16/__initial__/139/xtal_31.cif,-75.56924,-68.81123
xtal_32.cif,./Al13Sc3N16/139/xtal_32.cif,-79.86595,-37.698517
xtal_33.cif,./Al13Sc3N16/__initial__/139/xtal_33.cif,-44.607456,-13.222927
xtal_34.cif,./Al13Sc3N16/__initial__/139/xtal_34.cif,-57.488045,76.18348
xtal_35.cif,./Al13Sc3N16/__initial__/139/xtal_35.cif,-86.56287,37.27079
xtal_36.cif,./Al13Sc3N16/__initial__/139/xtal_36.cif,-16.3903,32.54236
xtal_37.cif,./Al13Sc3N16/139/xtal_37.cif,4.414731,22.53716
xtal_38.cif,./Al13Sc3N16/139/xtal_38.cif,-33.97327,58.07861
xtal_39.cif,./Al13Sc3N16/__initial__/139/xtal_39.cif,-77.973206,-36.926205
xtal_4.cif,./Al13Sc3N16/139/xtal_4.cif,-26.541069,-47.119415
xtal_40.cif,./Al13Sc3N16/139/xtal_40.cif,37.630714,82.41915
xtal_41.cif,./Al13Sc3N16/139/xtal_41.cif,11.180492,43.476074
xtal_42.cif,./Al13Sc3N16/__initial__/139/xtal_42.cif,43.37191,84.62341
xtal_43.cif,./Al13Sc3N16/__initial__/139/xtal_43.cif,2.3512666,34.932713
xtal_44.cif,./Al13Sc3N16/__initial__/139/xtal_44.cif,-24.578157,77.98168
xtal_45.cif,./Al13Sc3N16/__initial__/139/xtal_45.cif,-31.949139,-3.0459714
xtal_46.cif,./Al13Sc3N16/__initial__/139/xtal_46.cif,-29.956072,56.0074
xtal_47.cif,./Al13Sc3N16/__initial__/139/xtal_47.cif,12.881177,78.62456
xtal_48.cif,./Al13Sc3N16/139/xtal_48.cif,-68.2972,59.791588
xtal_49.cif,./Al13Sc3N16/__initial__/139/xtal_49.cif,-52.992626,-12.3652935
xtal_5.cif,./Al13Sc3N16/139/xtal_5.cif,-44.39901,46.08558
xtal_50.cif,./Al13Sc3N16/__initial__/139/xtal_50.cif,-83.50848,61.628967
xtal_51.cif,./Al13Sc3N16/139/xtal_51.cif,-21.902842,39.32227
xtal_52.cif,./Al13Sc3N16/139/xtal_52.cif,-14.874125,33.70426
xtal_53.cif,./Al13Sc3N16/139/xtal_53.cif,1.5689874,-1.9062392
xtal_54.cif,./Al13Sc3N16/139/xtal_54.cif,-11.736916,75.44355
xtal_55.cif,./Al13Sc3N16/__initial__/139/xtal_55.cif,-48.874,66.66426
xtal_56.cif,./Al13Sc3N16/139/xtal_56.cif,49.096546,14.246118
xtal_57.cif,./Al13Sc3N16/__initial__/139/xtal_57.cif,-62.190094,-19.480064
xtal_58.cif,./Al13Sc3N16/139/xtal_58.cif,-67.465256,85.90462
xtal_59.cif,./Al13Sc3N16/139/xtal_59.cif,-28.15275,53.23353
xtal_6.cif,./Al13Sc3N16/__initial__/139/xtal_6.cif,-71.195366,36.78155
xtal_60.cif,./Al13Sc3N16/139/xtal_60.cif,-27.28139,53.6436
xtal_61.cif,./Al13Sc3N16/__initial__/139/xtal_61.cif,-79.15345,-36.023937
xtal_62.cif,./Al13Sc3N16/__initial__/139/xtal_62.cif,-4.843977,58.768658
xtal_63.cif,./Al13Sc3N16/__initial__/139/xtal_63.cif,-29.960691,54.208157
xtal_64.cif,./Al13Sc3N16/__initial__/139/xtal_64.cif,-44.82707,34.157806
xtal_65.cif,./Al13Sc3N16/139/xtal_65.cif,-54.40517,-30.977661
xtal_66.cif,./Al13Sc3N16/139/xtal_66.cif,-16.239416,-26.245687
xtal_67.cif,./Al13Sc3N16/139/xtal_67.cif,-50.27086,10.71162
xtal_68.cif,./Al13Sc3N16/__initial__/139/xtal_68.cif,20.783823,-20.812407
xtal_69.cif,./Al13Sc3N16/__initial__/139/xtal_69.cif,-53.03346,-22.626024
xtal_7.cif,./Al13Sc3N16/139/xtal_7.cif,-66.9799,55.752625
xtal_70.cif,./Al13Sc3N16/__initial__/139/xtal_70.cif,-81.34172,62.265377
xtal_71.cif,./Al13Sc3N16/139/xtal_71.cif,-63.960613,48.32509
xtal_72.cif,./Al13Sc3N16/__initial__/139/xtal_72.cif,-43.268974,47.949768
xtal_73.cif,./Al13Sc3N16/139/xtal_73.cif,-67.02061,-42.42582
xtal_74.cif,./Al13Sc3N16/__initial__/139/xtal_74.cif,-43.301125,92.45084
xtal_75.cif,./Al13Sc3N16/139/xtal_75.cif,-94.3157,-25.794075
xtal_76.cif,./Al13Sc3N16/139/xtal_76.cif,-90.326004,-8.0717945
xtal_77.cif,./Al13Sc3N16/139/xtal_77.cif,-48.192066,-36.358437
xtal_78.cif,./Al13Sc3N16/__initial__/139/xtal_78.cif,-28.222263,-39.866833
xtal_79.cif,./Al13Sc3N16/139/xtal_79.cif,-71.408424,85.283226
xtal_8.cif,./Al13Sc3N16/139/xtal_8.cif,-49.3329,-23.523615
xtal_80.cif,./Al13Sc3N16/139/xtal_80.cif,-47.256065,78.3361
xtal_81.cif,./Al13Sc3N16/139/xtal_81.cif,-59.56308,40.870293
xtal_82.cif,./Al13Sc3N16/__initial__/139/xtal_82.cif,-62.987473,-47.821663
xtal_83.cif,./Al13Sc3N16/__initial__/139/xtal_83.cif,-41.43408,36.753483
xtal_84.cif,./Al13Sc3N16/__initial__/139/xtal_84.cif,-60.196342,42.361847
xtal_85.cif,./Al13Sc3N16/139/xtal_85.cif,-87.223366,36.500484
xtal_86.cif,./Al13Sc3N16/139/xtal_86.cif,-32.652626,88.28657
xtal_87.cif,./Al13Sc3N16/139/xtal_87.cif,-44.90463,-16.969368
xtal_88.cif,./Al13Sc3N16/139/xtal_88.cif,51.274803,75.9728
xtal_89.cif,./Al13Sc3N16/139/xtal_89.cif,28.734344,-11.229605
xtal_9.cif,./Al13Sc3N16/139/xtal_9.cif,-56.28747,-43.86739
xtal_90.cif,./Al13Sc3N16/__initial__/139/xtal_90.cif,30.819143,30.665104
xtal_91.cif,./Al13Sc3N16/__initial__/139/xtal_91.cif,-75.08552,28.103914
xtal_92.cif,./Al13Sc3N16/139/xtal_92.cif,-30.717848,67.97639
xtal_93.cif,./Al13Sc3N16/139/xtal_93.cif,-60.482243,5.9490376
xtal_94.cif,./Al13Sc3N16/__initial__/139/xtal_94.cif,-76.32599,60.011013
xtal_95.cif,./Al13Sc3N16/__initial__/139/xtal_95.cif,4.9221654,36.806175
xtal_96.cif,./Al13Sc3N16/139/xtal_96.cif,51.02733,59.53311
xtal_97.cif,./Al13Sc3N16/139/xtal_97.cif,-103.80172,-2.425126
xtal_98.cif,./Al13Sc3N16/__initial__/139/xtal_98.cif,-101.36702,-21.015253
xtal_99.cif,./Al13Sc3N16/139/xtal_99.cif,31.895584,33.511143
xtal_1.cif,./Al13Sc3N16/143/xtal_1.cif,42.82439,-38.54493
xtal_10.cif,./Al13Sc3N16/__initial__/143/xtal_10.cif,26.043201,-59.078854
xtal_100.cif,./Al13Sc3N16/__initial__/143/xtal_100.cif,77.97323,1.7169307
xtal_11.cif,./Al13Sc3N16/__initial__/143/xtal_11.cif,13.515088,-81.08501
xtal_12.cif,./Al13Sc3N16/143/xtal_12.cif,78.43358,-56.43104
xtal_13.cif,./Al13Sc3N16/__initial__/143/xtal_13.cif,67.66418,40.93063
xtal_14.cif,./Al13Sc3N16/__initial__/143/xtal_14.cif,-75.439,-60.21974
xtal_15.cif,./Al13Sc3N16/__initial__/143/xtal_15.cif,4.802125,-5.6746764
xtal_16.cif,./Al13Sc3N16/__initial__/143/xtal_16.cif,62.186535,-64.36025
xtal_17.cif,./Al13Sc3N16/__initial__/143/xtal_17.cif,80.9901,-67.72052
xtal_18.cif,./Al13Sc3N16/__initial__/143/xtal_18.cif,90.357376,-17.32944
xtal_19.cif,./Al13Sc3N16/143/xtal_19.cif,18.769842,-89.53609
xtal_2.cif,./Al13Sc3N16/143/xtal_2.cif,89.666725,15.341891
xtal_20.cif,./Al13Sc3N16/143/xtal_20.cif,41.721657,-32.559345
xtal_21.cif,./Al13Sc3N16/__initial__/143/xtal_21.cif,22.301073,-73.33777
xtal_22.cif,./Al13Sc3N16/143/xtal_22.cif,48.797455,-47.560215
xtal_23.cif,./Al13Sc3N16/143/xtal_23.cif,26.322504,-56.037678
xtal_24.cif,./Al13Sc3N16/143/xtal_24.cif,7.8081517,-82.43868
xtal_25.cif,./Al13Sc3N16/__initial__/143/xtal_25.cif,13.837808,-66.76002
xtal_26.cif,./Al13Sc3N16/143/xtal_26.cif,49.582424,-74.83838
xtal_27.cif,./Al13Sc3N16/143/xtal_27.cif,75.143135,-80.62961
xtal_28.cif,./Al13Sc3N16/143/xtal_28.cif,50.71795,-49.567158
xtal_29.cif,./Al13Sc3N16/143/xtal_29.cif,82.30703,41.345116
xtal_3.cif,./Al13Sc3N16/143/xtal_3.cif,78.60941,-55.785538
xtal_30.cif,./Al13Sc3N16/143/xtal_30.cif,35.898148,-90.25635
xtal_31.cif,./Al13Sc3N16/__initial__/143/xtal_31.cif,87.95379,-12.476713
xtal_32.cif,./Al13Sc3N16/__initial__/143/xtal_32.cif,59.59139,-38.96431
xtal_33.cif,./Al13Sc3N16/__initial__/143/xtal_33.cif,52.873547,-6.8940334
xtal_34.cif,./Al13Sc3N16/143/xtal_34.cif,-24.15172,-8.034314
xtal_35.cif,./Al13Sc3N16/__initial__/143/xtal_35.cif,79.42911,-58.659195
xtal_36.cif,./Al13Sc3N16/__initial__/143/xtal_36.cif,86.05565,-53.302753
xtal_37.cif,./Al13Sc3N16/143/xtal_37.cif,91.733246,-4.452861
xtal_38.cif,./Al13Sc3N16/143/xtal_38.cif,89.38404,-35.85396
xtal_39.cif,./Al13Sc3N16/__initial__/143/xtal_39.cif,15.7634735,-77.90324
xtal_4.cif,./Al13Sc3N16/__initial__/143/xtal_4.cif,-0.2022322,-9.605693
xtal_40.cif,./Al13Sc3N16/__initial__/143/xtal_40.cif,-42.303535,-38.809063
xtal_41.cif,./Al13Sc3N16/__initial__/143/xtal_41.cif,89.04202,-14.838987
xtal_42.cif,./Al13Sc3N16/__initial__/143/xtal_42.cif,36.671402,37.046543
xtal_43.cif,./Al13Sc3N16/__initial__/143/xtal_43.cif,31.655336,-41.28961
xtal_44.cif,./Al13Sc3N16/__initial__/143/xtal_44.cif,54.30063,-22.411991
xtal_45.cif,./Al13Sc3N16/143/xtal_45.cif,69.5164,-53.087463
xtal_46.cif,./Al13Sc3N16/143/xtal_46.cif,-28.65595,-21.350794
xtal_47.cif,./Al13Sc3N16/143/xtal_47.cif,74.95119,-33.58567
xtal_48.cif,./Al13Sc3N16/143/xtal_48.cif,53.661907,-60.131256
xtal_49.cif,./Al13Sc3N16/143/xtal_49.cif,78.78644,2.8853114
xtal_5.cif,./Al13Sc3N16/143/xtal_5.cif,-0.5683284,-2.1761267
xtal_50.cif,./Al13Sc3N16/143/xtal_50.cif,74.768814,19.580175
xtal_51.cif,./Al13Sc3N16/__initial__/143/xtal_51.cif,72.11537,-10.777433
xtal_52.cif,./Al13Sc3N16/143/xtal_52.cif,67.185745,-46.0662
xtal_53.cif,./Al13Sc3N16/143/xtal_53.cif,67.38289,-79.56751
xtal_54.cif,./Al13Sc3N16/143/xtal_54.cif,-45.5454,-50.793556
xtal_55.cif,./Al13Sc3N16/__initial__/143/xtal_55.cif,31.250536,-68.6864
xtal_56.cif,./Al13Sc3N16/143/xtal_56.cif,4.1489587,43.345913
xtal_57.cif,./Al13Sc3N16/__initial__/143/xtal_57.cif,92.64594,-42.770645
xtal_58.cif,./Al13Sc3N16/143/xtal_58.cif,59.050552,8.901764
xtal_59.cif,./Al13Sc3N16/__initial__/143/xtal_59.cif,29.607395,-48.50268
xtal_6.cif,./Al13Sc3N16/143/xtal_6.cif,60.359623,-35.67938
xtal_60.cif,./Al13Sc3N16/143/xtal_60.cif,51.432262,-13.741377
xtal_61.cif,./Al13Sc3N16/143/xtal_61.cif,33.652016,-75.037285
xtal_62.cif,./Al13Sc3N16/__initial__/143/xtal_62.cif,-24.415354,12.391133
xtal_63.cif,./Al13Sc3N16/143/xtal_63.cif,-104.40688,-23.56877
xtal_64.cif,./Al13Sc3N16/__initial__/143/xtal_64.cif,96.586075,-47.519672
xtal_65.cif,./Al13Sc3N16/__initial__/143/xtal_65.cif,85.825485,-53.259277
xtal_66.cif,./Al13Sc3N16/143/xtal_66.cif,-9.647208,-51.166508
xtal_67.cif,./Al13Sc3N16/__initial__/143/xtal_67.cif,85.84722,-57.69478
xtal_68.cif,./Al13Sc3N16/__initial__/143/xtal_68.cif,-52.346622,-58.12039
xtal_69.cif,./Al13Sc3N16/143/xtal_69.cif,35.28187,-60.42112
xtal_7.cif,./Al13Sc3N16/143/xtal_7.cif,-59.114456,-55.450996
xtal_70.cif,./Al13Sc3N16/143/xtal_70.cif,26.09663,-59.70478
xtal_71.cif,./Al13Sc3N16/__initial__/143/xtal_71.cif,80.8119,8.643291
xtal_72.cif,./Al13Sc3N16/143/xtal_72.cif,95.07867,-15.769533
xtal_73.cif,./Al13Sc3N16/143/xtal_73.cif,-14.180739,-75.72497
xtal_74.cif,./Al13Sc3N16/143/xtal_74.cif,12.584641,46.46416
xtal_75.cif,./Al13Sc3N16/__initial__/143/xtal_75.cif,95.404396,6.5037146
xtal_76.cif,./Al13Sc3N16/143/xtal_76.cif,39.353092,25.889421
xtal_77.cif,./Al13Sc3N16/__initial__/143/xtal_77.cif,-70.45292,-55.358208
xtal_78.cif,./Al13Sc3N16/143/xtal_78.cif,4.220703,-72.90247
xtal_79.cif,./Al13Sc3N16/143/xtal_79.cif,19.601524,-91.66399
xtal_8.cif,./Al13Sc3N16/143/xtal_8.cif,46.550415,-14.463004
xtal_80.cif,./Al13Sc3N16/__initial__/143/xtal_80.cif,36.18013,-72.26149
xtal_81.cif,./Al13Sc3N16/__initial__/143/xtal_81.cif,29.82083,-87.69837
xtal_82.cif,./Al13Sc3N16/143/xtal_82.cif,77.00766,-42.653957
xtal_83.cif,./Al13Sc3N16/143/xtal_83.cif,63.080383,-20.2429
xtal_84.cif,./Al13Sc3N16/__initial__/143/xtal_84.cif,93.097206,-16.37741
xtal_85.cif,./Al13Sc3N16/__initial__/143/xtal_85.cif,89.41053,-27.165827
xtal_86.cif,./Al13Sc3N16/__initial__/143/xtal_86.cif,-61.00507,-52.226448
xtal_87.cif,./Al13Sc3N16/__initial__/143/xtal_87.cif,-65.665474,-58.76573
xtal_88.cif,./Al13Sc3N16/143/xtal_88.cif,11.556593,-70.468956
xtal_89.cif,./Al13Sc3N16/143/xtal_89.cif,-40.59555,-82.84741
xtal_9.cif,./Al13Sc3N16/143/xtal_9.cif,77.184975,31.355927
xtal_90.cif,./Al13Sc3N16/__initial__/143/xtal_90.cif,45.800926,-44.582664
xtal_91.cif,./Al13Sc3N16/__initial__/143/xtal_91.cif,34.252625,-46.75001
xtal_92.cif,./Al13Sc3N16/__initial__/143/xtal_92.cif,49.178684,-84.578285
xtal_93.cif,./Al13Sc3N16/143/xtal_93.cif,70.63644,16.22984
xtal_94.cif,./Al13Sc3N16/143/xtal_94.cif,-102.57405,-9.219716
xtal_95.cif,./Al13Sc3N16/143/xtal_95.cif,49.757,-51.73099
xtal_96.cif,./Al13Sc3N16/__initial__/143/xtal_96.cif,81.29343,-6.883074
xtal_97.cif,./Al13Sc3N16/__initial__/143/xtal_97.cif,38.05035,-55.516148
xtal_98.cif,./Al13Sc3N16/__initial__/143/xtal_98.cif,65.30115,-12.140421
xtal_99.cif,./Al13Sc3N16/143/xtal_99.cif,87.3963,-14.964738
xtal_1.cif,./Al13Sc3N16/__initial__/147/xtal_1.cif,-0.48833635,41.287685
xtal_10.cif,./Al13Sc3N16/147/xtal_10.cif,18.496717,-13.954255
xtal_100.cif,./Al13Sc3N16/__initial__/147/xtal_100.cif,-40.020645,89.34489
xtal_11.cif,./Al13Sc3N16/147/xtal_11.cif,-74.18149,-27.893444
xtal_12.cif,./Al13Sc3N16/__initial__/147/xtal_12.cif,7.7426844,39.8764
xtal_13.cif,./Al13Sc3N16/147/xtal_13.cif,-58.3279,69.632515
xtal_14.cif,./Al13Sc3N16/147/xtal_14.cif,-42.82266,-15.443574
xtal_15.cif,./Al13Sc3N16/__initial__/147/xtal_15.cif,45.905155,69.75566
xtal_16.cif,./Al13Sc3N16/147/xtal_16.cif,-30.84625,-0.98495156
xtal_17.cif,./Al13Sc3N16/147/xtal_17.cif,33.62429,26.62429
xtal_18.cif,./Al13Sc3N16/147/xtal_18.cif,0.7060817,-7.056503
xtal_19.cif,./Al13Sc3N16/__initial__/147/xtal_19.cif,-44.126568,-35.07063
xtal_2.cif,./Al13Sc3N16/147/xtal_2.cif,12.836852,36.067066
xtal_20.cif,./Al13Sc3N16/__initial__/147/xtal_20.cif,-55.336254,65.46062
xtal_21.cif,./Al13Sc3N16/147/xtal_21.cif,4.914504,4.500524
xtal_22.cif,./Al13Sc3N16/__initial__/147/xtal_22.cif,-3.8575523,-19.464884
xtal_23.cif,./Al13Sc3N16/__initial__/147/xtal_23.cif,-32.94085,-44.25101
xtal_24.cif,./Al13Sc3N16/147/xtal_24.cif,-39.11084,-48.910885
xtal_25.cif,./Al13Sc3N16/__initial__/147/xtal_25.cif,50.012436,31.7272
xtal_26.cif,./Al13Sc3N16/147/xtal_26.cif,-7.2223215,-12.568996
xtal_27.cif,./Al13Sc3N16/147/xtal_27.cif,25.173534,67.16733
xtal_28.cif,./Al13Sc3N16/147/xtal_28.cif,37.28696,48.635178
xtal_29.cif,./Al13Sc3N16/__initial__/147/xtal_29.cif,-62.970013,62.705162
xtal_3.cif,./Al13Sc3N16/147/xtal_3.cif,-43.73353,-0.74472666
xtal_30.cif,./Al13Sc3N16/__initial__/147/xtal_30.cif,-52.80891,60.101364
xtal_31.cif,./Al13Sc3N16/147/xtal_31.cif,-74.54985,22.03424
xtal_32.cif,./Al13Sc3N16/__initial__/147/xtal_32.cif,42.00711,15.129286
xtal_33.cif,./Al13Sc3N16/147/xtal_33.cif,-77.00937,13.955138
xtal_34.cif,./Al13Sc3N16/__initial__/147/xtal_34.cif,37.640896,30.173645
xtal_35.cif,./Al13Sc3N16/147/xtal_35.cif,53.611233,39.022408
xtal_36.cif,./Al13Sc3N16/147/xtal_36.cif,-75.16227,-65.74718
xtal_37.cif,./Al13Sc3N16/147/xtal_37.cif,42.43409,33.706158
xtal_38.cif,./Al13Sc3N16/__initial__/147/xtal_38.cif,-22.792171,-18.139156
xtal_39.cif,./Al13Sc3N16/147/xtal_39.cif,0.44263664,35.539425
xtal_4.cif,./Al13Sc3N16/147/xtal_4.cif,8.619138,6.961218
xtal_40.cif,./Al13Sc3N16/__initial__/147/xtal_40.cif,-46.141285,-51.049488
xtal_41.cif,./Al13Sc3N16/147/xtal_41.cif,-102.71274,0.23018801
xtal_42.cif,./Al13Sc3N16/__initial__/147/xtal_42.cif,-72.895134,53.525127
xtal_43.cif,./Al13Sc3N16/147/xtal_43.cif,4.5563865,19.212717
xtal_44.cif,./Al13Sc3N16/147/xtal_44.cif,59.99633,75.55618
xtal_45.cif,./Al13Sc3N16/147/xtal_45.cif,9.734927,4.479798
xtal_46.cif,./Al13Sc3N16/__initial__/147/xtal_46.cif,-70.612495,-27.445917
xtal_47.cif,./Al13Sc3N16/__initial__/147/xtal_47.cif,-61.50249,7.0351005
xtal_48.cif,./Al13Sc3N16/147/xtal_48.cif,26.980888,31.773754
xtal_49.cif,./Al13Sc3N16/__initial__/147/xtal_49.cif,-21.83851,70.485535
xtal_5.cif,./Al13Sc3N16/147/xtal_5.cif,12.20113,32.86445
xtal_50.cif,./Al13Sc3N16/147/xtal_50.cif,43.409966,13.387543
xtal_51.cif,./Al13Sc3N16/__initial__/147/xtal_51.cif,-82.02969,-16.129305
xtal_52.cif,./Al13Sc3N16/__initial__/147/xtal_52.cif,20.1533,4.4440284
xtal_53.cif,./Al13Sc3N16/147/xtal_53.cif,-42.78524,-66.830505
xtal_54.cif,./Al13Sc3N16/147/xtal_54.cif,23.45872,5.734538
xtal_55.cif,./Al13Sc3N16/__initial__/147/xtal_55.cif,-28.267715,-54.217293
xtal_56.cif,./Al13Sc3N16/147/xtal_56.cif,-11.711383,3.1070344
xtal_57.cif,./Al13Sc3N16/__initial__/147/xtal_57.cif,29.525036,-9.631236
xtal_58.cif,./Al13Sc3N16/__initial__/147/xtal_58.cif,20.366997,-2.2026303
xtal_59.cif,./Al13Sc3N16/147/xtal_59.cif,-33.00793,42.49982
xtal_6.cif,./Al13Sc3N16/__initial__/147/xtal_6.cif,27.569344,-6.860701
xtal_60.cif,./Al13Sc3N16/147/xtal_60.cif,26.270721,86.08195
xtal_61.cif,./Al13Sc3N16/__initial__/147/xtal_61.cif,-9.081172,59.634396
xtal_62.cif,./Al13Sc3N16/147/xtal_62.cif,-41.26181,67.42883
xtal_63.cif,./Al13Sc3N16/__initial__/147/xtal_63.cif,12.531765,40.568535
xtal_64.cif,./Al13Sc3N16/147/xtal_64.cif,-7.1800036,14.739132
xtal_65.cif,./Al13Sc3N16/__initial__/147/xtal_65.cif,-5.5268188,-41.088505
xtal_66.cif,./Al13Sc3N16/147/xtal_66.cif,-43.337997,51.639194
xtal_67.cif,./Al13Sc3N16/__initial__/147/xtal_67.cif,-13.46839,1.8505654
xtal_68.cif,./Al13Sc3N16/__initial__/147/xtal_68.cif,-82.39534,-27.112011
xtal_69.cif,./Al13Sc3N16/147/xtal_69.cif,8.516889,-0.9207943
xtal_7.cif,./Al13Sc3N16/__initial__/147/xtal_7.cif,-87.72999,-29.934954
xtal_70.cif,./Al13Sc3N16/147/xtal_70.cif,-20.19201,-6.8278
xtal_71.cif,./Al13Sc3N16/147/xtal_71.cif,-36.140274,-45.818672
xtal_72.cif,./Al13Sc3N16/147/xtal_72.cif,23.359505,-3.5620508
xtal_73.cif,./Al13Sc3N16/__initial__/147/xtal_73.cif,43.101128,29.824413
xtal_74.cif,./Al13Sc3N16/147/xtal_74.cif,-51.272633,51.446705
xtal_75.cif,./Al13Sc3N16/__initial__/147/xtal_75.cif,-75.873024,69.86115
xtal_76.cif,./Al13Sc3N16/147/xtal_76.cif,-94.774734,-19.72624
xtal_77.cif,./Al13Sc3N16/__initial__/147/xtal_77.cif,-99.525734,-4.0071745
xtal_78.cif,./Al13Sc3N16/147/xtal_78.cif,-48.08833,-70.96283
xtal_79.cif,./Al13Sc3N16/__initial__/147/xtal_79.cif,-27.766201,39.741093
xtal_8.cif,./Al13Sc3N16/__initial__/147/xtal_8.cif,16.494507,1.8563764
xtal_80.cif,./Al13Sc3N16/__initial__/147/xtal_80.cif,30.162312,48.49889
xtal_81.cif,./Al13Sc3N16/147/xtal_81.cif,-50.77335,28.355091
xtal_82.cif,./Al13Sc3N16/147/xtal_82.cif,-48.889053,-33.44326
xtal_83.cif,./Al13Sc3N16/__initial__/147/xtal_83.cif,-87.09901,-23.557026
xtal_84.cif,./Al13Sc3N16/147/xtal_84.cif,37.373962,44.856354
xtal_85.cif,./Al13Sc3N16/147/xtal_85.cif,29.046528,19.551456
xtal_86.cif,./Al13Sc3N16/__initial__/147/xtal_86.cif,-88.24441,2.2416759
xtal_87.cif,./Al13Sc3N16/147/xtal_87.cif,33.075977,48.289585
xtal_88.cif,./Al13Sc3N16/147/xtal_88.cif,-74.636795,-75.26036
xtal_89.cif,./Al13Sc3N16/__initial__/147/xtal_89.cif,-0.4715765,-21.881445
xtal_9.cif,./Al13Sc3N16/147/xtal_9.cif,-26.41746,-47.09906
xtal_90.cif,./Al13Sc3N16/147/xtal_90.cif,-46.819565,-24.826017
xtal_91.cif,./Al13Sc3N16/__initial__/147/xtal_91.cif,-10.110753,8.666301
xtal_92.cif,./Al13Sc3N16/__initial__/147/xtal_92.cif,-78.19679,-66.82075
xtal_93.cif,./Al13Sc3N16/__initial__/147/xtal_93.cif,-26.12994,-19.202452
xtal_94.cif,./Al13Sc3N16/__initial__/147/xtal_94.cif,-65.43336,18.754902
xtal_95.cif,./Al13Sc3N16/__initial__/147/xtal_95.cif,-57.09779,-42.687393
xtal_96.cif,./Al13Sc3N16/147/xtal_96.cif,-6.980622,27.684742
xtal_97.cif,./Al13Sc3N16/__initial__/147/xtal_97.cif,-72.02037,15.497328
xtal_98.cif,./Al13Sc3N16/__initial__/147/xtal_98.cif,29.337215,21.956642
xtal_99.cif,./Al13Sc3N16/147/xtal_99.cif,-11.891844,-37.500465
xtal_1.cif,./Al13Sc3N16/149/xtal_1.cif,-76.62011,2.071986
xtal_10.cif,./Al13Sc3N16/__initial__/149/xtal_10.cif,66.29345,-89.838905
xtal_100.cif,./Al13Sc3N16/149/xtal_100.cif,12.0125675,-2.568199
xtal_11.cif,./Al13Sc3N16/__initial__/149/xtal_11.cif,28.718992,-74.84944
xtal_12.cif,./Al13Sc3N16/__initial__/149/xtal_12.cif,37.943165,-42.27434
xtal_13.cif,./Al13Sc3N16/__initial__/149/xtal_13.cif,-49.894005,42.13325
xtal_14.cif,./Al13Sc3N16/__initial__/149/xtal_14.cif,52.379055,-23.73938
xtal_15.cif,./Al13Sc3N16/149/xtal_15.cif,0.8878538,-19.709782
xtal_16.cif,./Al13Sc3N16/__initial__/149/xtal_16.cif,-27.282932,-62.98826
xtal_17.cif,./Al13Sc3N16/149/xtal_17.cif,49.674377,-54.020054
xtal_18.cif,./Al13Sc3N16/__initial__/149/xtal_18.cif,-10.772453,24.600662
xtal_19.cif,./Al13Sc3N16/149/xtal_19.cif,-54.58964,56.792526
xtal_2.cif,./Al13Sc3N16/__initial__/149/xtal_2.cif,-71.927734,-58.439995
xtal_20.cif,./Al13Sc3N16/__initial__/149/xtal_20.cif,-69.2482,-58.935905
xtal_21.cif,./Al13Sc3N16/149/xtal_21.cif,30.462078,-86.902176
xtal_22.cif,./Al13Sc3N16/__initial__/149/xtal_22.cif,-38.641693,7.3166018
xtal_23.cif,./Al13Sc3N16/__initial__/149/xtal_23.cif,47.780907,-72.257195
xtal_24.cif,./Al13Sc3N16/149/xtal_24.cif,-10.602422,-76.77119
xtal_25.cif,./Al13Sc3N16/149/xtal_25.cif,72.79881,51.9168
xtal_26.cif,./Al13Sc3N16/__initial__/149/xtal_26.cif,37.85243,-31.896175
xtal_27.cif,./Al13Sc3N16/__initial__/149/xtal_27.cif,-54.674927,56.956566
xtal_28.cif,./Al13Sc3N16/__initial__/149/xtal_28.cif,15.831673,-72.99887
xtal_29.cif,./Al13Sc3N16/__initial__/149/xtal_29.cif,-8.05875,-5.621619
xtal_3.cif,./Al13Sc3N16/__initial__/149/xtal_3.cif,51.677254,-82.550644
xtal_30.cif,./Al13Sc3N16/149/xtal_30.cif,56.360157,-22.412193
xtal_31.cif,./Al13Sc3N16/__initial__/149/xtal_31.cif,-49.34123,15.326396
xtal_32.cif,./Al13Sc3N16/149/xtal_32.cif,40.300884,-67.13169
xtal_33.cif,./Al13Sc3N16/149/xtal_33.cif,58.376328,-82.76505
xtal_34.cif,./Al13Sc3N16/__initial__/149/xtal_34.cif,-18.218025,36.00151
xtal_35.cif,./Al13Sc3N16/149/xtal_35.cif,-34.96078,23.406347
xtal_36.cif,./Al13Sc3N16/149/xtal_36.cif,-9.733065,0.74307936
xtal_37.cif,./Al13Sc3N16/__initial__/149/xtal_37.cif,72.81362,-5.821192
xtal_38.cif,./Al13Sc3N16/__initial__/149/xtal_38.cif,41.765427,39.045982
xtal_39.cif,./Al13Sc3N16/149/xtal_39.cif,-20.661757,-52.560432
xtal_4.cif,./Al13Sc3N16/__initial__/149/xtal_4.cif,18.318562,-89.73691
xtal_40.cif,./Al13Sc3N16/__initial__/149/xtal_40.cif,84.38705,29.487778
xtal_41.cif,./Al13Sc3N16/__initial__/149/xtal_41.cif,-83.730064,36.541233
xtal_42.cif,./Al13Sc3N16/149/xtal_42.cif,56.922012,-69.76683
xtal_43.cif,./Al13Sc3N16/__initial__/149/xtal_43.cif,86.64173,31.629864
xtal_44.cif,./Al13Sc3N16/149/xtal_44.cif,3.8300898,-22.498491
xtal_45.cif,./Al13Sc3N16/149/xtal_45.cif,54.823334,-17.310818
xtal_46.cif,./Al13Sc3N16/149/xtal_46.cif,-65.06457,63.431763
xtal_47.cif,./Al13Sc3N16/149/xtal_47.cif,34.67949,-8.910152
xtal_48.cif,./Al13Sc3N16/149/xtal_48.cif,53.897243,67.62765
xtal_49.cif,./Al13Sc3N16/__initial__/149/xtal_49.cif,83.70948,30.336208
xtal_5.cif,./Al13Sc3N16/__initial__/149/xtal_5.cif,62.580532,-74.90634
xtal_50.cif,./Al13Sc3N16/149/xtal_50.cif,79.23179,31.38893
xtal_51.cif,./Al13Sc3N16/149/xtal_51.cif,52.781895,-69.58443
xtal_52.cif,./Al13Sc3N16/149/xtal_52.cif,-24.312658,-65.92813
xtal_53.cif,./Al13Sc3N16/149/xtal_53.cif,-31.436007,35.736187
xtal_54.cif,./Al13Sc3N16/149/xtal_54.cif,53.696766,-8.962112
xtal_55.cif,./Al13Sc3N16/__initial__/149/xtal_55.cif,67.39171,28.745153
xtal_56.cif,./Al13Sc3N16/149/xtal_56.cif,92.997314,-18.671839
xtal_57.cif,./Al13Sc3N16/149/xtal_57.cif,43.526352,-42.35218
xtal_58.cif,./Al13Sc3N16/149/xtal_58.cif,11.40522,31.04857
xtal_59.cif,./Al13Sc3N16/149/xtal_59.cif,28.269632,-62.179405
xtal_6.cif,./Al13Sc3N16/149/xtal_6.cif,45.71325,-41.80361
xtal_60.cif,./Al13Sc3N16/__initial__/149/xtal_60.cif,7.617359,-80.09522
xtal_61.cif,./Al13Sc3N16/__initial__/149/xtal_61.cif,-19.047792,23.359457
xtal_62.cif,./Al13Sc3N16/__initial__/149/xtal_62.cif,-75.16263,6.614612
xtal_63.cif,./Al13Sc3N16/__initial__/149/xtal_63.cif,92.69541,-18.99952
xtal_64.cif,./Al13Sc3N16/__initial__/149/xtal_64.cif,44.880993,-80.74246
xtal_65.cif,./Al13Sc3N16/__initial__/149/xtal_65.cif,19.89841,84.11663
xtal_66.cif,./Al13Sc3N16/__initial__/149/xtal_66.cif,1.7161547,26.729239
xtal_67.cif,./Al13Sc3N16/149/xtal_67.cif,47.863945,-71.57359
xtal_68.cif,./Al13Sc3N16/__initial__/149/xtal_68.cif,48.28274,-85.329216
xtal_69.cif,./Al13Sc3N16/__initial__/149/xtal_69.cif,60.120888,-74.31655
xtal_7.cif,./Al13Sc3N16/__initial__/149/xtal_7.cif,-34.009415,-27.579967
xtal_70.cif,./Al13Sc3N16/149/xtal_70.cif,-10.921159,36.371765
xtal_71.cif,./Al13Sc3N16/149/xtal_71.cif,-77.37705,-52.63289
xtal_72.cif,./Al13Sc3N16/149/xtal_72.cif,11.678516,-76.76162
xtal_73.cif,./Al13Sc3N16/149/xtal_73.cif,42.59414,-90.88005
xtal_74.cif,./Al13Sc3N16/__initial__/149/xtal_74.cif,63.97189,-81.003365
xtal_75.cif,./Al13Sc3N16/__initial__/149/xtal_75.cif,-49.130127,55.225708
xtal_76.cif,./Al13Sc3N16/149/xtal_76.cif,-74.583595,-50.391132
xtal_77.cif,./Al13Sc3N16/149/xtal_77.cif,37.96238,-32.528904
xtal_78.cif,./Al13Sc3N16/__initial__/149/xtal_78.cif,27.4281,53.541744
xtal_79.cif,./Al13Sc3N16/149/xtal_79.cif,-5.257438,-69.42254
xtal_8.cif,./Al13Sc3N16/149/xtal_8.cif,7.6005654,-80.09752
xtal_80.cif,./Al13Sc3N16/149/xtal_80.cif,-64.88539,-54.034023
xtal_81.cif,./Al13Sc3N16/__initial__/149/xtal_81.cif,-28.803844,-8.730267
xtal_82.cif,./Al13Sc3N16/149/xtal_82.cif,-37.917706,42.300785
xtal_83.cif,./Al13Sc3N16/149/xtal_83.cif,-75.32065,69.50425
xtal_84.cif,./Al13Sc3N16/149/xtal_84.cif,63.698883,-4.1457043
xtal_85.cif,./Al13Sc3N16/149/xtal_85.cif,-0.2895023,-16.069532
xtal_86.cif,./Al13Sc3N16/__initial__/149/xtal_86.cif,-15.865976,82.78794
xtal_87.cif,./Al13Sc3N16/__initial__/149/xtal_87.cif,-65.531876,47.17202
xtal_88.cif,./Al13Sc3N16/149/xtal_88.cif,30.196886,14.737744
xtal_89.cif,./Al13Sc3N16/149/xtal_89.cif,1.0513669,7.025379
xtal_9.cif,./Al13Sc3N16/149/xtal_9.cif,-37.224277,39.905125
xtal_90.cif,./Al13Sc3N16/__initial__/149/xtal_90.cif,-11.64031,73.22085
xtal_91.cif,./Al13Sc3N16/__initial__/149/xtal_91.cif,39.882603,-83.70816
xtal_92.cif,./Al13Sc3N16/__initial__/149/xtal_92.cif,56.1945,-88.2446
xtal_93.cif,./Al13Sc3N16/149/xtal_93.cif,36.401577,44.08474
xtal_94.cif,./Al13Sc3N16/149/xtal_94.cif,-78.44596,27.405197
xtal_95.cif,./Al13Sc3N16/149/xtal_95.cif,-55.229084,-69.070244
xtal_96.cif,./Al13Sc3N16/149/xtal_96.cif,55.17114,-39.217186
xtal_97.cif,./Al13Sc3N16/149/xtal_97.cif,83.44022,9.284486
xtal_98.cif,./Al13Sc3N16/149/xtal_98.cif,41.89754,-89.51259
xtal_99.cif,./Al13Sc3N16/__initial__/149/xtal_99.cif,93.8939,-9.770864
xtal_1.cif,./Al13Sc3N16/150/xtal_1.cif,69.78515,59.244072
xtal_10.cif,./Al13Sc3N16/150/xtal_10.cif,-91.436,-48.945087
xtal_100.cif,./Al13Sc3N16/__initial__/150/xtal_100.cif,-84.24158,-8.567584
xtal_11.cif,./Al13Sc3N16/__initial__/150/xtal_11.cif,-69.34499,-0.6302419
xtal_12.cif,./Al13Sc3N16/__initial__/150/xtal_12.cif,34.32695,-66.006325
xtal_13.cif,./Al13Sc3N16/150/xtal_13.cif,-67.63658,-7.8311048
xtal_14.cif,./Al13Sc3N16/150/xtal_14.cif,29.52175,80.878914
xtal_15.cif,./Al13Sc3N16/__initial__/150/xtal_15.cif,-26.53695,53.45193
xtal_16.cif,./Al13Sc3N16/__initial__/150/xtal_16.cif,72.02271,-7.077118
xtal_17.cif,./Al13Sc3N16/__initial__/150/xtal_17.cif,-10.755488,48.790146
xtal_18.cif,./Al13Sc3N16/150/xtal_18.cif,54.525967,-7.5856643
xtal_19.cif,./Al13Sc3N16/150/xtal_19.cif,-27.649914,-25.436678
xtal_2.cif,./Al13Sc3N16/__initial__/150/xtal_2.cif,14.540731,76.71131
xtal_20.cif,./Al13Sc3N16/150/xtal_20.cif,26.532036,-30.422297
xtal_21.cif,./Al13Sc3N16/150/xtal_21.cif,-8.182756,-8.306722
xtal_22.cif,./Al13Sc3N16/__initial__/150/xtal_22.cif,-55.05433,14.226689
xtal_23.cif,./Al13Sc3N16/__initial__/150/xtal_23.cif,69.20235,-66.336525
xtal_24.cif,./Al13Sc3N16/150/xtal_24.cif,-4.938129,-69.35078
xtal_25.cif,./Al13Sc3N16/__initial__/150/xtal_25.cif,95.94662,22.5488
xtal_26.cif,./Al13Sc3N16/150/xtal_26.cif,47.289925,39.223045
xtal_27.cif,./Al13Sc3N16/150/xtal_27.cif,24.686901,17.696129
xtal_28.cif,./Al13Sc3N16/150/xtal_28.cif,37.705994,79.74514
xtal_29.cif,./Al13Sc3N16/__initial__/150/xtal_29.cif,37.463078,-92.95982
xtal_3.cif,./Al13Sc3N16/150/xtal_3.cif,-46.855183,-58.560226
xtal_30.cif,./Al13Sc3N16/150/xtal_30.cif,-31.000763,-1.1036377
xtal_31.cif,./Al13Sc3N16/150/xtal_31.cif,-62.579437,-7.607214
xtal_32.cif,./Al13Sc3N16/__initial__/150/xtal_32.cif,14.248062,66.9294
xtal_33.cif,./Al13Sc3N16/150/xtal_33.cif,26.56328,-62.847183
xtal_34.cif,./Al13Sc3N16/__initial__/150/xtal_34.cif,-84.455284,31.17434
xtal_35.cif,./Al13Sc3N16/150/xtal_35.cif,-67.105774,-25.928062
xtal_36.cif,./Al13Sc3N16/__initial__/150/xtal_36.cif,-68.2869,8.935829
xtal_37.cif,./Al13Sc3N16/150/xtal_37.cif,4.5233808,52.00536
xtal_38.cif,./Al13Sc3N16/150/xtal_38.cif,-9.5711155,-28.271807
xtal_39.cif,./Al13Sc3N16/150/xtal_39.cif,-8.899809,-73.54695
xtal_4.cif,./Al13Sc3N16/150/xtal_4.cif,-29.17313,42.003357
xtal_40.cif,./Al13Sc3N16/__initial__/150/xtal_40.cif,10.377064,8.98847
xtal_41.cif,./Al13Sc3N16/150/xtal_41.cif,-33.79077,-0.62549907
xtal_42.cif,./Al13Sc3N16/__initial__/150/xtal_42.cif,70.48891,31.391273
xtal_43.cif,./Al13Sc3N16/150/xtal_43.cif,-74.54685,9.8637495
xtal_44.cif,./Al13Sc3N16/__initial__/150/xtal_44.cif,33.18806,15.459984
xtal_45.cif,./Al13Sc3N16/__initial__/150/xtal_45.cif,-55.87272,-36.357964
xtal_46.cif,./Al13Sc3N16/__initial__/150/xtal_46.cif,-50.13131,-63.11637
xtal_47.cif,./Al13Sc3N16/__initial__/150/xtal_47.cif,-59.263912,-55.431084
xtal_48.cif,./Al13Sc3N16/150/xtal_48.cif,-91.55405,-28.170399
xtal_49.cif,./Al13Sc3N16/__initial__/150/xtal_49.cif,62.348083,-73.45746
xtal_5.cif,./Al13Sc3N16/150/xtal_5.cif,-62.48855,-61.70966
xtal_50.cif,./Al13Sc3N16/150/xtal_50.cif,98.87864,-9.644463
xtal_51.cif,./Al13Sc3N16/150/xtal_51.cif,65.53862,-72.68695
xtal_52.cif,./Al13Sc3N16/__initial__/150/xtal_52.cif,-81.79793,56.813976
xtal_53.cif,./Al13Sc3N16/__initial__/150/xtal_53.cif,-21.184896,81.38757
xtal_54.cif,./Al13Sc3N16/150/xtal_54.cif,-52.213604,-30.304642
xtal_55.cif,./Al13Sc3N16/__initial__/150/xtal_55.cif,13.005854,-43.520523
xtal_56.cif,./Al13Sc3N16/__initial__/150/xtal_56.cif,-68.94444,-0.10370166
xtal_57.cif,./Al13Sc3N16/__initial__/150/xtal_57.cif,-26.229546,-60.224365
xtal_58.cif,./Al13Sc3N16/__initial__/150/xtal_58.cif,101.425354,-9.208469
xtal_59.cif,./Al13Sc3N16/150/xtal_59.cif,-37.896484,12.476507
xtal_6.cif,./Al13Sc3N16/150/xtal_6.cif,37.455624,-70.0728
xtal_60.cif,./Al13Sc3N16/150/xtal_60.cif,44.789494,51.51901
xtal_61.cif,./Al13Sc3N16/__initial__/150/xtal_61.cif,-49.58241,74.311424
xtal_62.cif,./Al13Sc3N16/__initial__/150/xtal_62.cif,-40.54243,-58.97345
xtal_63.cif,./Al13Sc3N16/150/xtal_63.cif,30.777637,-85.31054
xtal_64.cif,./Al13Sc3N16/150/xtal_64.cif,-55.234383,-32.066586
xtal_65.cif,./Al13Sc3N16/__initial__/150/xtal_65.cif,-6.176198,-18.74354
xtal_66.cif,./Al13Sc3N16/150/xtal_66.cif,67.338295,-76.26301
xtal_67.cif,./Al13Sc3N16/__initial__/150/xtal_67.cif,-55.248775,-73.9936
xtal_68.cif,./Al13Sc3N16/150/xtal_68.cif,37.765453,-40.106747
xtal_69.cif,./Al13Sc3N16/150/xtal_69.cif,-74.01202,14.729272
xtal_7.cif,./Al13Sc3N16/150/xtal_7.cif,56.879326,-69.71353
xtal_70.cif,./Al13Sc3N16/150/xtal_70.cif,-71.35175,46.634792
xtal_71.cif,./Al13Sc3N16/__initial__/150/xtal_71.cif,19.424372,10.44079
xtal_72.cif,./Al13Sc3N16/150/xtal_72.cif,-47.680065,-52.950188
xtal_73.cif,./Al13Sc3N16/150/xtal_73.cif,-88.78474,-9.285503
xtal_74.cif,./Al13Sc3N16/__initial__/150/xtal_74.cif,-44.951157,-50.698875
xtal_75.cif,./Al13Sc3N16/__initial__/150/xtal_75.cif,-3.234822,88.57614
xtal_76.cif,./Al13Sc3N16/150/xtal_76.cif,54.85895,-26.65716
xtal_77.cif,./Al13Sc3N16/__initial__/150/xtal_77.cif,31.379173,-63.988533
xtal_78.cif,./Al13Sc3N16/__initial__/150/xtal_78.cif,42.090405,-54.271477
xtal_79.cif,./Al13Sc3N16/__initial__/150/xtal_79.cif,-15.255807,-36.01643
xtal_8.cif,./Al13Sc3N16/__initial__/150/xtal_8.cif,-4.48213,37.691635
xtal_80.cif,./Al13Sc3N16/150/xtal_80.cif,13.884939,78.81566
xtal_81.cif,./Al13Sc3N16/150/xtal_81.cif,-58.89054,-56.70498
xtal_82.cif,./Al13Sc3N16/150/xtal_82.cif,86.97689,29.398985
xtal_83.cif,./Al13Sc3N16/150/xtal_83.cif,-10.73445,58.671227
xtal_84.cif,./Al13Sc3N16/__initial__/150/xtal_84.cif,4.7273483,64.51256
xtal_85.cif,./Al13Sc3N16/__initial__/150/xtal_85.cif,70.4804,28.906584
xtal_86.cif,./Al13Sc3N16/__initial__/150/xtal_86.cif,65.48123,-79.40522
xtal_87.cif,./Al13Sc3N16/__initial__/150/xtal_87.cif,-4.9666348,56.048477
xtal_88.cif,./Al13Sc3N16/__initial__/150/xtal_88.cif,-43.471645,35.82621
xtal_89.cif,./Al13Sc3N16/__initial__/150/xtal_89.cif,-59.184628,61.21496
xtal_9.cif,./Al13Sc3N16/150/xtal_9.cif,-15.266425,1.7338028
xtal_90.cif,./Al13Sc3N16/__initial__/150/xtal_90.cif,7.093683,50.237125
xtal_91.cif,./Al13Sc3N16/150/xtal_91.cif,-85.86877,38.144413
xtal_92.cif,./Al13Sc3N16/150/xtal_92.cif,-80.11736,-49.344948
xtal_93.cif,./Al13Sc3N16/__initial__/150/xtal_93.cif,5.3765335,17.8466
xtal_94.cif,./Al13Sc3N16/__initial__/150/xtal_94.cif,37.767582,65.31331
xtal_95.cif,./Al13Sc3N16/150/xtal_95.cif,70.208984,-82.79162
xtal_96.cif,./Al13Sc3N16/150/xtal_96.cif,15.264892,-75.2325
xtal_97.cif,./Al13Sc3N16/150/xtal_97.cif,-18.276604,35.29883
xtal_98.cif,./Al13Sc3N16/150/xtal_98.cif,-46.540356,92.10589
xtal_99.cif,./Al13Sc3N16/__initial__/150/xtal_99.cif,24.13283,-65.85582
xtal_1.cif,./Al13Sc3N16/__initial__/156/xtal_1.cif,39.661045,-91.171135
xtal_10.cif,./Al13Sc3N16/156/xtal_10.cif,49.326775,-72.70173
xtal_100.cif,./Al13Sc3N16/__initial__/156/xtal_100.cif,-68.232544,-63.866673
xtal_11.cif,./Al13Sc3N16/156/xtal_11.cif,-35.095257,-25.037691
xtal_12.cif,./Al13Sc3N16/156/xtal_12.cif,73.839005,11.675101
xtal_13.cif,./Al13Sc3N16/156/xtal_13.cif,88.37398,-40.400314
xtal_14.cif,./Al13Sc3N16/__initial__/156/xtal_14.cif,7.8197765,-82.61536
xtal_15.cif,./Al13Sc3N16/156/xtal_15.cif,74.43788,-3.998101
xtal_16.cif,./Al13Sc3N16/__initial__/156/xtal_16.cif,-74.56034,-57.128075
xtal_17.cif,./Al13Sc3N16/__initial__/156/xtal_17.cif,75.996735,-77.38941
xtal_18.cif,./Al13Sc3N16/__initial__/156/xtal_18.cif,-65.7593,-0.20543306
xtal_19.cif,./Al13Sc3N16/156/xtal_19.cif,-1.1517534,-74.91843
xtal_2.cif,./Al13Sc3N16/156/xtal_2.cif,39.82317,-92.57442
xtal_20.cif,./Al13Sc3N16/__initial__/156/xtal_20.cif,69.42209,-44.359352
xtal_21.cif,./Al13Sc3N16/__initial__/156/xtal_21.cif,87.011444,-24.259462
xtal_22.cif,./Al13Sc3N16/__initial__/156/xtal_22.cif,-70.71973,-65.29334
xtal_23.cif,./Al13Sc3N16/156/xtal_23.cif,36.151047,-75.22304
xtal_24.cif,./Al13Sc3N16/156/xtal_24.cif,-66.40116,-67.53023
xtal_25.cif,./Al13Sc3N16/__initial__/156/xtal_25.cif,83.3276,-47.035294
xtal_26.cif,./Al13Sc3N16/156/xtal_26.cif,12.917848,-77.86177
xtal_27.cif,./Al13Sc3N16/__initial__/156/xtal_27.cif,74.54081,-54.110237
xtal_28.cif,./Al13Sc3N16/__initial__/156/xtal_28.cif,55.45118,-89.89294
xtal_29.cif,./Al13Sc3N16/__initial__/156/xtal_29.cif,77.26413,-40.67913
xtal_3.cif,./Al13Sc3N16/__initial__/156/xtal_3.cif,89.98749,-13.653289
xtal_30.cif,./Al13Sc3N16/156/xtal_30.cif,46.821175,-43.13807
xtal_31.cif,./Al13Sc3N16/156/xtal_31.cif,13.627871,-75.11411
xtal_32.cif,./Al13Sc3N16/__initial__/156/xtal_32.cif,27.46322,-41.254803
xtal_33.cif,./Al13Sc3N16/__initial__/156/xtal_33.cif,77.91092,-21.428257
xtal_34.cif,./Al13Sc3N16/__initial__/156/xtal_34.cif,-76.40543,-54.957813
xtal_35.cif,./Al13Sc3N16/__initial__/156/xtal_35.cif,50.268593,-73.004364
xtal_36.cif,./Al13Sc3N16/156/xtal_36.cif,11.6225195,-48.02276
xtal_37.cif,./Al13Sc3N16/156/xtal_37.cif,31.36282,-48.538982
xtal_38.cif,./Al13Sc3N16/__initial__/156/xtal_38.cif,38.607265,-83.731026
xtal_39.cif,./Al13Sc3N16/156/xtal_39.cif,61.343258,-56.135086
xtal_4.cif,./Al13Sc3N16/__initial__/156/xtal_4.cif,48.453346,-43.43559
xtal_40.cif,./Al13Sc3N16/__initial__/156/xtal_40.cif,61.849667,-93.442894
xtal_41.cif,./Al13Sc3N16/156/xtal_41.cif,31.795147,-46.09186
xtal_42.cif,./Al13Sc3N16/__initial__/156/xtal_42.cif,93.156525,-49.45759
xtal_43.cif,./Al13Sc3N16/156/xtal_43.cif,87.96506,-30.622152
xtal_44.cif,./Al13Sc3N16/156/xtal_44.cif,52.550785,-4.9732094
xtal_45.cif,./Al13Sc3N16/__initial__/156/xtal_45.cif,-47.832783,-18.953318
xtal_46.cif,./Al13Sc3N16/156/xtal_46.cif,51.39441,-26.964558
xtal_47.cif,./Al13Sc3N16/__initial__/156/xtal_47.cif,79.208725,20.85177
xtal_48.cif,./Al13Sc3N16/__initial__/156/xtal_48.cif,64.33336,-87.28392
xtal_49.cif,./Al13Sc3N16/156/xtal_49.cif,87.849525,-58.404713
xtal_5.cif,./Al13Sc3N16/156/xtal_5.cif,75.68092,46.826973
xtal_50.cif,./Al13Sc3N16/__initial__/156/xtal_50.cif,56.48244,-91.416794
xtal_51.cif,./Al13Sc3N16/__initial__/156/xtal_51.cif,42.57783,-59.102024
xtal_52.cif,./Al13Sc3N16/156/xtal_52.cif,53.757866,-90.37048
xtal_53.cif,./Al13Sc3N16/156/xtal_53.cif,-13.999463,91.07595
xtal_54.cif,./Al13Sc3N16/__initial__/156/xtal_54.cif,6.562979,-55.8453
xtal_55.cif,./Al13Sc3N16/156/xtal_55.cif,-87.66389,-58.481884
xtal_56.cif,./Al13Sc3N16/156/xtal_56.cif,86.826996,-58.556458
xtal_57.cif,./Al13Sc3N16/156/xtal_57.cif,76.00258,44.875282
xtal_58.cif,./Al13Sc3N16/156/xtal_58.cif,-107.52566,-1.4280688
xtal_59.cif,./Al13Sc3N16/156/xtal_59.cif,66.79899,16.794558
xtal_6.cif,./Al13Sc3N16/156/xtal_6.cif,38.169716,-70.04221
xtal_60.cif,./Al13Sc3N16/__initial__/156/xtal_60.cif,64.22148,-84.33209
xtal_61.cif,./Al13Sc3N16/__initial__/156/xtal_61.cif,45.726093,-85.87752
xtal_62.cif,./Al13Sc3N16/__initial__/156/xtal_62.cif,65.38922,-76.53278
xtal_63.cif,./Al13Sc3N16/156/xtal_63.cif,35.347576,-92.16772
xtal_64.cif,./Al13Sc3N16/__initial__/156/xtal_64.cif,67.63878,-27.93709
xtal_65.cif,./Al13Sc3N16/156/xtal_65.cif,87.49859,-47.67839
xtal_66.cif,./Al13Sc3N16/156/xtal_66.cif,41.932827,-90.26574
xtal_67.cif,./Al13Sc3N16/156/xtal_67.cif,78.55986,-50.8491
xtal_68.cif,./Al13Sc3N16/156/xtal_68.cif,9.061017,-44.817646
xtal_69.cif,./Al13Sc3N16/156/xtal_69.cif,-52.74956,-58.25798
xtal_7.cif,./Al13Sc3N16/156/xtal_7.cif,36.646347,-65.211235
xtal_70.cif,./Al13Sc3N16/156/xtal_70.cif,53.699036,-90.48474
xtal_71.cif,./Al13Sc3N16/156/xtal_71.cif,29.086834,-37.467003
xtal_72.cif,./Al13Sc3N16/156/xtal_72.cif,-68.15964,34.124153
xtal_73.cif,./Al13Sc3N16/156/xtal_73.cif,66.846115,9.724193
xtal_74.cif,./Al13Sc3N16/156/xtal_74.cif,71.20309,-49.929695
xtal_75.cif,./Al13Sc3N16/__initial__/156/xtal_75.cif,20.067656,-53.85516
xtal_76.cif,./Al13Sc3N16/156/xtal_76.cif,63.97154,-73.54319
xtal_77.cif,./Al13Sc3N16/__initial__/156/xtal_77.cif,74.90138,-76.34689
xtal_78.cif,./Al13Sc3N16/156/xtal_78.cif,48.887207,-76.531044
xtal_79.cif,./Al13Sc3N16/156/xtal_79.cif,97.83641,-10.791708
xtal_8.cif,./Al13Sc3N16/156/xtal_8.cif,48.400097,-58.58452
xtal_80.cif,./Al13Sc3N16/156/xtal_80.cif,62.18842,-84.0145
xtal_81.cif,./Al13Sc3N16/156/xtal_81.cif,86.75075,-41.345505
xtal_82.cif,./Al13Sc3N16/__initial__/156/xtal_82.cif,-20.47762,-3.169309
xtal_83.cif,./Al13Sc3N16/__initial__/156/xtal_83.cif,85.28964,-57.257484
xtal_84.cif,./Al13Sc3N16/__initial__/156/xtal_84.cif,57.178802,-67.023605
xtal_85.cif,./Al13Sc3N16/156/xtal_85.cif,78.21194,-39.796364
xtal_86.cif,./Al13Sc3N16/__initial__/156/xtal_86.cif,33.898342,-41.54627
xtal_87.cif,./Al13Sc3N16/156/xtal_87.cif,48.405537,-85.408714
xtal_88.cif,./Al13Sc3N16/__initial__/156/xtal_88.cif,-10.790125,-49.4266
xtal_89.cif,./Al13Sc3N16/__initial__/156/xtal_89.cif,75.16614,32.85693
xtal_9.cif,./Al13Sc3N16/__initial__/156/xtal_9.cif,65.04594,-66.33323
xtal_90.cif,./Al13Sc3N16/156/xtal_90.cif,75.73386,-21.294153
xtal_91.cif,./Al13Sc3N16/__initial__/156/xtal_91.cif,55.160194,-43.14437
xtal_92.cif,./Al13Sc3N16/__initial__/156/xtal_92.cif,63.449684,-70.2025
xtal_93.cif,./Al13Sc3N16/__initial__/156/xtal_93.cif,85.2321,-40.43208
xtal_94.cif,./Al13Sc3N16/__initial__/156/xtal_94.cif,40.316895,-95.39396
xtal_95.cif,./Al13Sc3N16/__initial__/156/xtal_95.cif,86.76281,-10.537184
xtal_96.cif,./Al13Sc3N16/156/xtal_96.cif,62.06791,-92.96997
xtal_97.cif,./Al13Sc3N16/__initial__/156/xtal_97.cif,73.71665,-15.047417
xtal_98.cif,./Al13Sc3N16/156/xtal_98.cif,75.56099,-30.84602
xtal_99.cif,./Al13Sc3N16/156/xtal_99.cif,93.58105,-47.81806
xtal_1.cif,./Al13Sc3N16/157/xtal_1.cif,32.343513,-54.743446
xtal_10.cif,./Al13Sc3N16/__initial__/157/xtal_10.cif,73.47885,-82.99873
xtal_100.cif,./Al13Sc3N16/__initial__/157/xtal_100.cif,81.23743,-56.944824
xtal_11.cif,./Al13Sc3N16/__initial__/157/xtal_11.cif,75.351006,-82.91869
xtal_12.cif,./Al13Sc3N16/__initial__/157/xtal_12.cif,87.70051,-61.67518
xtal_13.cif,./Al13Sc3N16/157/xtal_13.cif,44.34356,-2.9289906
xtal_14.cif,./Al13Sc3N16/157/xtal_14.cif,-44.740623,68.36673
xtal_15.cif,./Al13Sc3N16/__initial__/157/xtal_15.cif,-88.82998,-38.840046
xtal_16.cif,./Al13Sc3N16/157/xtal_16.cif,9.961344,-60.46741
xtal_17.cif,./Al13Sc3N16/__initial__/157/xtal_17.cif,30.615326,-76.36195
xtal_18.cif,./Al13Sc3N16/157/xtal_18.cif,58.783283,-91.75675
xtal_19.cif,./Al13Sc3N16/157/xtal_19.cif,91.36726,-22.483917
xtal_2.cif,./Al13Sc3N16/157/xtal_2.cif,78.38448,-56.278187
xtal_20.cif,./Al13Sc3N16/157/xtal_20.cif,40.696865,-60.255035
xtal_21.cif,./Al13Sc3N16/157/xtal_21.cif,95.06693,-10.058981
xtal_22.cif,./Al13Sc3N16/157/xtal_22.cif,67.268906,-81.54707
xtal_23.cif,./Al13Sc3N16/__initial__/157/xtal_23.cif,6.2880692,-13.516152
xtal_24.cif,./Al13Sc3N16/157/xtal_24.cif,62.841602,-92.6945
xtal_25.cif,./Al13Sc3N16/157/xtal_25.cif,31.052034,-86.65788
xtal_26.cif,./Al13Sc3N16/__initial__/157/xtal_26.cif,37.41526,-83.025085
xtal_27.cif,./Al13Sc3N16/157/xtal_27.cif,80.802284,-14.427655
xtal_28.cif,./Al13Sc3N16/157/xtal_28.cif,69.39855,-80.62752
xtal_29.cif,./Al13Sc3N16/__initial__/157/xtal_29.cif,-41.026886,51.549385
xtal_3.cif,./Al13Sc3N16/157/xtal_3.cif,23.459906,-73.55469
xtal_30.cif,./Al13Sc3N16/157/xtal_30.cif,-60.07885,-56.33147
xtal_31.cif,./Al13Sc3N16/__initial__/157/xtal_31.cif,60.972435,-74.5562
xtal_32.cif,./Al13Sc3N16/157/xtal_32.cif,69.281044,-81.680466
xtal_33.cif,./Al13Sc3N16/__initial__/157/xtal_33.cif,-63.284653,-62.153057
xtal_34.cif,./Al13Sc3N16/__initial__/157/xtal_34.cif,-68.89122,-61.66782
xtal_35.cif,./Al13Sc3N16/__initial__/157/xtal_35.cif,72.05614,-84.651764
xtal_36.cif,./Al13Sc3N16/__initial__/157/xtal_36.cif,52.348133,-88.00991
xtal_37.cif,./Al13Sc3N16/__initial__/157/xtal_37.cif,42.120975,-85.76991
xtal_38.cif,./Al13Sc3N16/157/xtal_38.cif,-55.222622,65.53897
xtal_39.cif,./Al13Sc3N16/__initial__/157/xtal_39.cif,58.90343,-83.7567
xtal_4.cif,./Al13Sc3N16/__initial__/157/xtal_4.cif,-81.43754,-56.623646
xtal_40.cif,./Al13Sc3N16/157/xtal_40.cif,21.742811,-37.961006
xtal_41.cif,./Al13Sc3N16/157/xtal_41.cif,52.473274,-27.195564
xtal_42.cif,./Al13Sc3N16/157/xtal_42.cif,84.66488,-3.2764242
xtal_43.cif,./Al13Sc3N16/__initial__/157/xtal_43.cif,64.59599,-57.511765
xtal_44.cif,./Al13Sc3N16/157/xtal_44.cif,72.83346,-55.952198
xtal_45.cif,./Al13Sc3N16/157/xtal_45.cif,72.82465,-30.086752
xtal_46.cif,./Al13Sc3N16/157/xtal_46.cif,98.64733,9.087449
xtal_47.cif,./Al13Sc3N16/157/xtal_47.cif,93.33672,-49.105335
xtal_48.cif,./Al13Sc3N16/__initial__/157/xtal_48.cif,33.799023,-59.170807
xtal_49.cif,./Al13Sc3N16/157/xtal_49.cif,-79.10938,-18.397966
xtal_5.cif,./Al13Sc3N16/157/xtal_5.cif,34.487865,-75.32298
xtal_50.cif,./Al13Sc3N16/157/xtal_50.cif,43.136524,-28.105156
xtal_51.cif,./Al13Sc3N16/__initial__/157/xtal_51.cif,36.759327,-84.67191
xtal_52.cif,./Al13Sc3N16/__initial__/157/xtal_52.cif,-70.35593,-60.548008
xtal_53.cif,./Al13Sc3N16/157/xtal_53.cif,43.612106,-63.48673
xtal_54.cif,./Al13Sc3N16/__initial__/157/xtal_54.cif,76.20393,-60.225624
xtal_55.cif,./Al13Sc3N16/157/xtal_55.cif,76.92498,7.6404753
xtal_56.cif,./Al13Sc3N16/__initial__/157/xtal_56.cif,90.970535,-39.759354
xtal_57.cif,./Al13Sc3N16/__initial__/157/xtal_57.cif,-83.781334,-12.173532
xtal_58.cif,./Al13Sc3N16/__initial__/157/xtal_58.cif,85.69671,-36.25403
xtal_59.cif,./Al13Sc3N16/__initial__/157/xtal_59.cif,20.689411,-72.89121
xtal_6.cif,./Al13Sc3N16/__initial__/157/xtal_6.cif,38.263454,-92.71023
xtal_60.cif,./Al13Sc3N16/157/xtal_60.cif,37.019726,-44.721615
xtal_61.cif,./Al13Sc3N16/__initial__/157/xtal_61.cif,95.18986,-44.15478
xtal_62.cif,./Al13Sc3N16/157/xtal_62.cif,69.24917,-38.865902
xtal_63.cif,./Al13Sc3N16/__initial__/157/xtal_63.cif,56.500347,-71.04202
xtal_64.cif,./Al13Sc3N16/__initial__/157/xtal_64.cif,62.486694,-76.19781
xtal_65.cif,./Al13Sc3N16/157/xtal_65.cif,-29.539001,88.61949
xtal_66.cif,./Al13Sc3N16/__initial__/157/xtal_66.cif,88.632744,-57.509773
xtal_67.cif,./Al13Sc3N16/__initial__/157/xtal_67.cif,91.68484,-51.905354
xtal_68.cif,./Al13Sc3N16/157/xtal_68.cif,-33.60277,-19.30914
xtal_69.cif,./Al13Sc3N16/157/xtal_69.cif,-91.00525,-41.564095
xtal_7.cif,./Al13Sc3N16/__initial__/157/xtal_7.cif,-33.785088,-57.98425
xtal_70.cif,./Al13Sc3N16/__initial__/157/xtal_70.cif,90.71017,-2.2390573
xtal_71.cif,./Al13Sc3N16/157/xtal_71.cif,-76.69149,-52.21593
xtal_72.cif,./Al13Sc3N16/157/xtal_72.cif,61.84134,-21.579418
xtal_73.cif,./Al13Sc3N16/__initial__/157/xtal_73.cif,-37.061817,65.10403
xtal_74.cif,./Al13Sc3N16/__initial__/157/xtal_74.cif,-37.65892,50.7826
xtal_75.cif,./Al13Sc3N16/157/xtal_75.cif,-55.8218,-61.490067
xtal_76.cif,./Al13Sc3N16/157/xtal_76.cif,93.38851,-51.174667
xtal_77.cif,./Al13Sc3N16/157/xtal_77.cif,97.84858,-34.59407
xtal_78.cif,./Al13Sc3N16/157/xtal_78.cif,57.304325,-75.14463
xtal_79.cif,./Al13Sc3N16/157/xtal_79.cif,82.38047,-66.2918
xtal_8.cif,./Al13Sc3N16/__initial__/157/xtal_8.cif,74.17067,-78.48559
xtal_80.cif,./Al13Sc3N16/157/xtal_80.cif,1.7528988,-70.54724
xtal_81.cif,./Al13Sc3N16/__initial__/157/xtal_81.cif,73.98136,-30.85192
xtal_82.cif,./Al13Sc3N16/__initial__/157/xtal_82.cif,-37.277588,66.43201
xtal_83.cif,./Al13Sc3N16/157/xtal_83.cif,73.85868,-78.8688
xtal_84.cif,./Al13Sc3N16/__initial__/157/xtal_84.cif,40.123894,-65.46786
xtal_85.cif,./Al13Sc3N16/157/xtal_85.cif,72.33068,-31.265024
xtal_86.cif,./Al13Sc3N16/157/xtal_86.cif,92.29325,1.9201268
xtal_87.cif,./Al13Sc3N16/__initial__/157/xtal_87.cif,36.27542,-81.74819
xtal_88.cif,./Al13Sc3N16/__initial__/157/xtal_88.cif,32.756737,-86.80452
xtal_89.cif,./Al13Sc3N16/__initial__/157/xtal_89.cif,54.132816,-55.4179
xtal_9.cif,./Al13Sc3N16/157/xtal_9.cif,26.259212,-56.074104
xtal_90.cif,./Al13Sc3N16/157/xtal_90.cif,15.576211,-73.62176
xtal_91.cif,./Al13Sc3N16/157/xtal_91.cif,28.56176,-87.86711
xtal_92.cif,./Al13Sc3N16/157/xtal_92.cif,-28.940144,-54.258686
xtal_93.cif,./Al13Sc3N16/157/xtal_93.cif,-87.746254,41.584988
xtal_94.cif,./Al13Sc3N16/157/xtal_94.cif,63.647846,-85.03692
xtal_95.cif,./Al13Sc3N16/__initial__/157/xtal_95.cif,-57.200497,-15.870417
xtal_96.cif,./Al13Sc3N16/157/xtal_96.cif,83.845314,-56.239677
xtal_97.cif,./Al13Sc3N16/157/xtal_97.cif,-2.2696712,-78.80567
xtal_98.cif,./Al13Sc3N16/157/xtal_98.cif,86.59939,-57.89884
xtal_99.cif,./Al13Sc3N16/__initial__/157/xtal_99.cif,60.138355,-58.244656
xtal_1.cif,./Al13Sc3N16/158/xtal_1.cif,62.449875,-83.73861
xtal_10.cif,./Al13Sc3N16/158/xtal_10.cif,89.77295,29.571037
xtal_100.cif,./Al13Sc3N16/158/xtal_100.cif,43.52431,-54.02443
xtal_11.cif,./Al13Sc3N16/__initial__/158/xtal_11.cif,41.077534,-67.80574
xtal_12.cif,./Al13Sc3N16/158/xtal_12.cif,34.510128,-62.749683
xtal_13.cif,./Al13Sc3N16/__initial__/158/xtal_13.cif,-41.60134,-62.20152
xtal_14.cif,./Al13Sc3N16/__initial__/158/xtal_14.cif,-66.17341,45.0792
xtal_15.cif,./Al13Sc3N16/__initial__/158/xtal_15.cif,61.33885,-56.270363
xtal_16.cif,./Al13Sc3N16/__initial__/158/xtal_16.cif,65.079994,-75.70834
xtal_17.cif,./Al13Sc3N16/__initial__/158/xtal_17.cif,-86.94977,-42.203407
xtal_18.cif,./Al13Sc3N16/__initial__/158/xtal_18.cif,81.529686,22.492125
xtal_19.cif,./Al13Sc3N16/158/xtal_19.cif,-59.755047,-56.14757
xtal_2.cif,./Al13Sc3N16/158/xtal_2.cif,69.270905,-41.586624
xtal_20.cif,./Al13Sc3N16/__initial__/158/xtal_20.cif,96.60337,-38.18604
xtal_21.cif,./Al13Sc3N16/158/xtal_21.cif,72.97887,49.10595
xtal_22.cif,./Al13Sc3N16/__initial__/158/xtal_22.cif,71.657394,0.67798454
xtal_23.cif,./Al13Sc3N16/__initial__/158/xtal_23.cif,13.796175,55.011993
xtal_24.cif,./Al13Sc3N16/__initial__/158/xtal_24.cif,86.65698,52.349846
xtal_25.cif,./Al13Sc3N16/__initial__/158/xtal_25.cif,57.67592,14.400852
xtal_26.cif,./Al13Sc3N16/158/xtal_26.cif,32.115036,-48.885147
xtal_27.cif,./Al13Sc3N16/158/xtal_27.cif,18.815546,-24.572334
xtal_28.cif,./Al13Sc3N16/__initial__/158/xtal_28.cif,49.067165,-29.061485
xtal_29.cif,./Al13Sc3N16/__initial__/158/xtal_29.cif,27.928406,-66.93486
xtal_3.cif,./Al13Sc3N16/__initial__/158/xtal_3.cif,51.872982,-32.338528
xtal_30.cif,./Al13Sc3N16/__initial__/158/xtal_30.cif,76.76379,-12.313113
xtal_31.cif,./Al13Sc3N16/__initial__/158/xtal_31.cif,4.747854,44.615192
xtal_32.cif,./Al13Sc3N16/__initial__/158/xtal_32.cif,-8.21905,70.61116
xtal_33.cif,./Al13Sc3N16/__initial__/158/xtal_33.cif,36.209827,-66.48059
xtal_34.cif,./Al13Sc3N16/__initial__/158/xtal_34.cif,-73.02362,-57.772438
xtal_35.cif,./Al13Sc3N16/158/xtal_35.cif,37.26678,-64.19218
xtal_36.cif,./Al13Sc3N16/__initial__/158/xtal_36.cif,39.72688,-51.22051
xtal_37.cif,./Al13Sc3N16/158/xtal_37.cif,37.952827,-89.18816
xtal_38.cif,./Al13Sc3N16/__initial__/158/xtal_38.cif,29.20279,-19.61459
xtal_39.cif,./Al13Sc3N16/__initial__/158/xtal_39.cif,10.477544,-70.92411
xtal_4.cif,./Al13Sc3N16/158/xtal_4.cif,46.83482,-48.182175
xtal_40.cif,./Al13Sc3N16/158/xtal_40.cif,-10.665111,16.266582
xtal_41.cif,./Al13Sc3N16/__initial__/158/xtal_41.cif,47.348515,-45.090195
xtal_42.cif,./Al13Sc3N16/158/xtal_42.cif,55.08532,-26.006458
xtal_43.cif,./Al13Sc3N16/158/xtal_43.cif,55.03773,-69.83972
xtal_44.cif,./Al13Sc3N16/__initial__/158/xtal_44.cif,85.83785,34.00897
xtal_45.cif,./Al13Sc3N16/__initial__/158/xtal_45.cif,79.304955,18.143547
xtal_46.cif,./Al13Sc3N16/__initial__/158/xtal_46.cif,24.350695,76.31239
xtal_47.cif,./Al13Sc3N16/__initial__/158/xtal_47.cif,43.031227,-48.843136
xtal_48.cif,./Al13Sc3N16/158/xtal_48.cif,12.123461,-38.17904
xtal_49.cif,./Al13Sc3N16/158/xtal_49.cif,74.18406,9.520493
xtal_5.cif,./Al13Sc3N16/__initial__/158/xtal_5.cif,13.169888,6.2317367
xtal_50.cif,./Al13Sc3N16/158/xtal_50.cif,53.354614,-68.32046
xtal_51.cif,./Al13Sc3N16/__initial__/158/xtal_51.cif,79.34253,-31.165121
xtal_52.cif,./Al13Sc3N16/__initial__/158/xtal_52.cif,67.07617,-36.453312
xtal_53.cif,./Al13Sc3N16/__initial__/158/xtal_53.cif,-56.86875,-63.61354
xtal_54.cif,./Al13Sc3N16/158/xtal_54.cif,55.012802,-26.727907
xtal_55.cif,./Al13Sc3N16/158/xtal_55.cif,39.566822,-11.625768
xtal_56.cif,./Al13Sc3N16/__initial__/158/xtal_56.cif,-62.24623,43.919437
xtal_57.cif,./Al13Sc3N16/158/xtal_57.cif,34.407967,61.39978
xtal_58.cif,./Al13Sc3N16/158/xtal_58.cif,-63.26071,-50.635967
xtal_59.cif,./Al13Sc3N16/158/xtal_59.cif,8.228194,44.19382
xtal_6.cif,./Al13Sc3N16/__initial__/158/xtal_6.cif,-96.19562,-18.29746
xtal_60.cif,./Al13Sc3N16/158/xtal_60.cif,-10.312629,0.4058092
xtal_61.cif,./Al13Sc3N16/158/xtal_61.cif,-65.66763,-50.722813
xtal_62.cif,./Al13Sc3N16/__initial__/158/xtal_62.cif,102.61746,-12.065874
xtal_63.cif,./Al13Sc3N16/158/xtal_63.cif,90.88942,30.397898
xtal_64.cif,./Al13Sc3N16/__initial__/158/xtal_64.cif,75.31298,22.099611
xtal_65.cif,./Al13Sc3N16/158/xtal_65.cif,65.91586,-26.287748
xtal_66.cif,./Al13Sc3N16/158/xtal_66.cif,67.78263,12.8398075
xtal_67.cif,./Al13Sc3N16/158/xtal_67.cif,77.01249,12.327294
xtal_68.cif,./Al13Sc3N16/__initial__/158/xtal_68.cif,66.56618,-74.28051
xtal_69.cif,./Al13Sc3N16/158/xtal_69.cif,-57.918915,41.964184
xtal_7.cif,./Al13Sc3N16/158/xtal_7.cif,11.963564,-36.441376
xtal_70.cif,./Al13Sc3N16/158/xtal_70.cif,-7.660489,-27.738613
xtal_71.cif,./Al13Sc3N16/158/xtal_71.cif,82.87269,10.7128315
xtal_72.cif,./Al13Sc3N16/__initial__/158/xtal_72.cif,63.18384,7.5635724
xtal_73.cif,./Al13Sc3N16/158/xtal_73.cif,19.78364,-44.903084
xtal_74.cif,./Al13Sc3N16/158/xtal_74.cif,54.762894,-83.12131
xtal_75.cif,./Al13Sc3N16/158/xtal_75.cif,47.03152,-21.26978
xtal_76.cif,./Al13Sc3N16/158/xtal_76.cif,88.556015,-17.831089
xtal_77.cif,./Al13Sc3N16/158/xtal_77.cif,58.717964,-70.472015
xtal_78.cif,./Al13Sc3N16/158/xtal_78.cif,-53.09875,36.171684
xtal_79.cif,./Al13Sc3N16/__initial__/158/xtal_79.cif,36.243183,-62.641617
xtal_8.cif,./Al13Sc3N16/__initial__/158/xtal_8.cif,-8.16501,-31.040464
xtal_80.cif,./Al13Sc3N16/158/xtal_80.cif,31.64431,-49.80728
xtal_81.cif,./Al13Sc3N16/__initial__/158/xtal_81.cif,81.78746,17.703726
xtal_82.cif,./Al13Sc3N16/158/xtal_82.cif,41.491894,-67.50189
xtal_83.cif,./Al13Sc3N16/__initial__/158/xtal_83.cif,71.45671,45.349747
xtal_84.cif,./Al13Sc3N16/158/xtal_84.cif,75.64426,11.428992
xtal_85.cif,./Al13Sc3N16/__initial__/158/xtal_85.cif,37.77566,-40.688053
xtal_86.cif,./Al13Sc3N16/158/xtal_86.cif,50.771442,-51.592133
xtal_87.cif,./Al13Sc3N16/__initial__/158/xtal_87.cif,18.680462,-68.931404
xtal_88.cif,./Al13Sc3N16/158/xtal_88.cif,7.5397644,-68.73894
xtal_89.cif,./Al13Sc3N16/158/xtal_89.cif,34.91563,-86.32798
xtal_9.cif,./Al13Sc3N16/158/xtal_9.cif,73.24587,9.357827
xtal_90.cif,./Al13Sc3N16/158/xtal_90.cif,-21.885021,38.226494
xtal_91.cif,./Al13Sc3N16/__initial__/158/xtal_91.cif,92.68602,-45.30949
xtal_92.cif,./Al13Sc3N16/158/xtal_92.cif,18.914991,-89.82827
xtal_93.cif,./Al13Sc3N16/158/xtal_93.cif,19.982885,-69.01272
xtal_94.cif,./Al13Sc3N16/158/xtal_94.cif,52.43309,-88.09971
xtal_95.cif,./Al13Sc3N16/__initial__/158/xtal_95.cif,9.647355,-90.50531
xtal_96.cif,./Al13Sc3N16/158/xtal_96.cif,88.61517,-20.732346
xtal_97.cif,./Al13Sc3N16/__initial__/158/xtal_97.cif,-50.922493,-57.207916
xtal_98.cif,./Al13Sc3N16/__initial__/158/xtal_98.cif,88.08336,11.920483
xtal_99.cif,./Al13Sc3N16/158/xtal_99.cif,63.00964,27.111244
xtal_1.cif,./Al13Sc3N16/__initial__/159/xtal_1.cif,65.401024,6.043158
xtal_10.cif,./Al13Sc3N16/__initial__/159/xtal_10.cif,-85.816025,-45.652767
xtal_100.cif,./Al13Sc3N16/159/xtal_100.cif,57.63331,32.95596
xtal_11.cif,./Al13Sc3N16/__initial__/159/xtal_11.cif,32.834442,-89.74627
xtal_12.cif,./Al13Sc3N16/159/xtal_12.cif,-34.511078,66.34983
xtal_13.cif,./Al13Sc3N16/159/xtal_13.cif,70.89455,-6.134787
xtal_14.cif,./Al13Sc3N16/__initial__/159/xtal_14.cif,52.734173,-74.009285
xtal_15.cif,./Al13Sc3N16/159/xtal_15.cif,54.688377,-69.944435
xtal_16.cif,./Al13Sc3N16/159/xtal_16.cif,73.31388,5.3528624
xtal_17.cif,./Al13Sc3N16/__initial__/159/xtal_17.cif,-3.9626117,-66.07074
xtal_18.cif,./Al13Sc3N16/__initial__/159/xtal_18.cif,-61.506416,-53.372547
xtal_19.cif,./Al13Sc3N16/159/xtal_19.cif,85.88999,27.972971
xtal_2.cif,./Al13Sc3N16/__initial__/159/xtal_2.cif,69.68497,-84.844864
xtal_20.cif,./Al13Sc3N16/__initial__/159/xtal_20.cif,28.5315,-86.69818
xtal_21.cif,./Al13Sc3N16/__initial__/159/xtal_21.cif,61.695667,24.783566
xtal_22.cif,./Al13Sc3N16/__initial__/159/xtal_22.cif,84.17264,-6.205856
xtal_23.cif,./Al13Sc3N16/__initial__/159/xtal_23.cif,86.62569,-59.719574
xtal_24.cif,./Al13Sc3N16/__initial__/159/xtal_24.cif,91.679016,-5.5371046
xtal_25.cif,./Al13Sc3N16/__initial__/159/xtal_25.cif,41.792587,-44.236534
xtal_26.cif,./Al13Sc3N16/159/xtal_26.cif,68.22442,6.1903324
xtal_27.cif,./Al13Sc3N16/__initial__/159/xtal_27.cif,53.34032,10.688584
xtal_28.cif,./Al13Sc3N16/159/xtal_28.cif,92.238174,0.88438696
xtal_29.cif,./Al13Sc3N16/159/xtal_29.cif,55.731625,-1.3914701
xtal_3.cif,./Al13Sc3N16/159/xtal_3.cif,-64.05335,-48.475704
xtal_30.cif,./Al13Sc3N16/__initial__/159/xtal_30.cif,86.00139,-51.786438
xtal_31.cif,./Al13Sc3N16/159/xtal_31.cif,74.70704,-2.5254753
xtal_32.cif,./Al13Sc3N16/159/xtal_32.cif,-65.14255,-58.256207
xtal_33.cif,./Al13Sc3N16/__initial__/159/xtal_33.cif,20.492815,-66.65974
xtal_34.cif,./Al13Sc3N16/__initial__/159/xtal_34.cif,77.151085,21.418924
xtal_35.cif,./Al13Sc3N16/__initial__/159/xtal_35.cif,-95.78358,-27.506844
xtal_36.cif,./Al13Sc3N16/159/xtal_36.cif,51.317875,-72.33265
xtal_37.cif,./Al13Sc3N16/__initial__/159/xtal_37.cif,-9.601896,-36.078487
xtal_38.cif,./Al13Sc3N16/__initial__/159/xtal_38.cif,25.070475,-68.705444
xtal_39.cif,./Al13Sc3N16/159/xtal_39.cif,50.237427,-73.23499
xtal_4.cif,./Al13Sc3N16/__initial__/159/xtal_4.cif,82.04374,-30.835596
xtal_40.cif,./Al13Sc3N16/159/xtal_40.cif,87.92042,47.85614
xtal_41.cif,./Al13Sc3N16/__initial__/159/xtal_41.cif,39.642654,-14.360744
xtal_42.cif,./Al13Sc3N16/__initial__/159/xtal_42.cif,80.70103,5.106548
xtal_43.cif,./Al13Sc3N16/__initial__/159/xtal_43.cif,66.0482,2.4221773
xtal_44.cif,./Al13Sc3N16/159/xtal_44.cif,10.517588,-78.12294
xtal_45.cif,./Al13Sc3N16/__initial__/159/xtal_45.cif,-61.264412,-55.102146
xtal_46.cif,./Al13Sc3N16/__initial__/159/xtal_46.cif,23.095257,-68.46025
xtal_47.cif,./Al13Sc3N16/__initial__/159/xtal_47.cif,64.08787,-72.71344
xtal_48.cif,./Al13Sc3N16/159/xtal_48.cif,70.963684,-2.2731318
xtal_49.cif,./Al13Sc3N16/159/xtal_49.cif,55.823097,-91.36128
xtal_5.cif,./Al13Sc3N16/159/xtal_5.cif,52.380505,-60.050713
xtal_50.cif,./Al13Sc3N16/159/xtal_50.cif,67.50353,-65.905235
xtal_51.cif,./Al13Sc3N16/159/xtal_51.cif,33.58207,-91.15112
xtal_52.cif,./Al13Sc3N16/159/xtal_52.cif,33.936543,-77.61284
xtal_53.cif,./Al13Sc3N16/159/xtal_53.cif,19.363916,-90.11333
xtal_54.cif,./Al13Sc3N16/159/xtal_54.cif,40.145153,-66.30902
xtal_55.cif,./Al13Sc3N16/__initial__/159/xtal_55.cif,75.40364,-73.24002
xtal_56.cif,./Al13Sc3N16/159/xtal_56.cif,98.450485,-12.90448
xtal_57.cif,./Al13Sc3N16/159/xtal_57.cif,70.81243,41.007874
xtal_58.cif,./Al13Sc3N16/159/xtal_58.cif,67.53192,-69.97307
xtal_59.cif,./Al13Sc3N16/__initial__/159/xtal_59.cif,71.80025,-37.735294
xtal_6.cif,./Al13Sc3N16/159/xtal_6.cif,39.81945,-83.05302
xtal_60.cif,./Al13Sc3N16/159/xtal_60.cif,64.414375,-71.78344
xtal_61.cif,./Al13Sc3N16/__initial__/159/xtal_61.cif,22.056276,-50.80917
xtal_62.cif,./Al13Sc3N16/__initial__/159/xtal_62.cif,-61.962276,-65.81484
xtal_63.cif,./Al13Sc3N16/__initial__/159/xtal_63.cif,76.475586,-14.960222
xtal_64.cif,./Al13Sc3N16/159/xtal_64.cif,-65.946556,43.829674
xtal_65.cif,./Al13Sc3N16/__initial__/159/xtal_65.cif,-56.31891,60.8296
xtal_66.cif,./Al13Sc3N16/159/xtal_66.cif,27.730696,-62.228287
xtal_67.cif,./Al13Sc3N16/159/xtal_67.cif,85.09799,-0.30800945
xtal_68.cif,./Al13Sc3N16/__initial__/159/xtal_68.cif,-9.631914,13.042348
xtal_69.cif,./Al13Sc3N16/__initial__/159/xtal_69.cif,76.116005,8.244414
xtal_7.cif,./Al13Sc3N16/159/xtal_7.cif,-14.663384,-37.321613
xtal_70.cif,./Al13Sc3N16/__initial__/159/xtal_70.cif,50.661907,-28.444548
xtal_71.cif,./Al13Sc3N16/159/xtal_71.cif,100.4249,6.8437185
xtal_72.cif,./Al13Sc3N16/__initial__/159/xtal_72.cif,84.02689,-10.130166
xtal_73.cif,./Al13Sc3N16/__initial__/159/xtal_73.cif,-24.5539,-57.648666
xtal_74.cif,./Al13Sc3N16/159/xtal_74.cif,28.74476,-52.390217
xtal_75.cif,./Al13Sc3N16/__initial__/159/xtal_75.cif,73.507324,-0.75375164
xtal_76.cif,./Al13Sc3N16/__initial__/159/xtal_76.cif,52.060608,-59.83456
xtal_77.cif,./Al13Sc3N16/159/xtal_77.cif,-109.3115,-7.49626
xtal_78.cif,./Al13Sc3N16/159/xtal_78.cif,14.398464,72.675476
xtal_79.cif,./Al13Sc3N16/__initial__/159/xtal_79.cif,63.005592,52.17608
xtal_8.cif,./Al13Sc3N16/159/xtal_8.cif,56.13602,-76.92345
xtal_80.cif,./Al13Sc3N16/159/xtal_80.cif,-75.83459,-71.963615
xtal_81.cif,./Al13Sc3N16/__initial__/159/xtal_81.cif,-20.834017,-52.654305
xtal_82.cif,./Al13Sc3N16/159/xtal_82.cif,87.262566,-47.13093
xtal_83.cif,./Al13Sc3N16/__initial__/159/xtal_83.cif,66.37623,-85.576454
xtal_84.cif,./Al13Sc3N16/159/xtal_84.cif,35.25159,-46.533634
xtal_85.cif,./Al13Sc3N16/159/xtal_85.cif,-75.558,-57.513626
xtal_86.cif,./Al13Sc3N16/__initial__/159/xtal_86.cif,-80.244576,16.775288
xtal_87.cif,./Al13Sc3N16/159/xtal_87.cif,91.2848,17.570091
xtal_88.cif,./Al13Sc3N16/159/xtal_88.cif,50.07647,-69.1748
xtal_89.cif,./Al13Sc3N16/159/xtal_89.cif,79.841324,15.578515
xtal_9.cif,./Al13Sc3N16/159/xtal_9.cif,41.419407,-64.67233
xtal_90.cif,./Al13Sc3N16/159/xtal_90.cif,97.9908,-39.51693
xtal_91.cif,./Al13Sc3N16/159/xtal_91.cif,85.37651,43.027653
xtal_92.cif,./Al13Sc3N16/159/xtal_92.cif,-48.53975,45.091877
xtal_93.cif,./Al13Sc3N16/__initial__/159/xtal_93.cif,-53.675884,54.92152
xtal_94.cif,./Al13Sc3N16/159/xtal_94.cif,73.49568,31.09974
xtal_95.cif,./Al13Sc3N16/159/xtal_95.cif,44.351135,-27.077284
xtal_96.cif,./Al13Sc3N16/__initial__/159/xtal_96.cif,27.453587,-38.772137
xtal_97.cif,./Al13Sc3N16/159/xtal_97.cif,11.250235,-61.367676
xtal_98.cif,./Al13Sc3N16/__initial__/159/xtal_98.cif,33.357,-23.947407
xtal_99.cif,./Al13Sc3N16/__initial__/159/xtal_99.cif,64.476295,-71.51425
xtal_1.cif,./Al13Sc3N16/162/xtal_1.cif,-46.968506,55.85935
xtal_10.cif,./Al13Sc3N16/162/xtal_10.cif,-61.363514,90.590004
xtal_100.cif,./Al13Sc3N16/162/xtal_100.cif,-37.869564,83.39817
xtal_11.cif,./Al13Sc3N16/162/xtal_11.cif,-41.661755,45.262222
xtal_12.cif,./Al13Sc3N16/__initial__/162/xtal_12.cif,-83.42804,50.291
xtal_13.cif,./Al13Sc3N16/162/xtal_13.cif,-1.3121268,-23.94856
xtal_14.cif,./Al13Sc3N16/162/xtal_14.cif,-62.241127,59.10193
xtal_15.cif,./Al13Sc3N16/__initial__/162/xtal_15.cif,-61.99845,7.898296
xtal_16.cif,./Al13Sc3N16/162/xtal_16.cif,41.402225,74.03295
xtal_17.cif,./Al13Sc3N16/162/xtal_17.cif,-4.2758303,10.543569
xtal_18.cif,./Al13Sc3N16/__initial__/162/xtal_18.cif,-53.88439,-24.049778
xtal_19.cif,./Al13Sc3N16/__initial__/162/xtal_19.cif,19.391361,-8.476852
xtal_2.cif,./Al13Sc3N16/162/xtal_2.cif,-16.714806,48.69321
xtal_20.cif,./Al13Sc3N16/__initial__/162/xtal_20.cif,-46.123234,53.865383
xtal_21.cif,./Al13Sc3N16/162/xtal_21.cif,-24.876278,25.135712
xtal_22.cif,./Al13Sc3N16/162/xtal_22.cif,-54.304226,67.786
xtal_23.cif,./Al13Sc3N16/162/xtal_23.cif,0.8866766,-14.436971
xtal_24.cif,./Al13Sc3N16/__initial__/162/xtal_24.cif,5.0166926,42.774803
xtal_25.cif,./Al13Sc3N16/162/xtal_25.cif,-74.281044,28.302485
xtal_26.cif,./Al13Sc3N16/162/xtal_26.cif,13.782897,15.295711
xtal_27.cif,./Al13Sc3N16/162/xtal_27.cif,33.107533,48.258686
xtal_28.cif,./Al13Sc3N16/162/xtal_28.cif,25.726679,-0.44542694
xtal_29.cif,./Al13Sc3N16/__initial__/162/xtal_29.cif,-105.01378,-11.540003
xtal_3.cif,./Al13Sc3N16/162/xtal_3.cif,0.11335836,35.66427
xtal_30.cif,./Al13Sc3N16/__initial__/162/xtal_30.cif,-35.739098,86.75854
xtal_31.cif,./Al13Sc3N16/162/xtal_31.cif,35.218727,-7.564823
xtal_32.cif,./Al13Sc3N16/__initial__/162/xtal_32.cif,-72.2505,14.244998
xtal_33.cif,./Al13Sc3N16/162/xtal_33.cif,-61.58279,-30.838598
xtal_34.cif,./Al13Sc3N16/__initial__/162/xtal_34.cif,14.076253,15.219431
xtal_35.cif,./Al13Sc3N16/__initial__/162/xtal_35.cif,1.5669434,52.75024
xtal_36.cif,./Al13Sc3N16/__initial__/162/xtal_36.cif,-78.49265,54.892605
xtal_37.cif,./Al13Sc3N16/__initial__/162/xtal_37.cif,10.947492,48.174217
xtal_38.cif,./Al13Sc3N16/162/xtal_38.cif,-36.05871,76.19702
xtal_39.cif,./Al13Sc3N16/__initial__/162/xtal_39.cif,-39.28918,34.05104
xtal_4.cif,./Al13Sc3N16/162/xtal_4.cif,-18.862877,54.900963
xtal_40.cif,./Al13Sc3N16/162/xtal_40.cif,62.65522,49.291508
xtal_41.cif,./Al13Sc3N16/162/xtal_41.cif,54.574093,57.457565
xtal_42.cif,./Al13Sc3N16/162/xtal_42.cif,-56.854195,-42.727646
xtal_43.cif,./Al13Sc3N16/162/xtal_43.cif,-75.24221,11.779242
xtal_44.cif,./Al13Sc3N16/__initial__/162/xtal_44.cif,-65.21721,51.55491
xtal_45.cif,./Al13Sc3N16/162/xtal_45.cif,-96.59786,0.87402856
xtal_46.cif,./Al13Sc3N16/162/xtal_46.cif,13.9617405,31.200485
xtal_47.cif,./Al13Sc3N16/__initial__/162/xtal_47.cif,-53.39401,11.669418
xtal_48.cif,./Al13Sc3N16/__initial__/162/xtal_48.cif,-74.98253,-35.48093
xtal_49.cif,./Al13Sc3N16/162/xtal_49.cif,34.200565,14.567872
xtal_5.cif,./Al13Sc3N16/__initial__/162/xtal_5.cif,-7.6888103,10.187484
xtal_50.cif,./Al13Sc3N16/__initial__/162/xtal_50.cif,-78.26595,-47.02336
xtal_51.cif,./Al13Sc3N16/162/xtal_51.cif,-68.05614,11.551743
xtal_52.cif,./Al13Sc3N16/162/xtal_52.cif,-35.05508,80.13944
xtal_53.cif,./Al13Sc3N16/__initial__/162/xtal_53.cif,-46.19912,84.18624
xtal_54.cif,./Al13Sc3N16/__initial__/162/xtal_54.cif,42.38311,72.13026
xtal_55.cif,./Al13Sc3N16/162/xtal_55.cif,-1.0614654,11.679458
xtal_56.cif,./Al13Sc3N16/162/xtal_56.cif,-28.869799,72.68971
xtal_57.cif,./Al13Sc3N16/162/xtal_57.cif,-69.39929,25.466461
xtal_58.cif,./Al13Sc3N16/__initial__/162/xtal_58.cif,-31.496847,-3.8020482
xtal_59.cif,./Al13Sc3N16/__initial__/162/xtal_59.cif,-60.120075,32.03887
xtal_6.cif,./Al13Sc3N16/162/xtal_6.cif,-23.304203,-63.4658
xtal_60.cif,./Al13Sc3N16/__initial__/162/xtal_60.cif,-31.226429,80.66067
xtal_61.cif,./Al13Sc3N16/__initial__/162/xtal_61.cif,-71.085526,34.670315
xtal_62.cif,./Al13Sc3N16/__initial__/162/xtal_62.cif,-53.44841,29.629019
xtal_63.cif,./Al13Sc3N16/162/xtal_63.cif,-0.8360281,39.507004
xtal_64.cif,./Al13Sc3N16/162/xtal_64.cif,4.7075677,51.059143
xtal_65.cif,./Al13Sc3N16/__initial__/162/xtal_65.cif,20.79487,-19.177073
xtal_66.cif,./Al13Sc3N16/162/xtal_66.cif,-19.189724,67.72363
xtal_67.cif,./Al13Sc3N16/162/xtal_67.cif,-42.817528,-24.667845
xtal_68.cif,./Al13Sc3N16/162/xtal_68.cif,37.965,72.87186
xtal_69.cif,./Al13Sc3N16/__initial__/162/xtal_69.cif,-27.505215,32.087585
xtal_7.cif,./Al13Sc3N16/__initial__/162/xtal_7.cif,-79.03066,50.031464
xtal_70.cif,./Al13Sc3N16/__initial__/162/xtal_70.cif,19.780401,44.996483
xtal_71.cif,./Al13Sc3N16/__initial__/162/xtal_71.cif,-46.51972,79.00482
xtal_72.cif,./Al13Sc3N16/__initial__/162/xtal_72.cif,41.96793,43.617798
xtal_73.cif,./Al13Sc3N16/162/xtal_73.cif,38.375557,29.877043
xtal_74.cif,./Al13Sc3N16/162/xtal_74.cif,45.226654,49.797626
xtal_75.cif,./Al13Sc3N16/162/xtal_75.cif,-84.84997,20.586876
xtal_76.cif,./Al13Sc3N16/162/xtal_76.cif,-21.778065,42.397026
xtal_77.cif,./Al13Sc3N16/__initial__/162/xtal_77.cif,20.989775,17.112543
xtal_78.cif,./Al13Sc3N16/162/xtal_78.cif,-79.41426,55.226048
xtal_79.cif,./Al13Sc3N16/162/xtal_79.cif,-55.624996,34.385937
xtal_8.cif,./Al13Sc3N16/162/xtal_8.cif,-71.09764,24.395403
xtal_80.cif,./Al13Sc3N16/__initial__/162/xtal_80.cif,-60.915154,-32.18869
xtal_81.cif,./Al13Sc3N16/162/xtal_81.cif,89.689316,-18.651506
xtal_82.cif,./Al13Sc3N16/162/xtal_82.cif,-11.028305,-35.27454
xtal_83.cif,./Al13Sc3N16/__initial__/162/xtal_83.cif,-20.745523,-4.6246324
xtal_84.cif,./Al13Sc3N16/162/xtal_84.cif,-14.647921,29.93491
xtal_85.cif,./Al13Sc3N16/__initial__/162/xtal_85.cif,-46.860863,69.60044
xtal_86.cif,./Al13Sc3N16/162/xtal_86.cif,-82.29986,5.988032
xtal_87.cif,./Al13Sc3N16/162/xtal_87.cif,-95.20982,-37.908974
xtal_88.cif,./Al13Sc3N16/__initial__/162/xtal_88.cif,-25.87096,-27.46059
xtal_89.cif,./Al13Sc3N16/__initial__/162/xtal_89.cif,58.3303,73.23177
xtal_9.cif,./Al13Sc3N16/__initial__/162/xtal_9.cif,-24.231997,24.579988
xtal_90.cif,./Al13Sc3N16/162/xtal_90.cif,-1.8278538,89.172386
xtal_91.cif,./Al13Sc3N16/162/xtal_91.cif,-79.468544,54.461266
xtal_92.cif,./Al13Sc3N16/__initial__/162/xtal_92.cif,2.0670073,-37.480793
xtal_93.cif,./Al13Sc3N16/162/xtal_93.cif,30.802368,70.131424
xtal_94.cif,./Al13Sc3N16/162/xtal_94.cif,-96.93037,-46.459538
xtal_95.cif,./Al13Sc3N16/162/xtal_95.cif,-17.22021,80.192566
xtal_96.cif,./Al13Sc3N16/__initial__/162/xtal_96.cif,-16.990276,43.86591
xtal_97.cif,./Al13Sc3N16/__initial__/162/xtal_97.cif,47.117306,28.647331
xtal_98.cif,./Al13Sc3N16/__initial__/162/xtal_98.cif,-56.651,-25.49118
xtal_99.cif,./Al13Sc3N16/162/xtal_99.cif,-68.43287,-16.943523
xtal_1.cif,./Al13Sc3N16/__initial__/163/xtal_1.cif,-56.382668,-44.927372
xtal_10.cif,./Al13Sc3N16/__initial__/163/xtal_10.cif,-78.56961,-42.860348
xtal_100.cif,./Al13Sc3N16/163/xtal_100.cif,25.04308,53.101177
xtal_11.cif,./Al13Sc3N16/163/xtal_11.cif,12.340265,29.694138
xtal_12.cif,./Al13Sc3N16/__initial__/163/xtal_12.cif,32.291527,70.90146
xtal_13.cif,./Al13Sc3N16/__initial__/163/xtal_13.cif,6.95632,-19.857841
xtal_14.cif,./Al13Sc3N16/__initial__/163/xtal_14.cif,-101.092995,1.9902158
xtal_15.cif,./Al13Sc3N16/163/xtal_15.cif,22.503721,60.523773
xtal_16.cif,./Al13Sc3N16/163/xtal_16.cif,43.81873,13.858512
xtal_17.cif,./Al13Sc3N16/__initial__/163/xtal_17.cif,-77.50505,35.212986
xtal_18.cif,./Al13Sc3N16/__initial__/163/xtal_18.cif,7.555713,84.702255
xtal_19.cif,./Al13Sc3N16/163/xtal_19.cif,50.58598,51.72942
xtal_2.cif,./Al13Sc3N16/163/xtal_2.cif,-58.612606,-32.861572
xtal_20.cif,./Al13Sc3N16/__initial__/163/xtal_20.cif,3.1027782,22.598032
xtal_21.cif,./Al13Sc3N16/__initial__/163/xtal_21.cif,-2.8634436,65.997856
xtal_22.cif,./Al13Sc3N16/163/xtal_22.cif,-107.6674,6.332037
xtal_23.cif,./Al13Sc3N16/__initial__/163/xtal_23.cif,-35.483562,-19.874784
xtal_24.cif,./Al13Sc3N16/__initial__/163/xtal_24.cif,23.42981,5.3815002
xtal_25.cif,./Al13Sc3N16/163/xtal_25.cif,-3.969164,-33.3485
xtal_26.cif,./Al13Sc3N16/163/xtal_26.cif,-46.571865,8.809085
xtal_27.cif,./Al13Sc3N16/__initial__/163/xtal_27.cif,-25.20868,-38.60491
xtal_28.cif,./Al13Sc3N16/__initial__/163/xtal_28.cif,35.808628,7.414192
xtal_29.cif,./Al13Sc3N16/__initial__/163/xtal_29.cif,12.301899,82.71574
xtal_3.cif,./Al13Sc3N16/__initial__/163/xtal_3.cif,43.704937,71.42843
xtal_30.cif,./Al13Sc3N16/__initial__/163/xtal_30.cif,49.439598,59.96041
xtal_31.cif,./Al13Sc3N16/163/xtal_31.cif,-68.63876,-34.60411
xtal_32.cif,./Al13Sc3N16/163/xtal_32.cif,-0.71765953,-0.35904965
xtal_33.cif,./Al13Sc3N16/__initial__/163/xtal_33.cif,-59.76161,59.656216
xtal_34.cif,./Al13Sc3N16/163/xtal_34.cif,53.092243,44.788315
xtal_35.cif,./Al13Sc3N16/163/xtal_35.cif,-66.16885,-40.43827
xtal_36.cif,./Al13Sc3N16/__initial__/163/xtal_36.cif,-49.440193,40.331135
xtal_37.cif,./Al13Sc3N16/163/xtal_37.cif,40.526993,12.032346
xtal_38.cif,./Al13Sc3N16/163/xtal_38.cif,-23.51838,-61.013966
xtal_39.cif,./Al13Sc3N16/__initial__/163/xtal_39.cif,-11.152637,91.97752
xtal_4.cif,./Al13Sc3N16/163/xtal_4.cif,-29.95326,-61.887325
xtal_40.cif,./Al13Sc3N16/__initial__/163/xtal_40.cif,25.933195,85.34016
xtal_41.cif,./Al13Sc3N16/163/xtal_41.cif,31.614668,15.226084
xtal_42.cif,./Al13Sc3N16/__initial__/163/xtal_42.cif,-27.88688,-64.12574
xtal_43.cif,./Al13Sc3N16/163/xtal_43.cif,-72.82509,-42.74611
xtal_44.cif,./Al13Sc3N16/__initial__/163/xtal_44.cif,-43.79498,5.5423574
xtal_45.cif,./Al13Sc3N16/163/xtal_45.cif,43.982727,56.990017
xtal_46.cif,./Al13Sc3N16/__initial__/163/xtal_46.cif,40.57767,49.84034
xtal_47.cif,./Al13Sc3N16/163/xtal_47.cif,57.069202,40.801613
xtal_48.cif,./Al13Sc3N16/__initial__/163/xtal_48.cif,22.822065,33.2396
xtal_49.cif,./Al13Sc3N16/163/xtal_49.cif,-43.35425,-66.84663
xtal_5.cif,./Al13Sc3N16/163/xtal_5.cif,27.611435,57.520565
xtal_50.cif,./Al13Sc3N16/__initial__/163/xtal_50.cif,13.604454,30.642002
xtal_51.cif,./Al13Sc3N16/__initial__/163/xtal_51.cif,-68.07509,18.350412
xtal_52.cif,./Al13Sc3N16/__initial__/163/xtal_52.cif,25.625862,21.670855
xtal_53.cif,./Al13Sc3N16/__initial__/163/xtal_53.cif,7.709874,-11.632878
xtal_54.cif,./Al13Sc3N16/163/xtal_54.cif,-68.448715,-39.867535
xtal_55.cif,./Al13Sc3N16/__initial__/163/xtal_55.cif,-11.019588,6.107617
xtal_56.cif,./Al13Sc3N16/163/xtal_56.cif,11.40886,48.936707
xtal_57.cif,./Al13Sc3N16/163/xtal_57.cif,-75.09224,-69.31234
xtal_58.cif,./Al13Sc3N16/163/xtal_58.cif,-25.846205,-34.365284
xtal_59.cif,./Al13Sc3N16/__initial__/163/xtal_59.cif,-9.116208,55.345264
xtal_6.cif,./Al13Sc3N16/163/xtal_6.cif,54.44188,57.670128
xtal_60.cif,./Al13Sc3N16/__initial__/163/xtal_60.cif,14.67379,27.157907
xtal_61.cif,./Al13Sc3N16/163/xtal_61.cif,34.63069,46.017178
xtal_62.cif,./Al13Sc3N16/__initial__/163/xtal_62.cif,13.241284,40.72436
xtal_63.cif,./Al13Sc3N16/163/xtal_63.cif,44.370594,36.161797
xtal_64.cif,./Al13Sc3N16/163/xtal_64.cif,-6.3028126,58.220642
xtal_65.cif,./Al13Sc3N16/163/xtal_65.cif,-2.87132,-19.797812
xtal_66.cif,./Al13Sc3N16/__initial__/163/xtal_66.cif,0.084905475,20.604952
xtal_67.cif,./Al13Sc3N16/163/xtal_67.cif,-25.556658,3.635303
xtal_68.cif,./Al13Sc3N16/163/xtal_68.cif,-67.34803,21.67938
xtal_69.cif,./Al13Sc3N16/__initial__/163/xtal_69.cif,-51.54452,51.825607
xtal_7.cif,./Al13Sc3N16/163/xtal_7.cif,0.74001586,35.30572
xtal_70.cif,./Al13Sc3N16/__initial__/163/xtal_70.cif,2.5883691,49.874626
xtal_71.cif,./Al13Sc3N16/163/xtal_71.cif,-85.378876,-28.181768
xtal_72.cif,./Al13Sc3N16/163/xtal_72.cif,-9.0207205,29.914705
xtal_73.cif,./Al13Sc3N16/__initial__/163/xtal_73.cif,-43.576424,-3.7234929
xtal_74.cif,./Al13Sc3N16/__initial__/163/xtal_74.cif,13.484357,24.55343
xtal_75.cif,./Al13Sc3N16/__initial__/163/xtal_75.cif,-21.360214,67.68198
xtal_76.cif,./Al13Sc3N16/163/xtal_76.cif,-84.90266,-28.962082
xtal_77.cif,./Al13Sc3N16/163/xtal_77.cif,9.857897,-10.959069
xtal_78.cif,./Al13Sc3N16/163/xtal_78.cif,-28.675056,25.86063
xtal_79.cif,./Al13Sc3N16/__initial__/163/xtal_79.cif,-36.978985,-50.729103
xtal_8.cif,./Al13Sc3N16/163/xtal_8.cif,-75.779724,15.858075
xtal_80.cif,./Al13Sc3N16/163/xtal_80.cif,-35.007492,-48.391903
xtal_81.cif,./Al13Sc3N16/__initial__/163/xtal_81.cif,-31.460815,-53.542896
xtal_82.cif,./Al13Sc3N16/__initial__/163/xtal_82.cif,-95.51023,2.7816591
xtal_83.cif,./Al13Sc3N16/__initial__/163/xtal_83.cif,-78.36905,-15.418019
xtal_84.cif,./Al13Sc3N16/163/xtal_84.cif,-81.828766,-16.007252
xtal_85.cif,./Al13Sc3N16/__initial__/163/xtal_85.cif,-55.98575,-53.336193
xtal_86.cif,./Al13Sc3N16/__initial__/163/xtal_86.cif,-49.30027,46.82933
xtal_87.cif,./Al13Sc3N16/163/xtal_87.cif,-72.34098,21.890688
xtal_88.cif,./Al13Sc3N16/163/xtal_88.cif,-29.343868,-51.09882
xtal_89.cif,./Al13Sc3N16/__initial__/163/xtal_89.cif,-61.414387,19.39256
xtal_9.cif,./Al13Sc3N16/__initial__/163/xtal_9.cif,59.60291,63.44569
xtal_90.cif,./Al13Sc3N16/163/xtal_90.cif,-56.734634,11.253018
xtal_91.cif,./Al13Sc3N16/163/xtal_91.cif,-26.965714,-5.909324
xtal_92.cif,./Al13Sc3N16/163/xtal_92.cif,37.023705,12.245956
xtal_93.cif,./Al13Sc3N16/163/xtal_93.cif,-61.67474,40.911774
xtal_94.cif,./Al13Sc3N16/163/xtal_94.cif,-27.01154,-25.344324
xtal_95.cif,./Al13Sc3N16/163/xtal_95.cif,13.486211,79.02715
xtal_96.cif,./Al13Sc3N16/163/xtal_96.cif,-16.288246,-26.192883
xtal_97.cif,./Al13Sc3N16/163/xtal_97.cif,24.081972,7.1835413
xtal_98.cif,./Al13Sc3N16/__initial__/163/xtal_98.cif,-51.615738,25.716793
xtal_99.cif,./Al13Sc3N16/__initial__/163/xtal_99.cif,6.544094,41.02841
xtal_1.cif,./Al13Sc3N16/__initial__/164/xtal_1.cif,-76.65535,14.324194
xtal_10.cif,./Al13Sc3N16/164/xtal_10.cif,-6.734121,62.33453
xtal_100.cif,./Al13Sc3N16/164/xtal_100.cif,-39.553577,29.266726
xtal_11.cif,./Al13Sc3N16/164/xtal_11.cif,-41.03835,0.74626637
xtal_12.cif,./Al13Sc3N16/164/xtal_12.cif,-49.253822,46.657482
xtal_13.cif,./Al13Sc3N16/__initial__/164/xtal_13.cif,15.477084,4.7880597
xtal_14.cif,./Al13Sc3N16/__initial__/164/xtal_14.cif,-77.39159,72.44703
xtal_15.cif,./Al13Sc3N16/164/xtal_15.cif,-67.870926,-24.52328
xtal_16.cif,./Al13Sc3N16/__initial__/164/xtal_16.cif,18.42519,7.325584
xtal_17.cif,./Al13Sc3N16/__initial__/164/xtal_17.cif,-46.406082,-36.367664
xtal_18.cif,./Al13Sc3N16/__initial__/164/xtal_18.cif,-82.15748,64.97572
xtal_19.cif,./Al13Sc3N16/__initial__/164/xtal_19.cif,50.84909,54.185417
xtal_2.cif,./Al13Sc3N16/164/xtal_2.cif,-83.33108,53.678116
xtal_20.cif,./Al13Sc3N16/164/xtal_20.cif,15.0808935,-6.9892545
xtal_21.cif,./Al13Sc3N16/164/xtal_21.cif,-15.201163,-36.456654
xtal_22.cif,./Al13Sc3N16/__initial__/164/xtal_22.cif,-52.3821,58.69318
xtal_23.cif,./Al13Sc3N16/164/xtal_23.cif,-18.613827,88.34636
xtal_24.cif,./Al13Sc3N16/__initial__/164/xtal_24.cif,-28.829422,9.131414
xtal_25.cif,./Al13Sc3N16/__initial__/164/xtal_25.cif,47.92188,71.605225
xtal_26.cif,./Al13Sc3N16/164/xtal_26.cif,-71.60302,65.24296
xtal_27.cif,./Al13Sc3N16/__initial__/164/xtal_27.cif,42.3853,24.101814
xtal_28.cif,./Al13Sc3N16/164/xtal_28.cif,42.860813,73.67153
xtal_29.cif,./Al13Sc3N16/164/xtal_29.cif,41.062065,29.679121
xtal_3.cif,./Al13Sc3N16/__initial__/164/xtal_3.cif,-24.975075,39.54841
xtal_30.cif,./Al13Sc3N16/164/xtal_30.cif,-17.32851,22.351263
xtal_31.cif,./Al13Sc3N16/__initial__/164/xtal_31.cif,-66.10459,28.32642
xtal_32.cif,./Al13Sc3N16/__initial__/164/xtal_32.cif,-55.596806,14.024158
xtal_33.cif,./Al13Sc3N16/164/xtal_33.cif,-90.019684,-30.459703
xtal_34.cif,./Al13Sc3N16/__initial__/164/xtal_34.cif,-29.288204,-13.639438
xtal_35.cif,./Al13Sc3N16/164/xtal_35.cif,4.41197,5.749352
xtal_36.cif,./Al13Sc3N16/164/xtal_36.cif,13.087839,62.899822
xtal_37.cif,./Al13Sc3N16/__initial__/164/xtal_37.cif,3.3244586,21.591394
xtal_38.cif,./Al13Sc3N16/__initial__/164/xtal_38.cif,-22.470053,69.30969
xtal_39.cif,./Al13Sc3N16/164/xtal_39.cif,5.4970117,-1.0456259
xtal_4.cif,./Al13Sc3N16/164/xtal_4.cif,-64.358864,46.23752
xtal_40.cif,./Al13Sc3N16/164/xtal_40.cif,2.8908696,68.6476
xtal_41.cif,./Al13Sc3N16/164/xtal_41.cif,28.776773,42.37274
xtal_42.cif,./Al13Sc3N16/164/xtal_42.cif,-33.841324,33.70517
xtal_43.cif,./Al13Sc3N16/__initial__/164/xtal_43.cif,-49.875072,38.725903
xtal_44.cif,./Al13Sc3N16/__initial__/164/xtal_44.cif,14.021797,89.16345
xtal_45.cif,./Al13Sc3N16/164/xtal_45.cif,-48.84903,55.203888
xtal_46.cif,./Al13Sc3N16/164/xtal_46.cif,41.96698,24.441202
xtal_47.cif,./Al13Sc3N16/164/xtal_47.cif,-18.844795,-14.938037
xtal_48.cif,./Al13Sc3N16/__initial__/164/xtal_48.cif,-41.10719,9.826587
xtal_49.cif,./Al13Sc3N16/__initial__/164/xtal_49.cif,-103.57045,-10.03385
xtal_5.cif,./Al13Sc3N16/164/xtal_5.cif,-13.982679,-45.404324
xtal_50.cif,./Al13Sc3N16/__initial__/164/xtal_50.cif,-62.29496,5.2046804
xtal_51.cif,./Al13Sc3N16/164/xtal_51.cif,24.062445,4.234726
xtal_52.cif,./Al13Sc3N16/164/xtal_52.cif,-23.087696,59.906437
xtal_53.cif,./Al13Sc3N16/__initial__/164/xtal_53.cif,10.879781,21.699474
xtal_54.cif,./Al13Sc3N16/__initial__/164/xtal_54.cif,-12.062312,70.715645
xtal_55.cif,./Al13Sc3N16/164/xtal_55.cif,-59.360855,-23.211617
xtal_56.cif,./Al13Sc3N16/__initial__/164/xtal_56.cif,-44.435966,-5.013957
xtal_57.cif,./Al13Sc3N16/__initial__/164/xtal_57.cif,-15.899707,42.92566
xtal_58.cif,./Al13Sc3N16/164/xtal_58.cif,-27.64447,-14.348379
xtal_59.cif,./Al13Sc3N16/164/xtal_59.cif,-87.89555,41.216377
xtal_6.cif,./Al13Sc3N16/164/xtal_6.cif,31.39065,15.007185
xtal_60.cif,./Al13Sc3N16/164/xtal_60.cif,-54.386486,60.902946
xtal_61.cif,./Al13Sc3N16/164/xtal_61.cif,-76.82415,-45.11716
xtal_62.cif,./Al13Sc3N16/164/xtal_62.cif,17.50781,36.189785
xtal_63.cif,./Al13Sc3N16/__initial__/164/xtal_63.cif,-34.197598,43.50418
xtal_64.cif,./Al13Sc3N16/164/xtal_64.cif,-5.012807,81.49633
xtal_65.cif,./Al13Sc3N16/__initial__/164/xtal_65.cif,-31.570227,29.963167
xtal_66.cif,./Al13Sc3N16/164/xtal_66.cif,1.1197505,-19.692974
xtal_67.cif,./Al13Sc3N16/__initial__/164/xtal_67.cif,-82.82801,25.218748
xtal_68.cif,./Al13Sc3N16/__initial__/164/xtal_68.cif,-89.28142,35.97322
xtal_69.cif,./Al13Sc3N16/__initial__/164/xtal_69.cif,39.391464,44.707993
xtal_7.cif,./Al13Sc3N16/164/xtal_7.cif,-5.139537,17.208374
xtal_70.cif,./Al13Sc3N16/__initial__/164/xtal_70.cif,-65.85837,-39.685345
xtal_71.cif,./Al13Sc3N16/164/xtal_71.cif,-80.628006,1.4156808
xtal_72.cif,./Al13Sc3N16/164/xtal_72.cif,-50.197617,22.412031
xtal_73.cif,./Al13Sc3N16/__initial__/164/xtal_73.cif,-83.43606,19.166378
xtal_74.cif,./Al13Sc3N16/164/xtal_74.cif,-81.664925,-68.889366
xtal_75.cif,./Al13Sc3N16/164/xtal_75.cif,-42.64837,26.691229
xtal_76.cif,./Al13Sc3N16/__initial__/164/xtal_76.cif,-80.79721,-0.6558126
xtal_77.cif,./Al13Sc3N16/164/xtal_77.cif,-75.30537,53.152473
xtal_78.cif,./Al13Sc3N16/164/xtal_78.cif,0.42193788,-4.7893615
xtal_79.cif,./Al13Sc3N16/__initial__/164/xtal_79.cif,-74.312164,72.08239
xtal_8.cif,./Al13Sc3N16/164/xtal_8.cif,-78.343925,71.37678
xtal_80.cif,./Al13Sc3N16/164/xtal_80.cif,-4.9255915,-22.458199
xtal_81.cif,./Al13Sc3N16/164/xtal_81.cif,-79.062126,10.3762245
xtal_82.cif,./Al13Sc3N16/164/xtal_82.cif,-61.120995,60.922394
xtal_83.cif,./Al13Sc3N16/__initial__/164/xtal_83.cif,-53.214733,52.05659
xtal_84.cif,./Al13Sc3N16/__initial__/164/xtal_84.cif,-15.348781,-8.27542
xtal_85.cif,./Al13Sc3N16/164/xtal_85.cif,-50.68514,58.66974
xtal_86.cif,./Al13Sc3N16/164/xtal_86.cif,70.134254,-12.787396
xtal_87.cif,./Al13Sc3N16/__initial__/164/xtal_87.cif,-48.55159,9.624279
xtal_88.cif,./Al13Sc3N16/__initial__/164/xtal_88.cif,-42.491814,69.99626
xtal_89.cif,./Al13Sc3N16/__initial__/164/xtal_89.cif,28.42211,48.097836
xtal_9.cif,./Al13Sc3N16/__initial__/164/xtal_9.cif,-36.12829,-45.919773
xtal_90.cif,./Al13Sc3N16/164/xtal_90.cif,-24.423182,32.94633
xtal_91.cif,./Al13Sc3N16/164/xtal_91.cif,28.371132,72.16252
xtal_92.cif,./Al13Sc3N16/__initial__/164/xtal_92.cif,-76.637,16.115385
xtal_93.cif,./Al13Sc3N16/__initial__/164/xtal_93.cif,20.00667,7.312496
xtal_94.cif,./Al13Sc3N16/164/xtal_94.cif,34.57624,68.047455
xtal_95.cif,./Al13Sc3N16/__initial__/164/xtal_95.cif,9.163491,56.86682
xtal_96.cif,./Al13Sc3N16/164/xtal_96.cif,-60.85663,86.049774
xtal_97.cif,./Al13Sc3N16/164/xtal_97.cif,18.92318,61.38378
xtal_98.cif,./Al13Sc3N16/__initial__/164/xtal_98.cif,-3.0882115,-8.570832
xtal_99.cif,./Al13Sc3N16/__initial__/164/xtal_99.cif,11.962516,-9.50639
xtal_1.cif,./Al13Sc3N16/165/xtal_1.cif,-59.50158,86.88748
xtal_10.cif,./Al13Sc3N16/165/xtal_10.cif,-46.297455,-76.14724
xtal_100.cif,./Al13Sc3N16/165/xtal_100.cif,-74.740135,18.760115
xtal_11.cif,./Al13Sc3N16/165/xtal_11.cif,-53.408863,19.410124
xtal_12.cif,./Al13Sc3N16/__initial__/165/xtal_12.cif,-23.861307,35.091915
xtal_13.cif,./Al13Sc3N16/__initial__/165/xtal_13.cif,-33.22467,47.061348
xtal_14.cif,./Al13Sc3N16/165/xtal_14.cif,-20.370653,-62.732494
xtal_15.cif,./Al13Sc3N16/__initial__/165/xtal_15.cif,-43.640766,-53.15542
xtal_16.cif,./Al13Sc3N16/165/xtal_16.cif,0.88423085,46.923595
xtal_17.cif,./Al13Sc3N16/165/xtal_17.cif,50.922424,80.13425
xtal_18.cif,./Al13Sc3N16/__initial__/165/xtal_18.cif,-66.53131,-40.993713
xtal_19.cif,./Al13Sc3N16/165/xtal_19.cif,-87.68936,-22.773352
xtal_2.cif,./Al13Sc3N16/__initial__/165/xtal_2.cif,-8.591521,-52.636692
xtal_20.cif,./Al13Sc3N16/__initial__/165/xtal_20.cif,-68.287415,21.633713
xtal_21.cif,./Al13Sc3N16/__initial__/165/xtal_21.cif,-47.33708,1.9264473
xtal_22.cif,./Al13Sc3N16/165/xtal_22.cif,-52.370773,19.400917
xtal_23.cif,./Al13Sc3N16/__initial__/165/xtal_23.cif,34.999077,81.72505
xtal_24.cif,./Al13Sc3N16/165/xtal_24.cif,-24.163801,30.303001
xtal_25.cif,./Al13Sc3N16/165/xtal_25.cif,7.2099066,62.711357
xtal_26.cif,./Al13Sc3N16/__initial__/165/xtal_26.cif,-22.789145,-8.751627
xtal_27.cif,./Al13Sc3N16/__initial__/165/xtal_27.cif,-58.346634,-16.635923
xtal_28.cif,./Al13Sc3N16/165/xtal_28.cif,-52.589397,-28.66436
xtal_29.cif,./Al13Sc3N16/165/xtal_29.cif,-7.6706653,76.716736
xtal_3.cif,./Al13Sc3N16/165/xtal_3.cif,2.0148816,19.57288
xtal_30.cif,./Al13Sc3N16/__initial__/165/xtal_30.cif,-102.195786,0.22043401
xtal_31.cif,./Al13Sc3N16/__initial__/165/xtal_31.cif,48.43925,46.32403
xtal_32.cif,./Al13Sc3N16/165/xtal_32.cif,-7.8633,19.490902
xtal_33.cif,./Al13Sc3N16/__initial__/165/xtal_33.cif,-80.967705,-27.995125
xtal_34.cif,./Al13Sc3N16/165/xtal_34.cif,-57.195686,13.97742
xtal_35.cif,./Al13Sc3N16/__initial__/165/xtal_35.cif,42.30375,30.749449
xtal_36.cif,./Al13Sc3N16/__initial__/165/xtal_36.cif,-16.616297,-47.490948
xtal_37.cif,./Al13Sc3N16/__initial__/165/xtal_37.cif,-31.76343,-19.106989
xtal_38.cif,./Al13Sc3N16/__initial__/165/xtal_38.cif,-41.61224,-44.923225
xtal_39.cif,./Al13Sc3N16/165/xtal_39.cif,44.236042,36.287636
xtal_4.cif,./Al13Sc3N16/165/xtal_4.cif,-101.45417,-35.779667
xtal_40.cif,./Al13Sc3N16/__initial__/165/xtal_40.cif,-78.19612,70.8704
xtal_41.cif,./Al13Sc3N16/165/xtal_41.cif,11.587098,44.175797
xtal_42.cif,./Al13Sc3N16/165/xtal_42.cif,6.677495,-35.800396
xtal_43.cif,./Al13Sc3N16/__initial__/165/xtal_43.cif,-76.84002,1.6004812
xtal_44.cif,./Al13Sc3N16/165/xtal_44.cif,5.579397,8.428609
xtal_45.cif,./Al13Sc3N16/__initial__/165/xtal_45.cif,10.416656,57.412796
xtal_46.cif,./Al13Sc3N16/__initial__/165/xtal_46.cif,-5.130655,64.17618
xtal_47.cif,./Al13Sc3N16/165/xtal_47.cif,-60.369072,-33.39488
xtal_48.cif,./Al13Sc3N16/__initial__/165/xtal_48.cif,-1.0194484,68.925026
xtal_49.cif,./Al13Sc3N16/__initial__/165/xtal_49.cif,-34.01287,-45.36192
xtal_5.cif,./Al13Sc3N16/__initial__/165/xtal_5.cif,6.775453,15.235999
xtal_50.cif,./Al13Sc3N16/__initial__/165/xtal_50.cif,36.85295,50.088875
xtal_51.cif,./Al13Sc3N16/__initial__/165/xtal_51.cif,-70.74338,16.90637
xtal_52.cif,./Al13Sc3N16/__initial__/165/xtal_52.cif,-2.1310189,-31.009912
xtal_53.cif,./Al13Sc3N16/165/xtal_53.cif,-45.50447,-53.468258
xtal_54.cif,./Al13Sc3N16/__initial__/165/xtal_54.cif,12.131563,-3.8896096
xtal_55.cif,./Al13Sc3N16/165/xtal_55.cif,-0.02519897,15.01948
xtal_56.cif,./Al13Sc3N16/165/xtal_56.cif,-75.234184,-40.3926
xtal_57.cif,./Al13Sc3N16/__initial__/165/xtal_57.cif,-54.31971,8.991558
xtal_58.cif,./Al13Sc3N16/165/xtal_58.cif,47.336903,45.575474
xtal_59.cif,./Al13Sc3N16/165/xtal_59.cif,-0.31148374,27.760338
xtal_6.cif,./Al13Sc3N16/__initial__/165/xtal_6.cif,-75.79196,28.16631
xtal_60.cif,./Al13Sc3N16/__initial__/165/xtal_60.cif,-73.13757,9.750576
xtal_61.cif,./Al13Sc3N16/__initial__/165/xtal_61.cif,24.523804,62.75732
xtal_62.cif,./Al13Sc3N16/__initial__/165/xtal_62.cif,-5.08619,-4.762078
xtal_63.cif,./Al13Sc3N16/__initial__/165/xtal_63.cif,7.0490413,4.9731107
xtal_64.cif,./Al13Sc3N16/__initial__/165/xtal_64.cif,24.618822,44.69583
xtal_65.cif,./Al13Sc3N16/165/xtal_65.cif,-20.546747,30.064466
xtal_66.cif,./Al13Sc3N16/165/xtal_66.cif,-59.338528,32.73684
xtal_67.cif,./Al13Sc3N16/165/xtal_67.cif,1.3752593,-5.5678773
xtal_68.cif,./Al13Sc3N16/165/xtal_68.cif,63.37754,58.181206
xtal_69.cif,./Al13Sc3N16/165/xtal_69.cif,38.651688,57.014565
xtal_7.cif,./Al13Sc3N16/165/xtal_7.cif,-44.537617,-13.102741
xtal_70.cif,./Al13Sc3N16/165/xtal_70.cif,28.824495,14.647567
xtal_71.cif,./Al13Sc3N16/165/xtal_71.cif,-42.55664,74.02097
xtal_72.cif,./Al13Sc3N16/__initial__/165/xtal_72.cif,-107.02817,3.992215
xtal_73.cif,./Al13Sc3N16/165/xtal_73.cif,-67.293144,-40.623653
xtal_74.cif,./Al13Sc3N16/__initial__/165/xtal_74.cif,21.163729,49.00258
xtal_75.cif,./Al13Sc3N16/165/xtal_75.cif,-45.69896,15.013148
xtal_76.cif,./Al13Sc3N16/165/xtal_76.cif,43.631477,63.310802
xtal_77.cif,./Al13Sc3N16/__initial__/165/xtal_77.cif,-24.197777,36.8062
xtal_78.cif,./Al13Sc3N16/165/xtal_78.cif,-32.06597,-27.99398
xtal_79.cif,./Al13Sc3N16/__initial__/165/xtal_79.cif,47.055164,27.054329
xtal_8.cif,./Al13Sc3N16/165/xtal_8.cif,-9.276408,22.853912
xtal_80.cif,./Al13Sc3N16/__initial__/165/xtal_80.cif,49.079742,41.40993
xtal_81.cif,./Al13Sc3N16/165/xtal_81.cif,-0.20435005,-5.234366
xtal_82.cif,./Al13Sc3N16/__initial__/165/xtal_82.cif,-43.750603,63.46231
xtal_83.cif,./Al13Sc3N16/__initial__/165/xtal_83.cif,-13.982329,-36.071102
xtal_84.cif,./Al13Sc3N16/165/xtal_84.cif,-81.94353,-38.706463
xtal_85.cif,./Al13Sc3N16/__initial__/165/xtal_85.cif,-41.34414,-65.97992
xtal_86.cif,./Al13Sc3N16/165/xtal_86.cif,2.9272432,66.687035
xtal_87.cif,./Al13Sc3N16/165/xtal_87.cif,6.5360513,55.488758
xtal_88.cif,./Al13Sc3N16/165/xtal_88.cif,22.930403,76.62733
xtal_89.cif,./Al13Sc3N16/165/xtal_89.cif,5.339596,65.85194
xtal_9.cif,./Al13Sc3N16/165/xtal_9.cif,28.441175,-4.372754
xtal_90.cif,./Al13Sc3N16/165/xtal_90.cif,-16.202026,5.080328
xtal_91.cif,./Al13Sc3N16/__initial__/165/xtal_91.cif,25.105938,42.78777
xtal_92.cif,./Al13Sc3N16/__initial__/165/xtal_92.cif,-81.892105,5.6784153
xtal_93.cif,./Al13Sc3N16/165/xtal_93.cif,-33.069412,-36.096012
xtal_94.cif,./Al13Sc3N16/165/xtal_94.cif,-8.410762,24.537308
xtal_95.cif,./Al13Sc3N16/__initial__/165/xtal_95.cif,2.7783613,-15.540828
xtal_96.cif,./Al13Sc3N16/__initial__/165/xtal_96.cif,-68.896255,-20.63282
xtal_97.cif,./Al13Sc3N16/165/xtal_97.cif,30.108368,6.570264
xtal_98.cif,./Al13Sc3N16/__initial__/165/xtal_98.cif,-0.03084207,-5.444473
xtal_99.cif,./Al13Sc3N16/__initial__/165/xtal_99.cif,-56.862267,54.4878
xtal_1.cif,./Al13Sc3N16/168/xtal_1.cif,-45.522808,-58.122307
xtal_10.cif,./Al13Sc3N16/__initial__/168/xtal_10.cif,-9.978146,39.708103
xtal_100.cif,./Al13Sc3N16/__initial__/168/xtal_100.cif,38.128315,-63.954075
xtal_11.cif,./Al13Sc3N16/168/xtal_11.cif,35.93417,-80.23977
xtal_12.cif,./Al13Sc3N16/__initial__/168/xtal_12.cif,91.18392,-35.362133
xtal_13.cif,./Al13Sc3N16/__initial__/168/xtal_13.cif,59.558292,-72.32165
xtal_14.cif,./Al13Sc3N16/__initial__/168/xtal_14.cif,-68.491104,-9.916532
xtal_15.cif,./Al13Sc3N16/168/xtal_15.cif,62.56458,-18.359144
xtal_16.cif,./Al13Sc3N16/168/xtal_16.cif,-43.439117,15.561656
xtal_17.cif,./Al13Sc3N16/__initial__/168/xtal_17.cif,70.279495,-87.59827
xtal_18.cif,./Al13Sc3N16/168/xtal_18.cif,53.183388,-6.5818577
xtal_19.cif,./Al13Sc3N16/168/xtal_19.cif,7.06441,0.23221506
xtal_2.cif,./Al13Sc3N16/__initial__/168/xtal_2.cif,95.808395,-45.535473
xtal_20.cif,./Al13Sc3N16/168/xtal_20.cif,-84.97104,18.187292
xtal_21.cif,./Al13Sc3N16/__initial__/168/xtal_21.cif,73.14661,-57.4448
xtal_22.cif,./Al13Sc3N16/__initial__/168/xtal_22.cif,69.06251,-56.204987
xtal_23.cif,./Al13Sc3N16/__initial__/168/xtal_23.cif,87.67119,-61.546776
xtal_24.cif,./Al13Sc3N16/168/xtal_24.cif,67.5076,-49.656174
xtal_25.cif,./Al13Sc3N16/__initial__/168/xtal_25.cif,75.57296,-57.17371
xtal_26.cif,./Al13Sc3N16/__initial__/168/xtal_26.cif,43.585186,-51.25382
xtal_27.cif,./Al13Sc3N16/168/xtal_27.cif,95.09353,-37.852875
xtal_28.cif,./Al13Sc3N16/__initial__/168/xtal_28.cif,68.61191,-49.283703
xtal_29.cif,./Al13Sc3N16/__initial__/168/xtal_29.cif,58.375694,12.578475
xtal_3.cif,./Al13Sc3N16/168/xtal_3.cif,73.5056,-29.093054
xtal_30.cif,./Al13Sc3N16/168/xtal_30.cif,-4.5435953,-32.371212
xtal_31.cif,./Al13Sc3N16/__initial__/168/xtal_31.cif,-79.103195,-25.833782
xtal_32.cif,./Al13Sc3N16/168/xtal_32.cif,81.87194,-42.829315
xtal_33.cif,./Al13Sc3N16/__initial__/168/xtal_33.cif,-4.8951774,16.865227
xtal_34.cif,./Al13Sc3N16/__initial__/168/xtal_34.cif,-68.91682,-61.228554
xtal_35.cif,./Al13Sc3N16/168/xtal_35.cif,65.82913,-68.94011
xtal_36.cif,./Al13Sc3N16/168/xtal_36.cif,54.126698,-12.879557
xtal_37.cif,./Al13Sc3N16/168/xtal_37.cif,1.8610265,-61.010025
xtal_38.cif,./Al13Sc3N16/__initial__/168/xtal_38.cif,84.35168,-39.394897
xtal_39.cif,./Al13Sc3N16/168/xtal_39.cif,-32.62656,35.234932
xtal_4.cif,./Al13Sc3N16/__initial__/168/xtal_4.cif,87.68199,-28.758669
xtal_40.cif,./Al13Sc3N16/168/xtal_40.cif,1.6436155,-4.619335
xtal_41.cif,./Al13Sc3N16/__initial__/168/xtal_41.cif,-65.7478,48.71259
xtal_42.cif,./Al13Sc3N16/__initial__/168/xtal_42.cif,-96.533646,-31.45224
xtal_43.cif,./Al13Sc3N16/168/xtal_43.cif,-33.818928,29.059607
xtal_44.cif,./Al13Sc3N16/168/xtal_44.cif,33.2117,-53.46944
xtal_45.cif,./Al13Sc3N16/168/xtal_45.cif,66.76994,10.472136
xtal_46.cif,./Al13Sc3N16/__initial__/168/xtal_46.cif,73.26515,-20.675144
xtal_47.cif,./Al13Sc3N16/168/xtal_47.cif,-37.760815,-11.297236
xtal_48.cif,./Al13Sc3N16/168/xtal_48.cif,-5.7635794,77.93325
xtal_49.cif,./Al13Sc3N16/__initial__/168/xtal_49.cif,27.332193,-89.451675
xtal_5.cif,./Al13Sc3N16/__initial__/168/xtal_5.cif,92.0461,-33.806034
xtal_50.cif,./Al13Sc3N16/168/xtal_50.cif,69.874374,-12.709856
xtal_51.cif,./Al13Sc3N16/__initial__/168/xtal_51.cif,98.10024,-39.675076
xtal_52.cif,./Al13Sc3N16/__initial__/168/xtal_52.cif,16.390873,67.77188
xtal_53.cif,./Al13Sc3N16/168/xtal_53.cif,66.358665,2.206506
xtal_54.cif,./Al13Sc3N16/__initial__/168/xtal_54.cif,38.669834,-95.8399
xtal_55.cif,./Al13Sc3N16/168/xtal_55.cif,36.946987,-82.83779
xtal_56.cif,./Al13Sc3N16/168/xtal_56.cif,56.108006,69.13279
xtal_57.cif,./Al13Sc3N16/__initial__/168/xtal_57.cif,65.3594,-88.42058
xtal_58.cif,./Al13Sc3N16/__initial__/168/xtal_58.cif,81.61821,-51.983074
xtal_59.cif,./Al13Sc3N16/168/xtal_59.cif,-60.866478,-0.9999821
xtal_6.cif,./Al13Sc3N16/__initial__/168/xtal_6.cif,72.48796,-30.84366
xtal_60.cif,./Al13Sc3N16/168/xtal_60.cif,-72.727936,15.704687
xtal_61.cif,./Al13Sc3N16/168/xtal_61.cif,51.753784,-29.635721
xtal_62.cif,./Al13Sc3N16/168/xtal_62.cif,-76.7131,15.014136
xtal_63.cif,./Al13Sc3N16/__initial__/168/xtal_63.cif,25.206408,-73.7843
xtal_64.cif,./Al13Sc3N16/__initial__/168/xtal_64.cif,66.376785,-12.053816
xtal_65.cif,./Al13Sc3N16/__initial__/168/xtal_65.cif,50.518444,-98.21822
xtal_66.cif,./Al13Sc3N16/168/xtal_66.cif,96.365486,-38.78199
xtal_67.cif,./Al13Sc3N16/168/xtal_67.cif,33.178234,-53.66605
xtal_68.cif,./Al13Sc3N16/168/xtal_68.cif,74.58092,-78.387245
xtal_69.cif,./Al13Sc3N16/__initial__/168/xtal_69.cif,25.336468,79.6562
xtal_7.cif,./Al13Sc3N16/__initial__/168/xtal_7.cif,97.25054,-43.152706
xtal_70.cif,./Al13Sc3N16/__initial__/168/xtal_70.cif,84.10314,-58.959988
xtal_71.cif,./Al13Sc3N16/__initial__/168/xtal_71.cif,95.77011,-47.279457
xtal_72.cif,./Al13Sc3N16/168/xtal_72.cif,50.210682,-36.154648
xtal_73.cif,./Al13Sc3N16/168/xtal_73.cif,36.02766,-56.71768
xtal_74.cif,./Al13Sc3N16/168/xtal_74.cif,-54.804882,-61.958405
xtal_75.cif,./Al13Sc3N16/__initial__/168/xtal_75.cif,39.45465,-94.45831
xtal_76.cif,./Al13Sc3N16/168/xtal_76.cif,0.3879753,-82.66939
xtal_77.cif,./Al13Sc3N16/168/xtal_77.cif,-70.62464,15.971828
xtal_78.cif,./Al13Sc3N16/168/xtal_78.cif,-3.2913685,45.72403
xtal_79.cif,./Al13Sc3N16/168/xtal_79.cif,-45.67593,-50.32251
xtal_8.cif,./Al13Sc3N16/__initial__/168/xtal_8.cif,57.224327,-7.750139
xtal_80.cif,./Al13Sc3N16/__initial__/168/xtal_80.cif,90.67381,-52.124752
xtal_81.cif,./Al13Sc3N16/__initial__/168/xtal_81.cif,-54.310333,69.55186
xtal_82.cif,./Al13Sc3N16/__initial__/168/xtal_82.cif,62.844032,-56.918762
xtal_83.cif,./Al13Sc3N16/168/xtal_83.cif,73.175735,-49.28922
xtal_84.cif,./Al13Sc3N16/__initial__/168/xtal_84.cif,-32.77357,19.780714
xtal_85.cif,./Al13Sc3N16/168/xtal_85.cif,65.37362,-69.95734
xtal_86.cif,./Al13Sc3N16/168/xtal_86.cif,76.68714,-58.891212
xtal_87.cif,./Al13Sc3N16/__initial__/168/xtal_87.cif,26.029875,-53.897926
xtal_88.cif,./Al13Sc3N16/__initial__/168/xtal_88.cif,68.2991,-80.60007
xtal_89.cif,./Al13Sc3N16/168/xtal_89.cif,66.85993,-45.35884
xtal_9.cif,./Al13Sc3N16/168/xtal_9.cif,-84.4856,13.74804
xtal_90.cif,./Al13Sc3N16/__initial__/168/xtal_90.cif,80.69129,-32.2704
xtal_91.cif,./Al13Sc3N16/168/xtal_91.cif,16.783546,-78.958565
xtal_92.cif,./Al13Sc3N16/168/xtal_92.cif,48.571743,-57.26488
xtal_93.cif,./Al13Sc3N16/168/xtal_93.cif,74.39924,39.02392
xtal_94.cif,./Al13Sc3N16/168/xtal_94.cif,-56.861195,50.536682
xtal_95.cif,./Al13Sc3N16/168/xtal_95.cif,-3.881366,-76.07533
xtal_96.cif,./Al13Sc3N16/168/xtal_96.cif,66.897224,40.392365
xtal_97.cif,./Al13Sc3N16/168/xtal_97.cif,-9.194221,77.60656
xtal_98.cif,./Al13Sc3N16/168/xtal_98.cif,72.36524,-31.040283
xtal_99.cif,./Al13Sc3N16/__initial__/168/xtal_99.cif,76.581604,38.877556
xtal_1.cif,./Al13Sc3N16/173/xtal_1.cif,51.23402,-31.173185
xtal_10.cif,./Al13Sc3N16/173/xtal_10.cif,75.61307,-4.1004696
xtal_100.cif,./Al13Sc3N16/173/xtal_100.cif,44.82084,-20.750528
xtal_11.cif,./Al13Sc3N16/__initial__/173/xtal_11.cif,-50.143852,50.944324
xtal_12.cif,./Al13Sc3N16/173/xtal_12.cif,-72.18491,54.13722
xtal_13.cif,./Al13Sc3N16/__initial__/173/xtal_13.cif,85.793526,15.211889
xtal_14.cif,./Al13Sc3N16/__initial__/173/xtal_14.cif,-31.374544,-41.521553
xtal_15.cif,./Al13Sc3N16/173/xtal_15.cif,75.67515,-54.38959
xtal_16.cif,./Al13Sc3N16/__initial__/173/xtal_16.cif,-50.002995,-62.307144
xtal_17.cif,./Al13Sc3N16/__initial__/173/xtal_17.cif,60.85104,-70.71986
xtal_18.cif,./Al13Sc3N16/__initial__/173/xtal_18.cif,-17.158432,-51.955536
xtal_19.cif,./Al13Sc3N16/__initial__/173/xtal_19.cif,61.78138,-74.39823
xtal_2.cif,./Al13Sc3N16/173/xtal_2.cif,-54.265713,55.780273
xtal_20.cif,./Al13Sc3N16/173/xtal_20.cif,18.67608,-87.44294
xtal_21.cif,./Al13Sc3N16/__initial__/173/xtal_21.cif,70.32347,-81.51476
xtal_22.cif,./Al13Sc3N16/__initial__/173/xtal_22.cif,-31.767511,-56.426853
xtal_23.cif,./Al13Sc3N16/173/xtal_23.cif,-99.1039,-25.66093
xtal_24.cif,./Al13Sc3N16/173/xtal_24.cif,35.916622,-76.54924
xtal_25.cif,./Al13Sc3N16/173/xtal_25.cif,45.839844,-50.395084
xtal_26.cif,./Al13Sc3N16/__initial__/173/xtal_26.cif,66.95905,-20.664959
xtal_27.cif,./Al13Sc3N16/__initial__/173/xtal_27.cif,78.76834,-28.42404
xtal_28.cif,./Al13Sc3N16/__initial__/173/xtal_28.cif,105.76676,-2.8637085
xtal_29.cif,./Al13Sc3N16/173/xtal_29.cif,-3.295594,-23.567446
xtal_3.cif,./Al13Sc3N16/__initial__/173/xtal_3.cif,-0.17716731,-43.385303
xtal_30.cif,./Al13Sc3N16/173/xtal_30.cif,-24.87228,-6.427246
xtal_31.cif,./Al13Sc3N16/__initial__/173/xtal_31.cif,62.399773,15.15589
xtal_32.cif,./Al13Sc3N16/173/xtal_32.cif,-72.53688,-60.624012
xtal_33.cif,./Al13Sc3N16/173/xtal_33.cif,27.969553,10.896377
xtal_34.cif,./Al13Sc3N16/173/xtal_34.cif,58.25476,6.88648
xtal_35.cif,./Al13Sc3N16/__initial__/173/xtal_35.cif,-13.647775,44.203434
xtal_36.cif,./Al13Sc3N16/__initial__/173/xtal_36.cif,-20.647423,-25.518293
xtal_37.cif,./Al13Sc3N16/173/xtal_37.cif,-50.714367,-57.067104
xtal_38.cif,./Al13Sc3N16/173/xtal_38.cif,18.321722,55.670734
xtal_39.cif,./Al13Sc3N16/173/xtal_39.cif,-3.0482957,23.974514
xtal_4.cif,./Al13Sc3N16/173/xtal_4.cif,31.881584,27.932943
xtal_40.cif,./Al13Sc3N16/173/xtal_40.cif,42.60842,-87.240555
xtal_41.cif,./Al13Sc3N16/173/xtal_41.cif,51.20783,-11.601217
xtal_42.cif,./Al13Sc3N16/__initial__/173/xtal_42.cif,18.227083,-62.663757
xtal_43.cif,./Al13Sc3N16/__initial__/173/xtal_43.cif,-63.463543,-21.800522
xtal_44.cif,./Al13Sc3N16/173/xtal_44.cif,34.042175,-83.41504
xtal_45.cif,./Al13Sc3N16/__initial__/173/xtal_45.cif,-2.762983,-78.24606
xtal_46.cif,./Al13Sc3N16/173/xtal_46.cif,-82.79429,-44.073742
xtal_47.cif,./Al13Sc3N16/173/xtal_47.cif,-0.16514233,-75.91803
xtal_48.cif,./Al13Sc3N16/173/xtal_48.cif,15.21138,-69.51378
xtal_49.cif,./Al13Sc3N16/__initial__/173/xtal_49.cif,48.817265,-49.556866
xtal_5.cif,./Al13Sc3N16/173/xtal_5.cif,71.22937,-53.361237
xtal_50.cif,./Al13Sc3N16/173/xtal_50.cif,69.363754,55.894806
xtal_51.cif,./Al13Sc3N16/173/xtal_51.cif,55.133904,26.076382
xtal_52.cif,./Al13Sc3N16/__initial__/173/xtal_52.cif,-29.565414,88.60601
xtal_53.cif,./Al13Sc3N16/__initial__/173/xtal_53.cif,99.026306,-22.698065
xtal_54.cif,./Al13Sc3N16/__initial__/173/xtal_54.cif,-74.058815,-37.38143
xtal_55.cif,./Al13Sc3N16/__initial__/173/xtal_55.cif,76.53846,-3.473198
xtal_56.cif,./Al13Sc3N16/__initial__/173/xtal_56.cif,75.04354,-56.168827
xtal_57.cif,./Al13Sc3N16/__initial__/173/xtal_57.cif,-80.0117,-30.608543
xtal_58.cif,./Al13Sc3N16/__initial__/173/xtal_58.cif,68.47181,15.19812
xtal_59.cif,./Al13Sc3N16/173/xtal_59.cif,33.57989,89.43425
xtal_6.cif,./Al13Sc3N16/173/xtal_6.cif,42.699165,-4.114624
xtal_60.cif,./Al13Sc3N16/__initial__/173/xtal_60.cif,86.8788,-59.10582
xtal_61.cif,./Al13Sc3N16/173/xtal_61.cif,82.07759,54.781815
xtal_62.cif,./Al13Sc3N16/__initial__/173/xtal_62.cif,1.4591744,-76.65395
xtal_63.cif,./Al13Sc3N16/__initial__/173/xtal_63.cif,66.1235,-66.77707
xtal_64.cif,./Al13Sc3N16/173/xtal_64.cif,89.38625,-54.44246
xtal_65.cif,./Al13Sc3N16/__initial__/173/xtal_65.cif,-12.430301,-27.9109
xtal_66.cif,./Al13Sc3N16/173/xtal_66.cif,6.09043,-83.460396
xtal_67.cif,./Al13Sc3N16/__initial__/173/xtal_67.cif,77.31191,-29.094587
xtal_68.cif,./Al13Sc3N16/173/xtal_68.cif,90.69881,14.850008
xtal_69.cif,./Al13Sc3N16/__initial__/173/xtal_69.cif,37.556496,-76.31318
xtal_7.cif,./Al13Sc3N16/173/xtal_7.cif,30.709736,-42.28382
xtal_70.cif,./Al13Sc3N16/173/xtal_70.cif,68.01435,-79.99602
xtal_71.cif,./Al13Sc3N16/__initial__/173/xtal_71.cif,-19.712389,-44.99034
xtal_72.cif,./Al13Sc3N16/__initial__/173/xtal_72.cif,42.027214,-92.31288
xtal_73.cif,./Al13Sc3N16/173/xtal_73.cif,92.33276,0.80946136
xtal_74.cif,./Al13Sc3N16/__initial__/173/xtal_74.cif,78.90983,-27.694887
xtal_75.cif,./Al13Sc3N16/173/xtal_75.cif,78.77839,37.011665
xtal_76.cif,./Al13Sc3N16/173/xtal_76.cif,50.474182,-3.519875
xtal_77.cif,./Al13Sc3N16/173/xtal_77.cif,55.12151,-31.243229
xtal_78.cif,./Al13Sc3N16/__initial__/173/xtal_78.cif,71.63241,-18.723722
xtal_79.cif,./Al13Sc3N16/__initial__/173/xtal_79.cif,83.676796,50.807148
xtal_8.cif,./Al13Sc3N16/__initial__/173/xtal_8.cif,77.887115,-33.533363
xtal_80.cif,./Al13Sc3N16/__initial__/173/xtal_80.cif,-84.48239,-41.599506
xtal_81.cif,./Al13Sc3N16/173/xtal_81.cif,96.44777,-35.60847
xtal_82.cif,./Al13Sc3N16/__initial__/173/xtal_82.cif,30.307549,-79.26842
xtal_83.cif,./Al13Sc3N16/__initial__/173/xtal_83.cif,85.65466,-7.9918094
xtal_84.cif,./Al13Sc3N16/__initial__/173/xtal_84.cif,49.631416,-8.238344
xtal_85.cif,./Al13Sc3N16/173/xtal_85.cif,-47.363228,-53.560036
xtal_86.cif,./Al13Sc3N16/__initial__/173/xtal_86.cif,-24.820477,-20.158627
xtal_87.cif,./Al13Sc3N16/__initial__/173/xtal_87.cif,77.18607,-44.71679
xtal_88.cif,./Al13Sc3N16/173/xtal_88.cif,41.529747,-46.15537
xtal_89.cif,./Al13Sc3N16/173/xtal_89.cif,52.122475,-43.440056
xtal_9.cif,./Al13Sc3N16/__initial__/173/xtal_9.cif,86.58886,-37.655148
xtal_90.cif,./Al13Sc3N16/173/xtal_90.cif,49.539623,-50.740604
xtal_91.cif,./Al13Sc3N16/__initial__/173/xtal_91.cif,16.115164,-9.124563
xtal_92.cif,./Al13Sc3N16/173/xtal_92.cif,65.1424,-86.76078
xtal_93.cif,./Al13Sc3N16/173/xtal_93.cif,-9.859472,-54.348667
xtal_94.cif,./Al13Sc3N16/173/xtal_94.cif,66.1135,54.94771
xtal_95.cif,./Al13Sc3N16/173/xtal_95.cif,-65.065056,-55.104942
xtal_96.cif,./Al13Sc3N16/173/xtal_96.cif,44.523293,-52.531242
xtal_97.cif,./Al13Sc3N16/173/xtal_97.cif,53.50505,-33.47104
xtal_98.cif,./Al13Sc3N16/173/xtal_98.cif,-31.756424,-12.8822565
xtal_99.cif,./Al13Sc3N16/__initial__/173/xtal_99.cif,77.372345,-60.1752
xtal_1.cif,./Al13Sc3N16/__initial__/174/xtal_1.cif,-72.84597,57.58065
xtal_10.cif,./Al13Sc3N16/174/xtal_10.cif,-67.599144,-38.36847
xtal_100.cif,./Al13Sc3N16/__initial__/174/xtal_100.cif,44.507435,-52.291782
xtal_11.cif,./Al13Sc3N16/174/xtal_11.cif,-6.6608324,-43.635582
xtal_12.cif,./Al13Sc3N16/__initial__/174/xtal_12.cif,17.794127,-89.59701
xtal_13.cif,./Al13Sc3N16/174/xtal_13.cif,28.272076,-61.780815
xtal_14.cif,./Al13Sc3N16/__initial__/174/xtal_14.cif,40.6809,56.17543
xtal_15.cif,./Al13Sc3N16/__initial__/174/xtal_15.cif,37.706562,61.60298
xtal_16.cif,./Al13Sc3N16/174/xtal_16.cif,48.8142,-50.504364
xtal_17.cif,./Al13Sc3N16/174/xtal_17.cif,53.285355,2.1292715
xtal_18.cif,./Al13Sc3N16/174/xtal_18.cif,72.02484,19.577858
xtal_19.cif,./Al13Sc3N16/__initial__/174/xtal_19.cif,35.735325,16.511446
xtal_2.cif,./Al13Sc3N16/174/xtal_2.cif,9.645396,-81.22915
xtal_20.cif,./Al13Sc3N16/__initial__/174/xtal_20.cif,-9.8384075,-80.61859
xtal_21.cif,./Al13Sc3N16/__initial__/174/xtal_21.cif,17.234564,-86.23704
xtal_22.cif,./Al13Sc3N16/__initial__/174/xtal_22.cif,-61.36451,-22.47887
xtal_23.cif,./Al13Sc3N16/__initial__/174/xtal_23.cif,-95.208855,-17.15534
xtal_24.cif,./Al13Sc3N16/__initial__/174/xtal_24.cif,22.509443,-49.190075
xtal_25.cif,./Al13Sc3N16/174/xtal_25.cif,-12.259931,-79.26828
xtal_26.cif,./Al13Sc3N16/174/xtal_26.cif,26.026466,4.202914
xtal_27.cif,./Al13Sc3N16/__initial__/174/xtal_27.cif,37.822834,-29.99928
xtal_28.cif,./Al13Sc3N16/__initial__/174/xtal_28.cif,41.17125,-87.92023
xtal_29.cif,./Al13Sc3N16/__initial__/174/xtal_29.cif,51.16226,-39.880074
xtal_3.cif,./Al13Sc3N16/174/xtal_3.cif,37.698055,-87.3599
xtal_30.cif,./Al13Sc3N16/174/xtal_30.cif,-75.52292,-56.16453
xtal_31.cif,./Al13Sc3N16/174/xtal_31.cif,56.436306,-85.87706
xtal_32.cif,./Al13Sc3N16/__initial__/174/xtal_32.cif,-92.96301,-32.86749
xtal_33.cif,./Al13Sc3N16/174/xtal_33.cif,46.952007,-56.339653
xtal_34.cif,./Al13Sc3N16/__initial__/174/xtal_34.cif,41.855274,-90.60955
xtal_35.cif,./Al13Sc3N16/__initial__/174/xtal_35.cif,43.72182,28.619896
xtal_36.cif,./Al13Sc3N16/174/xtal_36.cif,23.856058,-65.84869
xtal_37.cif,./Al13Sc3N16/__initial__/174/xtal_37.cif,52.63617,42.552605
xtal_38.cif,./Al13Sc3N16/__initial__/174/xtal_38.cif,48.32872,-55.252586
xtal_39.cif,./Al13Sc3N16/174/xtal_39.cif,55.429436,-86.78001
xtal_4.cif,./Al13Sc3N16/174/xtal_4.cif,38.543125,-95.09959
xtal_40.cif,./Al13Sc3N16/174/xtal_40.cif,-49.130047,58.142338
xtal_41.cif,./Al13Sc3N16/__initial__/174/xtal_41.cif,57.5122,-72.04821
xtal_42.cif,./Al13Sc3N16/__initial__/174/xtal_42.cif,37.272175,-70.71043
xtal_43.cif,./Al13Sc3N16/174/xtal_43.cif,-88.41431,-54.43475
xtal_44.cif,./Al13Sc3N16/__initial__/174/xtal_44.cif,28.263369,24.34179
xtal_45.cif,./Al13Sc3N16/__initial__/174/xtal_45.cif,-10.9036455,-25.977598
xtal_46.cif,./Al13Sc3N16/174/xtal_46.cif,22.640715,-57.31044
xtal_47.cif,./Al13Sc3N16/174/xtal_47.cif,66.89336,-71.9788
xtal_48.cif,./Al13Sc3N16/__initial__/174/xtal_48.cif,-105.76293,6.9992194
xtal_49.cif,./Al13Sc3N16/__initial__/174/xtal_49.cif,-60.638233,26.139313
xtal_5.cif,./Al13Sc3N16/__initial__/174/xtal_5.cif,-79.0495,16.130554
xtal_50.cif,./Al13Sc3N16/174/xtal_50.cif,41.691772,-90.34706
xtal_51.cif,./Al13Sc3N16/174/xtal_51.cif,18.250542,-90.78237
xtal_52.cif,./Al13Sc3N16/174/xtal_52.cif,4.2131777,-51.667755
xtal_53.cif,./Al13Sc3N16/__initial__/174/xtal_53.cif,-11.065209,14.395238
xtal_54.cif,./Al13Sc3N16/174/xtal_54.cif,36.316605,-66.55566
xtal_55.cif,./Al13Sc3N16/__initial__/174/xtal_55.cif,65.76421,-79.00042
xtal_56.cif,./Al13Sc3N16/__initial__/174/xtal_56.cif,12.603494,-0.4777827
xtal_57.cif,./Al13Sc3N16/__initial__/174/xtal_57.cif,53.703785,62.280937
xtal_58.cif,./Al13Sc3N16/174/xtal_58.cif,-64.90029,-55.21156
xtal_59.cif,./Al13Sc3N16/174/xtal_59.cif,49.697037,-47.96684
xtal_6.cif,./Al13Sc3N16/__initial__/174/xtal_6.cif,103.536964,6.351132
xtal_60.cif,./Al13Sc3N16/__initial__/174/xtal_60.cif,29.723913,-82.89531
xtal_61.cif,./Al13Sc3N16/174/xtal_61.cif,41.075798,-31.175007
xtal_62.cif,./Al13Sc3N16/174/xtal_62.cif,-98.328026,-11.621692
xtal_63.cif,./Al13Sc3N16/__initial__/174/xtal_63.cif,-78.21198,47.598396
xtal_64.cif,./Al13Sc3N16/174/xtal_64.cif,81.70809,-15.159895
xtal_65.cif,./Al13Sc3N16/__initial__/174/xtal_65.cif,98.69946,8.808046
xtal_66.cif,./Al13Sc3N16/174/xtal_66.cif,73.609886,-4.680855
xtal_67.cif,./Al13Sc3N16/174/xtal_67.cif,46.034016,-51.64548
xtal_68.cif,./Al13Sc3N16/__initial__/174/xtal_68.cif,71.785835,11.853883
xtal_69.cif,./Al13Sc3N16/174/xtal_69.cif,65.905396,-87.336716
xtal_7.cif,./Al13Sc3N16/__initial__/174/xtal_7.cif,67.65322,-80.60897
xtal_70.cif,./Al13Sc3N16/174/xtal_70.cif,58.135742,-82.5556
xtal_71.cif,./Al13Sc3N16/__initial__/174/xtal_71.cif,33.700466,-75.21025
xtal_72.cif,./Al13Sc3N16/174/xtal_72.cif,43.874622,-63.299755
xtal_73.cif,./Al13Sc3N16/174/xtal_73.cif,-11.067422,14.437017
xtal_74.cif,./Al13Sc3N16/174/xtal_74.cif,36.354713,-61.761635
xtal_75.cif,./Al13Sc3N16/174/xtal_75.cif,93.003426,4.0794096
xtal_76.cif,./Al13Sc3N16/__initial__/174/xtal_76.cif,27.13564,-86.71377
xtal_77.cif,./Al13Sc3N16/__initial__/174/xtal_77.cif,56.542133,-91.21962
xtal_78.cif,./Al13Sc3N16/174/xtal_78.cif,34.952087,-75.34311
xtal_79.cif,./Al13Sc3N16/174/xtal_79.cif,-77.82984,-52.89507
xtal_8.cif,./Al13Sc3N16/__initial__/174/xtal_8.cif,83.68945,16.565014
xtal_80.cif,./Al13Sc3N16/__initial__/174/xtal_80.cif,27.392786,-80.854164
xtal_81.cif,./Al13Sc3N16/174/xtal_81.cif,68.049995,-79.66874
xtal_82.cif,./Al13Sc3N16/174/xtal_82.cif,19.858435,-44.986534
xtal_83.cif,./Al13Sc3N16/174/xtal_83.cif,44.47851,-15.504358
xtal_84.cif,./Al13Sc3N16/174/xtal_84.cif,54.673218,-31.653622
xtal_85.cif,./Al13Sc3N16/174/xtal_85.cif,-47.692802,-58.899433
xtal_86.cif,./Al13Sc3N16/174/xtal_86.cif,54.514683,18.868317
xtal_87.cif,./Al13Sc3N16/__initial__/174/xtal_87.cif,104.4106,-2.1845007
xtal_88.cif,./Al13Sc3N16/__initial__/174/xtal_88.cif,-92.684395,-38.290207
xtal_89.cif,./Al13Sc3N16/174/xtal_89.cif,66.585846,-2.5846362
xtal_9.cif,./Al13Sc3N16/174/xtal_9.cif,55.582264,-30.189154
xtal_90.cif,./Al13Sc3N16/__initial__/174/xtal_90.cif,-67.28919,-26.001764
xtal_91.cif,./Al13Sc3N16/174/xtal_91.cif,-53.84698,47.370895
xtal_92.cif,./Al13Sc3N16/__initial__/174/xtal_92.cif,17.954151,-76.60526
xtal_93.cif,./Al13Sc3N16/174/xtal_93.cif,17.363735,-40.533295
xtal_94.cif,./Al13Sc3N16/174/xtal_94.cif,-90.09945,-20.397717
xtal_95.cif,./Al13Sc3N16/174/xtal_95.cif,42.16074,-90.1248
xtal_96.cif,./Al13Sc3N16/__initial__/174/xtal_96.cif,-32.27323,-26.048376
xtal_97.cif,./Al13Sc3N16/__initial__/174/xtal_97.cif,-93.23403,-41.685802
xtal_98.cif,./Al13Sc3N16/174/xtal_98.cif,75.44383,16.870409
xtal_99.cif,./Al13Sc3N16/__initial__/174/xtal_99.cif,42.354225,-42.70411
xtal_1.cif,./Al13Sc3N16/175/xtal_1.cif,-60.290695,60.195698
xtal_10.cif,./Al13Sc3N16/__initial__/175/xtal_10.cif,-19.185009,-65.75443
xtal_100.cif,./Al13Sc3N16/175/xtal_100.cif,-75.00673,19.82545
xtal_11.cif,./Al13Sc3N16/__initial__/175/xtal_11.cif,-28.08055,-23.685408
xtal_12.cif,./Al13Sc3N16/__initial__/175/xtal_12.cif,-17.896528,-36.73959
xtal_13.cif,./Al13Sc3N16/175/xtal_13.cif,-82.42591,54.826954
xtal_14.cif,./Al13Sc3N16/175/xtal_14.cif,-32.51655,-70.417915
xtal_15.cif,./Al13Sc3N16/__initial__/175/xtal_15.cif,6.732455,-10.78307
xtal_16.cif,./Al13Sc3N16/__initial__/175/xtal_16.cif,35.57641,67.12098
xtal_17.cif,./Al13Sc3N16/__initial__/175/xtal_17.cif,-82.07483,53.68827
xtal_18.cif,./Al13Sc3N16/__initial__/175/xtal_18.cif,-25.81814,-1.3835303
xtal_19.cif,./Al13Sc3N16/175/xtal_19.cif,30.210297,6.414655
xtal_2.cif,./Al13Sc3N16/__initial__/175/xtal_2.cif,-15.62991,-63.840534
xtal_20.cif,./Al13Sc3N16/175/xtal_20.cif,-23.689316,9.260966
xtal_21.cif,./Al13Sc3N16/__initial__/175/xtal_21.cif,9.748587,33.357414
xtal_22.cif,./Al13Sc3N16/__initial__/175/xtal_22.cif,-9.720625,24.482616
xtal_23.cif,./Al13Sc3N16/175/xtal_23.cif,-38.92197,92.92546
xtal_24.cif,./Al13Sc3N16/__initial__/175/xtal_24.cif,-69.819,-43.607353
xtal_25.cif,./Al13Sc3N16/__initial__/175/xtal_25.cif,-8.084785,73.83807
xtal_26.cif,./Al13Sc3N16/175/xtal_26.cif,-82.650635,62.028255
xtal_27.cif,./Al13Sc3N16/175/xtal_27.cif,-11.332544,61.39238
xtal_28.cif,./Al13Sc3N16/__initial__/175/xtal_28.cif,1.0240571,-29.132454
xtal_29.cif,./Al13Sc3N16/175/xtal_29.cif,-29.025599,-61.29912
xtal_3.cif,./Al13Sc3N16/__initial__/175/xtal_3.cif,51.31406,48.649857
xtal_30.cif,./Al13Sc3N16/__initial__/175/xtal_30.cif,-65.343506,38.054333
xtal_31.cif,./Al13Sc3N16/175/xtal_31.cif,14.497508,-29.765306
xtal_32.cif,./Al13Sc3N16/175/xtal_32.cif,-74.17306,49.591076
xtal_33.cif,./Al13Sc3N16/__initial__/175/xtal_33.cif,15.497596,10.509867
xtal_34.cif,./Al13Sc3N16/175/xtal_34.cif,-23.20244,44.967865
xtal_35.cif,./Al13Sc3N16/__initial__/175/xtal_35.cif,31.912487,73.436264
xtal_36.cif,./Al13Sc3N16/175/xtal_36.cif,-47.983215,-70.566895
xtal_37.cif,./Al13Sc3N16/__initial__/175/xtal_37.cif,71.20979,63.0686
xtal_38.cif,./Al13Sc3N16/175/xtal_38.cif,-84.84058,22.20921
xtal_39.cif,./Al13Sc3N16/__initial__/175/xtal_39.cif,-80.35307,62.389095
xtal_4.cif,./Al13Sc3N16/175/xtal_4.cif,-20.304102,-15.713394
xtal_40.cif,./Al13Sc3N16/__initial__/175/xtal_40.cif,-69.787605,-37.910637
xtal_41.cif,./Al13Sc3N16/__initial__/175/xtal_41.cif,-2.148215,12.382706
xtal_42.cif,./Al13Sc3N16/__initial__/175/xtal_42.cif,-70.619736,1.2810248
xtal_43.cif,./Al13Sc3N16/__initial__/175/xtal_43.cif,-93.15305,-49.25516
xtal_44.cif,./Al13Sc3N16/175/xtal_44.cif,31.055676,93.9306
xtal_45.cif,./Al13Sc3N16/175/xtal_45.cif,-87.52076,9.791308
xtal_46.cif,./Al13Sc3N16/175/xtal_46.cif,35.908463,41.98699
xtal_47.cif,./Al13Sc3N16/__initial__/175/xtal_47.cif,27.9723,8.30518
xtal_48.cif,./Al13Sc3N16/175/xtal_48.cif,-4.1965904,-17.305311
xtal_49.cif,./Al13Sc3N16/__initial__/175/xtal_49.cif,-73.03396,35.86224
xtal_5.cif,./Al13Sc3N16/175/xtal_5.cif,27.303448,44.735542
xtal_50.cif,./Al13Sc3N16/175/xtal_50.cif,20.853523,27.46767
xtal_51.cif,./Al13Sc3N16/__initial__/175/xtal_51.cif,33.887173,17.933834
xtal_52.cif,./Al13Sc3N16/__initial__/175/xtal_52.cif,-58.821255,-3.7357407
xtal_53.cif,./Al13Sc3N16/__initial__/175/xtal_53.cif,52.63688,34.740425
xtal_54.cif,./Al13Sc3N16/175/xtal_54.cif,-6.2450476,42.5881
xtal_55.cif,./Al13Sc3N16/175/xtal_55.cif,-105.9595,-19.203497
xtal_56.cif,./Al13Sc3N16/175/xtal_56.cif,31.573874,67.08886
xtal_57.cif,./Al13Sc3N16/175/xtal_57.cif,-57.428413,-13.0752535
xtal_58.cif,./Al13Sc3N16/__initial__/175/xtal_58.cif,-47.346485,86.233185
xtal_59.cif,./Al13Sc3N16/175/xtal_59.cif,50.238384,44.990417
xtal_6.cif,./Al13Sc3N16/175/xtal_6.cif,37.65711,15.264909
xtal_60.cif,./Al13Sc3N16/__initial__/175/xtal_60.cif,-70.422554,16.012964
xtal_61.cif,./Al13Sc3N16/__initial__/175/xtal_61.cif,9.99085,51.18065
xtal_62.cif,./Al13Sc3N16/__initial__/175/xtal_62.cif,-24.810217,6.671926
xtal_63.cif,./Al13Sc3N16/__initial__/175/xtal_63.cif,-7.385617,-32.737793
xtal_64.cif,./Al13Sc3N16/175/xtal_64.cif,-71.9697,15.834433
xtal_65.cif,./Al13Sc3N16/175/xtal_65.cif,-28.73344,-27.82226
xtal_66.cif,./Al13Sc3N16/__initial__/175/xtal_66.cif,-2.0239327,51.254593
xtal_67.cif,./Al13Sc3N16/__initial__/175/xtal_67.cif,1.8555303,44.68031
xtal_68.cif,./Al13Sc3N16/__initial__/175/xtal_68.cif,-69.72259,52.49925
xtal_69.cif,./Al13Sc3N16/__initial__/175/xtal_69.cif,-93.42572,-8.628069
xtal_7.cif,./Al13Sc3N16/175/xtal_7.cif,-38.039665,80.12521
xtal_70.cif,./Al13Sc3N16/175/xtal_70.cif,-13.650406,-10.557543
xtal_71.cif,./Al13Sc3N16/175/xtal_71.cif,-47.448406,2.3619351
xtal_72.cif,./Al13Sc3N16/175/xtal_72.cif,34.10656,14.6370125
xtal_73.cif,./Al13Sc3N16/175/xtal_73.cif,16.830048,86.226265
xtal_74.cif,./Al13Sc3N16/175/xtal_74.cif,20.319658,40.77418
xtal_75.cif,./Al13Sc3N16/175/xtal_75.cif,-83.59081,61.91294
xtal_76.cif,./Al13Sc3N16/175/xtal_76.cif,-29.229918,-7.225049
xtal_77.cif,./Al13Sc3N16/175/xtal_77.cif,2.8904068,66.7987
xtal_78.cif,./Al13Sc3N16/__initial__/175/xtal_78.cif,-85.08258,-29.10393
xtal_79.cif,./Al13Sc3N16/175/xtal_79.cif,-14.232842,-19.932545
xtal_8.cif,./Al13Sc3N16/175/xtal_8.cif,-68.78221,16.669647
xtal_80.cif,./Al13Sc3N16/175/xtal_80.cif,15.125647,-28.392103
xtal_81.cif,./Al13Sc3N16/__initial__/175/xtal_81.cif,-47.40545,62.988377
xtal_82.cif,./Al13Sc3N16/175/xtal_82.cif,29.18316,-35.637085
xtal_83.cif,./Al13Sc3N16/__initial__/175/xtal_83.cif,30.014162,-5.08138
xtal_84.cif,./Al13Sc3N16/175/xtal_84.cif,9.510505,-30.810547
xtal_85.cif,./Al13Sc3N16/175/xtal_85.cif,-32.4729,-23.79942
xtal_86.cif,./Al13Sc3N16/175/xtal_86.cif,-9.50446,32.74055
xtal_87.cif,./Al13Sc3N16/__initial__/175/xtal_87.cif,-74.33522,21.95045
xtal_88.cif,./Al13Sc3N16/175/xtal_88.cif,2.363179,37.952366
xtal_89.cif,./Al13Sc3N16/__initial__/175/xtal_89.cif,-34.70806,38.150837
xtal_9.cif,./Al13Sc3N16/__initial__/175/xtal_9.cif,-34.48647,89.30345
xtal_90.cif,./Al13Sc3N16/__initial__/175/xtal_90.cif,-78.37268,19.306248
xtal_91.cif,./Al13Sc3N16/__initial__/175/xtal_91.cif,-71.93462,23.496103
xtal_92.cif,./Al13Sc3N16/175/xtal_92.cif,-49.922737,38.688904
xtal_93.cif,./Al13Sc3N16/__initial__/175/xtal_93.cif,-10.626753,83.22013
xtal_94.cif,./Al13Sc3N16/175/xtal_94.cif,-46.07788,19.312807
xtal_95.cif,./Al13Sc3N16/175/xtal_95.cif,12.525373,-12.0281925
xtal_96.cif,./Al13Sc3N16/175/xtal_96.cif,-72.30557,-33.96437
xtal_97.cif,./Al13Sc3N16/__initial__/175/xtal_97.cif,-78.41762,53.995113
xtal_98.cif,./Al13Sc3N16/175/xtal_98.cif,38.174206,32.048176
xtal_99.cif,./Al13Sc3N16/175/xtal_99.cif,-51.61525,26.804056
xtal_1.cif,./Al13Sc3N16/176/xtal_1.cif,-14.734539,65.596344
xtal_10.cif,./Al13Sc3N16/__initial__/176/xtal_10.cif,21.093689,8.969449
xtal_100.cif,./Al13Sc3N16/__initial__/176/xtal_100.cif,-85.51755,18.125235
xtal_11.cif,./Al13Sc3N16/176/xtal_11.cif,-54.638966,-50.59475
xtal_12.cif,./Al13Sc3N16/176/xtal_12.cif,-61.537304,-40.885746
xtal_13.cif,./Al13Sc3N16/__initial__/176/xtal_13.cif,-80.631256,39.415432
xtal_14.cif,./Al13Sc3N16/__initial__/176/xtal_14.cif,-46.479813,-14.855588
xtal_15.cif,./Al13Sc3N16/176/xtal_15.cif,30.357908,49.05831
xtal_16.cif,./Al13Sc3N16/__initial__/176/xtal_16.cif,-50.4845,-8.077956
xtal_17.cif,./Al13Sc3N16/__initial__/176/xtal_17.cif,32.217655,7.9510407
xtal_18.cif,./Al13Sc3N16/176/xtal_18.cif,-26.370691,85.96809
xtal_19.cif,./Al13Sc3N16/__initial__/176/xtal_19.cif,8.018427,13.040259
xtal_2.cif,./Al13Sc3N16/176/xtal_2.cif,-41.45446,27.00206
xtal_20.cif,./Al13Sc3N16/__initial__/176/xtal_20.cif,-27.94202,6.865174
xtal_21.cif,./Al13Sc3N16/176/xtal_21.cif,9.25861,38.235104
xtal_22.cif,./Al13Sc3N16/176/xtal_22.cif,13.554343,17.04134
xtal_23.cif,./Al13Sc3N16/176/xtal_23.cif,-63.461742,51.113705
xtal_24.cif,./Al13Sc3N16/176/xtal_24.cif,-56.108814,-50.425797
xtal_25.cif,./Al13Sc3N16/176/xtal_25.cif,45.612995,69.5888
xtal_26.cif,./Al13Sc3N16/176/xtal_26.cif,10.253644,20.127312
xtal_27.cif,./Al13Sc3N16/__initial__/176/xtal_27.cif,50.6964,59.90672
xtal_28.cif,./Al13Sc3N16/176/xtal_28.cif,-79.02804,-42.292805
xtal_29.cif,./Al13Sc3N16/176/xtal_29.cif,21.318295,49.99373
xtal_3.cif,./Al13Sc3N16/176/xtal_3.cif,59.074123,62.45153
xtal_30.cif,./Al13Sc3N16/__initial__/176/xtal_30.cif,30.282051,19.438639
xtal_31.cif,./Al13Sc3N16/__initial__/176/xtal_31.cif,-47.12327,-68.74003
xtal_32.cif,./Al13Sc3N16/__initial__/176/xtal_32.cif,-6.3932133,50.77964
xtal_33.cif,./Al13Sc3N16/__initial__/176/xtal_33.cif,-29.202105,26.189484
xtal_34.cif,./Al13Sc3N16/__initial__/176/xtal_34.cif,7.1839094,-4.5306454
xtal_35.cif,./Al13Sc3N16/__initial__/176/xtal_35.cif,41.86492,82.88466
xtal_36.cif,./Al13Sc3N16/__initial__/176/xtal_36.cif,45.440475,28.86529
xtal_37.cif,./Al13Sc3N16/176/xtal_37.cif,-22.58893,-36.65421
xtal_38.cif,./Al13Sc3N16/176/xtal_38.cif,30.639805,30.865715
xtal_39.cif,./Al13Sc3N16/176/xtal_39.cif,-57.906643,42.036755
xtal_4.cif,./Al13Sc3N16/__initial__/176/xtal_4.cif,-51.641914,37.44138
xtal_40.cif,./Al13Sc3N16/__initial__/176/xtal_40.cif,15.817532,-11.364981
xtal_41.cif,./Al13Sc3N16/__initial__/176/xtal_41.cif,32.98206,68.70028
xtal_42.cif,./Al13Sc3N16/__initial__/176/xtal_42.cif,37.544987,23.181515
xtal_43.cif,./Al13Sc3N16/__initial__/176/xtal_43.cif,-83.48665,13.600183
xtal_44.cif,./Al13Sc3N16/176/xtal_44.cif,-1.4912399,-23.954231
xtal_45.cif,./Al13Sc3N16/__initial__/176/xtal_45.cif,10.107023,0.2516188
xtal_46.cif,./Al13Sc3N16/__initial__/176/xtal_46.cif,-67.130356,-38.101677
xtal_47.cif,./Al13Sc3N16/176/xtal_47.cif,-29.05885,-47.60101
xtal_48.cif,./Al13Sc3N16/__initial__/176/xtal_48.cif,-21.479424,-20.545893
xtal_49.cif,./Al13Sc3N16/176/xtal_49.cif,54.50634,57.973297
xtal_5.cif,./Al13Sc3N16/__initial__/176/xtal_5.cif,12.575512,50.08312
xtal_50.cif,./Al13Sc3N16/__initial__/176/xtal_50.cif,-10.849608,44.99496
xtal_51.cif,./Al13Sc3N16/176/xtal_51.cif,-58.7856,59.345116
xtal_52.cif,./Al13Sc3N16/176/xtal_52.cif,0.8796421,-23.746954
xtal_53.cif,./Al13Sc3N16/176/xtal_53.cif,-33.10494,-45.082417
xtal_54.cif,./Al13Sc3N16/176/xtal_54.cif,19.693806,43.094654
xtal_55.cif,./Al13Sc3N16/176/xtal_55.cif,35.53078,59.17494
xtal_56.cif,./Al13Sc3N16/__initial__/176/xtal_56.cif,-23.73394,69.51437
xtal_57.cif,./Al13Sc3N16/__initial__/176/xtal_57.cif,23.979448,7.0668845
xtal_58.cif,./Al13Sc3N16/176/xtal_58.cif,-65.51957,43.296097
xtal_59.cif,./Al13Sc3N16/176/xtal_59.cif,-16.318064,-66.55976
xtal_6.cif,./Al13Sc3N16/__initial__/176/xtal_6.cif,31.77463,16.582535
xtal_60.cif,./Al13Sc3N16/176/xtal_60.cif,-76.06419,14.252493
xtal_61.cif,./Al13Sc3N16/176/xtal_61.cif,7.5092864,80.98501
xtal_62.cif,./Al13Sc3N16/176/xtal_62.cif,-25.857994,45.802254
xtal_63.cif,./Al13Sc3N16/176/xtal_63.cif,35.34039,43.634563
xtal_64.cif,./Al13Sc3N16/176/xtal_64.cif,-18.392174,-24.551805
xtal_65.cif,./Al13Sc3N16/__initial__/176/xtal_65.cif,-28.43868,-51.97622
xtal_66.cif,./Al13Sc3N16/__initial__/176/xtal_66.cif,-4.3193803,-32.48446
xtal_67.cif,./Al13Sc3N16/__initial__/176/xtal_67.cif,-100.26173,1.559096
xtal_68.cif,./Al13Sc3N16/__initial__/176/xtal_68.cif,-8.48042,-23.436079
xtal_69.cif,./Al13Sc3N16/__initial__/176/xtal_69.cif,-8.906552,12.822196
xtal_7.cif,./Al13Sc3N16/__initial__/176/xtal_7.cif,6.9033093,5.232601
xtal_70.cif,./Al13Sc3N16/__initial__/176/xtal_70.cif,-15.352732,78.7076
xtal_71.cif,./Al13Sc3N16/176/xtal_71.cif,37.01311,34.907673
xtal_72.cif,./Al13Sc3N16/__initial__/176/xtal_72.cif,-53.285496,-41.17025
xtal_73.cif,./Al13Sc3N16/176/xtal_73.cif,-18.172552,28.516504
xtal_74.cif,./Al13Sc3N16/__initial__/176/xtal_74.cif,-84.98226,17.05962
xtal_75.cif,./Al13Sc3N16/__initial__/176/xtal_75.cif,-55.67787,48.12192
xtal_76.cif,./Al13Sc3N16/176/xtal_76.cif,-15.057122,-35.85638
xtal_77.cif,./Al13Sc3N16/__initial__/176/xtal_77.cif,49.98125,35.878136
xtal_78.cif,./Al13Sc3N16/__initial__/176/xtal_78.cif,49.975765,73.02037
xtal_79.cif,./Al13Sc3N16/__initial__/176/xtal_79.cif,-71.7453,-29.617424
xtal_8.cif,./Al13Sc3N16/176/xtal_8.cif,-81.43133,47.361164
xtal_80.cif,./Al13Sc3N16/176/xtal_80.cif,59.520042,65.76919
xtal_81.cif,./Al13Sc3N16/__initial__/176/xtal_81.cif,-78.844955,26.81273
xtal_82.cif,./Al13Sc3N16/176/xtal_82.cif,-48.293884,-72.34195
xtal_83.cif,./Al13Sc3N16/__initial__/176/xtal_83.cif,-77.25669,12.106399
xtal_84.cif,./Al13Sc3N16/__initial__/176/xtal_84.cif,29.713028,84.47463
xtal_85.cif,./Al13Sc3N16/176/xtal_85.cif,18.474302,55.6474
xtal_86.cif,./Al13Sc3N16/176/xtal_86.cif,24.425896,5.7929125
xtal_87.cif,./Al13Sc3N16/176/xtal_87.cif,-66.00879,-11.757663
xtal_88.cif,./Al13Sc3N16/176/xtal_88.cif,-33.987293,-65.85486
xtal_89.cif,./Al13Sc3N16/__initial__/176/xtal_89.cif,-54.26532,19.259129
xtal_9.cif,./Al13Sc3N16/176/xtal_9.cif,-16.455708,32.16449
xtal_90.cif,./Al13Sc3N16/176/xtal_90.cif,-15.606392,-6.882284
xtal_91.cif,./Al13Sc3N16/__initial__/176/xtal_91.cif,-14.809445,-65.601074
xtal_92.cif,./Al13Sc3N16/176/xtal_92.cif,6.4412084,2.096655
xtal_93.cif,./Al13Sc3N16/176/xtal_93.cif,-28.702736,-17.920347
xtal_94.cif,./Al13Sc3N16/__initial__/176/xtal_94.cif,47.414608,60.773575
xtal_95.cif,./Al13Sc3N16/__initial__/176/xtal_95.cif,-82.9019,31.345179
xtal_96.cif,./Al13Sc3N16/__initial__/176/xtal_96.cif,-43.74364,50.06425
xtal_97.cif,./Al13Sc3N16/176/xtal_97.cif,69.11836,63.968063
xtal_98.cif,./Al13Sc3N16/176/xtal_98.cif,-22.24067,-18.979103
xtal_99.cif,./Al13Sc3N16/176/xtal_99.cif,-33.535137,-66.93827
xtal_1.cif,./Al13Sc3N16/177/xtal_1.cif,-51.97627,-17.436365
xtal_10.cif,./Al13Sc3N16/177/xtal_10.cif,-91.125336,-10.979643
xtal_100.cif,./Al13Sc3N16/177/xtal_100.cif,17.807964,40.97032
xtal_11.cif,./Al13Sc3N16/177/xtal_11.cif,4.7561455,70.62635
xtal_12.cif,./Al13Sc3N16/177/xtal_12.cif,-76.222755,46.04431
xtal_13.cif,./Al13Sc3N16/177/xtal_13.cif,3.2061038,22.626984
xtal_14.cif,./Al13Sc3N16/177/xtal_14.cif,-57.063686,55.210983
xtal_15.cif,./Al13Sc3N16/__initial__/177/xtal_15.cif,-26.397762,91.9406
xtal_16.cif,./Al13Sc3N16/177/xtal_16.cif,-36.392696,-1.6608324
xtal_17.cif,./Al13Sc3N16/177/xtal_17.cif,-71.54108,27.616508
xtal_18.cif,./Al13Sc3N16/__initial__/177/xtal_18.cif,-61.644547,-33.492455
xtal_19.cif,./Al13Sc3N16/177/xtal_19.cif,13.488417,30.26829
xtal_2.cif,./Al13Sc3N16/177/xtal_2.cif,4.8260345,4.381677
xtal_20.cif,./Al13Sc3N16/177/xtal_20.cif,-56.130962,13.996047
xtal_21.cif,./Al13Sc3N16/177/xtal_21.cif,-50.75227,-34.809826
xtal_22.cif,./Al13Sc3N16/177/xtal_22.cif,-79.21532,68.029655
xtal_23.cif,./Al13Sc3N16/__initial__/177/xtal_23.cif,-83.60424,41.62999
xtal_24.cif,./Al13Sc3N16/__initial__/177/xtal_24.cif,-63.833652,41.287994
xtal_25.cif,./Al13Sc3N16/__initial__/177/xtal_25.cif,-73.692184,3.7176452
xtal_26.cif,./Al13Sc3N16/177/xtal_26.cif,-88.99146,23.945581
xtal_27.cif,./Al13Sc3N16/177/xtal_27.cif,13.034473,20.751953
xtal_28.cif,./Al13Sc3N16/177/xtal_28.cif,-9.265998,64.1357
xtal_29.cif,./Al13Sc3N16/__initial__/177/xtal_29.cif,11.54699,62.18816
xtal_3.cif,./Al13Sc3N16/__initial__/177/xtal_3.cif,-82.25339,51.585686
xtal_30.cif,./Al13Sc3N16/__initial__/177/xtal_30.cif,-78.18722,4.184156
xtal_31.cif,./Al13Sc3N16/177/xtal_31.cif,46.39534,38.225323
xtal_32.cif,./Al13Sc3N16/__initial__/177/xtal_32.cif,-80.28144,23.830805
xtal_33.cif,./Al13Sc3N16/__initial__/177/xtal_33.cif,-82.03024,37.836365
xtal_34.cif,./Al13Sc3N16/__initial__/177/xtal_34.cif,-43.69129,70.743744
xtal_35.cif,./Al13Sc3N16/__initial__/177/xtal_35.cif,-70.76254,17.616499
xtal_36.cif,./Al13Sc3N16/__initial__/177/xtal_36.cif,-95.06724,-26.044874
xtal_37.cif,./Al13Sc3N16/177/xtal_37.cif,-61.547745,5.484789
xtal_38.cif,./Al13Sc3N16/177/xtal_38.cif,9.372182,82.90183
xtal_39.cif,./Al13Sc3N16/177/xtal_39.cif,-80.88713,25.306828
xtal_4.cif,./Al13Sc3N16/__initial__/177/xtal_4.cif,-54.796097,30.164385
xtal_40.cif,./Al13Sc3N16/177/xtal_40.cif,-79.11037,2.0076
xtal_41.cif,./Al13Sc3N16/__initial__/177/xtal_41.cif,24.819386,6.5624266
xtal_42.cif,./Al13Sc3N16/177/xtal_42.cif,-63.76254,-42.78513
xtal_43.cif,./Al13Sc3N16/177/xtal_43.cif,-67.41114,25.625185
xtal_44.cif,./Al13Sc3N16/177/xtal_44.cif,-33.148952,-19.158972
xtal_45.cif,./Al13Sc3N16/__initial__/177/xtal_45.cif,-89.57987,36.150337
xtal_46.cif,./Al13Sc3N16/177/xtal_46.cif,-19.791552,4.7370353
xtal_47.cif,./Al13Sc3N16/177/xtal_47.cif,-20.031706,1.8398833
xtal_48.cif,./Al13Sc3N16/177/xtal_48.cif,4.7338843,68.16355
xtal_49.cif,./Al13Sc3N16/177/xtal_49.cif,-31.930435,-28.387177
xtal_5.cif,./Al13Sc3N16/__initial__/177/xtal_5.cif,9.636865,18.176392
xtal_50.cif,./Al13Sc3N16/__initial__/177/xtal_50.cif,36.347504,63.147766
xtal_51.cif,./Al13Sc3N16/__initial__/177/xtal_51.cif,-44.627228,-63.40456
xtal_52.cif,./Al13Sc3N16/177/xtal_52.cif,-42.99282,61.469925
xtal_53.cif,./Al13Sc3N16/__initial__/177/xtal_53.cif,32.61615,69.13262
xtal_54.cif,./Al13Sc3N16/177/xtal_54.cif,22.85349,47.475063
xtal_55.cif,./Al13Sc3N16/__initial__/177/xtal_55.cif,-92.86772,-29.487238
xtal_56.cif,./Al13Sc3N16/__initial__/177/xtal_56.cif,-56.529297,11.528905
xtal_57.cif,./Al13Sc3N16/177/xtal_57.cif,-65.53585,16.035341
xtal_58.cif,./Al13Sc3N16/177/xtal_58.cif,-22.616848,-49.33426
xtal_59.cif,./Al13Sc3N16/177/xtal_59.cif,56.005543,-27.623007
xtal_6.cif,./Al13Sc3N16/177/xtal_6.cif,-84.436165,32.997604
xtal_60.cif,./Al13Sc3N16/177/xtal_60.cif,25.739391,-12.494311
xtal_61.cif,./Al13Sc3N16/__initial__/177/xtal_61.cif,-84.18486,59.263287
xtal_62.cif,./Al13Sc3N16/__initial__/177/xtal_62.cif,15.188939,-7.081473
xtal_63.cif,./Al13Sc3N16/177/xtal_63.cif,-61.75536,40.938267
xtal_64.cif,./Al13Sc3N16/177/xtal_64.cif,-85.57683,25.837914
xtal_65.cif,./Al13Sc3N16/__initial__/177/xtal_65.cif,-77.63693,4.557764
xtal_66.cif,./Al13Sc3N16/__initial__/177/xtal_66.cif,-15.602008,2.1363223
xtal_67.cif,./Al13Sc3N16/__initial__/177/xtal_67.cif,-1.246603,41.649433
xtal_68.cif,./Al13Sc3N16/__initial__/177/xtal_68.cif,-80.72086,55.74364
xtal_69.cif,./Al13Sc3N16/177/xtal_69.cif,-42.876484,-31.932821
xtal_7.cif,./Al13Sc3N16/177/xtal_7.cif,-68.69666,17.707397
xtal_70.cif,./Al13Sc3N16/177/xtal_70.cif,1.7201264,-1.2880139
xtal_71.cif,./Al13Sc3N16/__initial__/177/xtal_71.cif,-3.026746,13.567818
xtal_72.cif,./Al13Sc3N16/177/xtal_72.cif,-17.62875,79.04677
xtal_73.cif,./Al13Sc3N16/__initial__/177/xtal_73.cif,-30.888195,38.892223
xtal_74.cif,./Al13Sc3N16/__initial__/177/xtal_74.cif,60.04896,58.788704
xtal_75.cif,./Al13Sc3N16/177/xtal_75.cif,0.18682247,53.538757
xtal_76.cif,./Al13Sc3N16/__initial__/177/xtal_76.cif,-62.90647,-32.60056
xtal_77.cif,./Al13Sc3N16/__initial__/177/xtal_77.cif,-73.83999,18.24764
xtal_78.cif,./Al13Sc3N16/__initial__/177/xtal_78.cif,-75.01242,12.363558
xtal_79.cif,./Al13Sc3N16/__initial__/177/xtal_79.cif,-83.77852,56.097202
xtal_8.cif,./Al13Sc3N16/177/xtal_8.cif,52.17437,31.805433
xtal_80.cif,./Al13Sc3N16/__initial__/177/xtal_80.cif,-87.45389,38.47522
xtal_81.cif,./Al13Sc3N16/177/xtal_81.cif,19.6493,1.5420116
xtal_82.cif,./Al13Sc3N16/__initial__/177/xtal_82.cif,-44.19909,-63.757587
xtal_83.cif,./Al13Sc3N16/__initial__/177/xtal_83.cif,-80.73991,49.096584
xtal_84.cif,./Al13Sc3N16/177/xtal_84.cif,-82.7315,62.169586
xtal_85.cif,./Al13Sc3N16/__initial__/177/xtal_85.cif,-77.77761,26.108896
xtal_86.cif,./Al13Sc3N16/__initial__/177/xtal_86.cif,59.690594,43.791496
xtal_87.cif,./Al13Sc3N16/177/xtal_87.cif,-51.435627,16.10933
xtal_88.cif,./Al13Sc3N16/__initial__/177/xtal_88.cif,17.44564,88.22172
xtal_89.cif,./Al13Sc3N16/177/xtal_89.cif,19.961594,29.952436
xtal_9.cif,./Al13Sc3N16/177/xtal_9.cif,-85.185936,19.964102
xtal_90.cif,./Al13Sc3N16/__initial__/177/xtal_90.cif,-86.33275,24.45484
xtal_91.cif,./Al13Sc3N16/__initial__/177/xtal_91.cif,-63.10062,6.531877
xtal_92.cif,./Al13Sc3N16/__initial__/177/xtal_92.cif,-39.76223,-34.96451
xtal_93.cif,./Al13Sc3N16/__initial__/177/xtal_93.cif,-67.52903,27.365875
xtal_94.cif,./Al13Sc3N16/177/xtal_94.cif,-40.13,-47.851593
xtal_95.cif,./Al13Sc3N16/177/xtal_95.cif,-1.9460661,-24.849009
xtal_96.cif,./Al13Sc3N16/__initial__/177/xtal_96.cif,-63.706787,47.998978
xtal_97.cif,./Al13Sc3N16/__initial__/177/xtal_97.cif,-21.634495,-17.126505
xtal_98.cif,./Al13Sc3N16/__initial__/177/xtal_98.cif,-40.112175,25.975924
xtal_99.cif,./Al13Sc3N16/177/xtal_99.cif,9.07633,46.962975
xtal_1.cif,./Al13Sc3N16/__initial__/182/xtal_1.cif,-52.596043,-50.067924
xtal_10.cif,./Al13Sc3N16/182/xtal_10.cif,-20.459814,-47.58784
xtal_100.cif,./Al13Sc3N16/__initial__/182/xtal_100.cif,-81.02767,1.3395891
xtal_11.cif,./Al13Sc3N16/182/xtal_11.cif,34.126446,86.22603
xtal_12.cif,./Al13Sc3N16/182/xtal_12.cif,-75.98241,46.262814
xtal_13.cif,./Al13Sc3N16/182/xtal_13.cif,-18.93784,-46.87865
xtal_14.cif,./Al13Sc3N16/182/xtal_14.cif,31.969631,48.656456
xtal_15.cif,./Al13Sc3N16/182/xtal_15.cif,17.721329,40.91537
xtal_16.cif,./Al13Sc3N16/182/xtal_16.cif,-1.7379518,64.031876
xtal_17.cif,./Al13Sc3N16/182/xtal_17.cif,-10.753565,6.0978394
xtal_18.cif,./Al13Sc3N16/__initial__/182/xtal_18.cif,-68.43495,-39.74403
xtal_19.cif,./Al13Sc3N16/182/xtal_19.cif,16.7425,86.329544
xtal_2.cif,./Al13Sc3N16/__initial__/182/xtal_2.cif,61.466473,76.89184
xtal_20.cif,./Al13Sc3N16/182/xtal_20.cif,-55.200886,-36.02101
xtal_21.cif,./Al13Sc3N16/__initial__/182/xtal_21.cif,-71.31731,46.722866
xtal_22.cif,./Al13Sc3N16/182/xtal_22.cif,-26.452055,48.74016
xtal_23.cif,./Al13Sc3N16/182/xtal_23.cif,-77.872505,-18.96096
xtal_24.cif,./Al13Sc3N16/182/xtal_24.cif,-46.4604,-47.55185
xtal_25.cif,./Al13Sc3N16/__initial__/182/xtal_25.cif,-27.020565,-5.9492397
xtal_26.cif,./Al13Sc3N16/182/xtal_26.cif,17.430077,19.616158
xtal_27.cif,./Al13Sc3N16/__initial__/182/xtal_27.cif,54.260498,55.332253
xtal_28.cif,./Al13Sc3N16/182/xtal_28.cif,17.835619,13.011808
xtal_29.cif,./Al13Sc3N16/182/xtal_29.cif,15.4296465,25.58036
xtal_3.cif,./Al13Sc3N16/182/xtal_3.cif,-28.25357,90.11219
xtal_30.cif,./Al13Sc3N16/__initial__/182/xtal_30.cif,13.162813,-17.726162
xtal_31.cif,./Al13Sc3N16/__initial__/182/xtal_31.cif,-74.11577,18.297838
xtal_32.cif,./Al13Sc3N16/__initial__/182/xtal_32.cif,-79.51038,66.50604
xtal_33.cif,./Al13Sc3N16/__initial__/182/xtal_33.cif,-22.932068,-41.955296
xtal_34.cif,./Al13Sc3N16/182/xtal_34.cif,-12.410606,21.047207
xtal_35.cif,./Al13Sc3N16/__initial__/182/xtal_35.cif,-7.7281947,46.103104
xtal_36.cif,./Al13Sc3N16/182/xtal_36.cif,17.641642,40.718056
xtal_37.cif,./Al13Sc3N16/__initial__/182/xtal_37.cif,16.211306,6.585972
xtal_38.cif,./Al13Sc3N16/__initial__/182/xtal_38.cif,4.9727807,29.048204
xtal_39.cif,./Al13Sc3N16/182/xtal_39.cif,44.123535,57.903915
xtal_4.cif,./Al13Sc3N16/__initial__/182/xtal_4.cif,-87.0769,-14.785788
xtal_40.cif,./Al13Sc3N16/__initial__/182/xtal_40.cif,37.695744,87.15167
xtal_41.cif,./Al13Sc3N16/182/xtal_41.cif,-4.236297,29.816986
xtal_42.cif,./Al13Sc3N16/__initial__/182/xtal_42.cif,-6.357225,-9.694961
xtal_43.cif,./Al13Sc3N16/__initial__/182/xtal_43.cif,-85.256294,-39.17754
xtal_44.cif,./Al13Sc3N16/182/xtal_44.cif,-6.9942966,7.0771766
xtal_45.cif,./Al13Sc3N16/182/xtal_45.cif,-33.695545,11.283853
xtal_46.cif,./Al13Sc3N16/__initial__/182/xtal_46.cif,-52.67093,-38.168167
xtal_47.cif,./Al13Sc3N16/182/xtal_47.cif,-8.122784,-8.185187
xtal_48.cif,./Al13Sc3N16/182/xtal_48.cif,39.397827,48.160812
xtal_49.cif,./Al13Sc3N16/__initial__/182/xtal_49.cif,-62.444862,-8.359313
xtal_5.cif,./Al13Sc3N16/__initial__/182/xtal_5.cif,-8.456694,35.754086
xtal_50.cif,./Al13Sc3N16/__initial__/182/xtal_50.cif,-2.2114928,-7.1747794
xtal_51.cif,./Al13Sc3N16/__initial__/182/xtal_51.cif,-76.88564,-45.07716
xtal_52.cif,./Al13Sc3N16/__initial__/182/xtal_52.cif,24.061274,58.969635
xtal_53.cif,./Al13Sc3N16/182/xtal_53.cif,7.7239695,45.65226
xtal_54.cif,./Al13Sc3N16/__initial__/182/xtal_54.cif,23.994352,69.75183
xtal_55.cif,./Al13Sc3N16/182/xtal_55.cif,-88.54927,-50.853485
xtal_56.cif,./Al13Sc3N16/__initial__/182/xtal_56.cif,0.52530646,15.515204
xtal_57.cif,./Al13Sc3N16/__initial__/182/xtal_57.cif,-26.159698,10.083023
xtal_58.cif,./Al13Sc3N16/__initial__/182/xtal_58.cif,-76.66934,-33.084614
xtal_59.cif,./Al13Sc3N16/__initial__/182/xtal_59.cif,-31.200127,-58.793724
xtal_6.cif,./Al13Sc3N16/182/xtal_6.cif,47.92458,35.57393
xtal_60.cif,./Al13Sc3N16/182/xtal_60.cif,-84.45936,-28.794373
xtal_61.cif,./Al13Sc3N16/182/xtal_61.cif,69.957115,68.74796
xtal_62.cif,./Al13Sc3N16/__initial__/182/xtal_62.cif,69.93814,69.590996
xtal_63.cif,./Al13Sc3N16/182/xtal_63.cif,-41.44883,26.999819
xtal_64.cif,./Al13Sc3N16/182/xtal_64.cif,-11.832274,0.9563125
xtal_65.cif,./Al13Sc3N16/__initial__/182/xtal_65.cif,11.331507,-13.931517
xtal_66.cif,./Al13Sc3N16/182/xtal_66.cif,-36.988117,34.5946
xtal_67.cif,./Al13Sc3N16/182/xtal_67.cif,-53.310646,-44.771927
xtal_68.cif,./Al13Sc3N16/182/xtal_68.cif,-16.002363,32.356117
xtal_69.cif,./Al13Sc3N16/__initial__/182/xtal_69.cif,43.206245,33.285007
xtal_7.cif,./Al13Sc3N16/182/xtal_7.cif,-52.81352,28.420515
xtal_70.cif,./Al13Sc3N16/182/xtal_70.cif,-4.445106,-42.026134
xtal_71.cif,./Al13Sc3N16/__initial__/182/xtal_71.cif,-47.840904,-67.13735
xtal_72.cif,./Al13Sc3N16/__initial__/182/xtal_72.cif,27.786182,86.955765
xtal_73.cif,./Al13Sc3N16/182/xtal_73.cif,-80.29197,16.755814
xtal_74.cif,./Al13Sc3N16/182/xtal_74.cif,13.020778,6.345571
xtal_75.cif,./Al13Sc3N16/__initial__/182/xtal_75.cif,39.30388,12.464022
xtal_76.cif,./Al13Sc3N16/__initial__/182/xtal_76.cif,-19.952042,-37.41436
xtal_77.cif,./Al13Sc3N16/182/xtal_77.cif,-54.051674,58.56478
xtal_78.cif,./Al13Sc3N16/__initial__/182/xtal_78.cif,-28.612844,11.334908
xtal_79.cif,./Al13Sc3N16/182/xtal_79.cif,-28.424742,1.1304532
xtal_8.cif,./Al13Sc3N16/182/xtal_8.cif,31.91664,31.210545
xtal_80.cif,./Al13Sc3N16/__initial__/182/xtal_80.cif,-77.899185,22.523422
xtal_81.cif,./Al13Sc3N16/__initial__/182/xtal_81.cif,-31.246874,11.837707
xtal_82.cif,./Al13Sc3N16/182/xtal_82.cif,6.8455486,62.82122
xtal_83.cif,./Al13Sc3N16/__initial__/182/xtal_83.cif,29.012201,49.609524
xtal_84.cif,./Al13Sc3N16/182/xtal_84.cif,55.280346,71.19405
xtal_85.cif,./Al13Sc3N16/__initial__/182/xtal_85.cif,-1.9257084,22.417343
xtal_86.cif,./Al13Sc3N16/__initial__/182/xtal_86.cif,1.7530096,0.9042233
xtal_87.cif,./Al13Sc3N16/__initial__/182/xtal_87.cif,54.197014,43.649868
xtal_88.cif,./Al13Sc3N16/__initial__/182/xtal_88.cif,9.814326,-14.516634
xtal_89.cif,./Al13Sc3N16/182/xtal_89.cif,43.765858,19.898516
xtal_9.cif,./Al13Sc3N16/__initial__/182/xtal_9.cif,44.56538,25.107828
xtal_90.cif,./Al13Sc3N16/__initial__/182/xtal_90.cif,9.906765,44.907898
xtal_91.cif,./Al13Sc3N16/__initial__/182/xtal_91.cif,-86.83524,25.81916
xtal_92.cif,./Al13Sc3N16/182/xtal_92.cif,64.369415,54.06921
xtal_93.cif,./Al13Sc3N16/182/xtal_93.cif,-51.93521,42.268948
xtal_94.cif,./Al13Sc3N16/182/xtal_94.cif,6.2191405,0.12371548
xtal_95.cif,./Al13Sc3N16/__initial__/182/xtal_95.cif,31.993015,86.11293
xtal_96.cif,./Al13Sc3N16/182/xtal_96.cif,-9.7214,-43.825764
xtal_97.cif,./Al13Sc3N16/182/xtal_97.cif,-89.03625,35.55511
xtal_98.cif,./Al13Sc3N16/__initial__/182/xtal_98.cif,53.229057,38.50524
xtal_99.cif,./Al13Sc3N16/182/xtal_99.cif,-35.221226,-68.74184
xtal_1.cif,./Al13Sc3N16/__initial__/183/xtal_1.cif,84.54352,-45.928307
xtal_10.cif,./Al13Sc3N16/__initial__/183/xtal_10.cif,-63.542812,-66.4778
xtal_100.cif,./Al13Sc3N16/__initial__/183/xtal_100.cif,87.75572,-32.668056
xtal_11.cif,./Al13Sc3N16/183/xtal_11.cif,93.36824,-51.267292
xtal_12.cif,./Al13Sc3N16/__initial__/183/xtal_12.cif,83.480835,-57.25458
xtal_13.cif,./Al13Sc3N16/__initial__/183/xtal_13.cif,94.7605,-51.142166
xtal_14.cif,./Al13Sc3N16/__initial__/183/xtal_14.cif,42.66048,-71.87316
xtal_15.cif,./Al13Sc3N16/__initial__/183/xtal_15.cif,69.94097,-89.021416
xtal_16.cif,./Al13Sc3N16/183/xtal_16.cif,65.31554,-50.61696
xtal_17.cif,./Al13Sc3N16/__initial__/183/xtal_17.cif,89.46105,-45.39353
xtal_18.cif,./Al13Sc3N16/183/xtal_18.cif,86.339905,-58.344494
xtal_19.cif,./Al13Sc3N16/__initial__/183/xtal_19.cif,32.933754,-90.135414
xtal_2.cif,./Al13Sc3N16/__initial__/183/xtal_2.cif,-75.485275,26.342888
xtal_20.cif,./Al13Sc3N16/183/xtal_20.cif,71.31104,-50.21489
xtal_21.cif,./Al13Sc3N16/183/xtal_21.cif,75.81365,-80.69954
xtal_22.cif,./Al13Sc3N16/183/xtal_22.cif,85.50703,-32.956585
xtal_23.cif,./Al13Sc3N16/183/xtal_23.cif,28.353304,56.458443
xtal_24.cif,./Al13Sc3N16/183/xtal_24.cif,-61.3211,72.51061
xtal_25.cif,./Al13Sc3N16/183/xtal_25.cif,93.881966,-48.950256
xtal_26.cif,./Al13Sc3N16/183/xtal_26.cif,61.374542,-73.74332
xtal_27.cif,./Al13Sc3N16/183/xtal_27.cif,4.891437,-7.8966036
xtal_28.cif,./Al13Sc3N16/183/xtal_28.cif,86.98725,-44.111485
xtal_29.cif,./Al13Sc3N16/__initial__/183/xtal_29.cif,-18.608427,-17.012093
xtal_3.cif,./Al13Sc3N16/__initial__/183/xtal_3.cif,-67.763374,58.262585
xtal_30.cif,./Al13Sc3N16/__initial__/183/xtal_30.cif,56.80777,-43.696503
xtal_31.cif,./Al13Sc3N16/__initial__/183/xtal_31.cif,-74.440094,24.10268
xtal_32.cif,./Al13Sc3N16/183/xtal_32.cif,-61.159607,19.631977
xtal_33.cif,./Al13Sc3N16/__initial__/183/xtal_33.cif,92.00417,-52.859
xtal_34.cif,./Al13Sc3N16/183/xtal_34.cif,70.033325,-75.06788
xtal_35.cif,./Al13Sc3N16/183/xtal_35.cif,38.85238,-93.493034
xtal_36.cif,./Al13Sc3N16/__initial__/183/xtal_36.cif,-54.46453,19.393888
xtal_37.cif,./Al13Sc3N16/183/xtal_37.cif,87.51197,-55.49781
xtal_38.cif,./Al13Sc3N16/183/xtal_38.cif,89.94858,15.477337
xtal_39.cif,./Al13Sc3N16/__initial__/183/xtal_39.cif,41.374054,-13.812643
xtal_4.cif,./Al13Sc3N16/__initial__/183/xtal_4.cif,82.364265,-66.37968
xtal_40.cif,./Al13Sc3N16/183/xtal_40.cif,12.537235,50.052956
xtal_41.cif,./Al13Sc3N16/183/xtal_41.cif,81.57912,-53.98929
xtal_42.cif,./Al13Sc3N16/183/xtal_42.cif,-81.014336,30.084766
xtal_43.cif,./Al13Sc3N16/__initial__/183/xtal_43.cif,-56.147907,-8.998907
xtal_44.cif,./Al13Sc3N16/183/xtal_44.cif,36.746426,-83.17431
xtal_45.cif,./Al13Sc3N16/183/xtal_45.cif,55.352676,-90.155075
xtal_46.cif,./Al13Sc3N16/__initial__/183/xtal_46.cif,44.930767,-82.36764
xtal_47.cif,./Al13Sc3N16/183/xtal_47.cif,-50.06493,26.699038
xtal_48.cif,./Al13Sc3N16/183/xtal_48.cif,12.168099,-53.18284
xtal_49.cif,./Al13Sc3N16/183/xtal_49.cif,-75.99947,-68.80401
xtal_5.cif,./Al13Sc3N16/183/xtal_5.cif,79.122025,-1.1958642
xtal_50.cif,./Al13Sc3N16/183/xtal_50.cif,76.28865,-40.10634
xtal_51.cif,./Al13Sc3N16/183/xtal_51.cif,47.84995,-82.41995
xtal_52.cif,./Al13Sc3N16/183/xtal_52.cif,48.806126,-60.150253
xtal_53.cif,./Al13Sc3N16/__initial__/183/xtal_53.cif,-71.35056,-54.17754
xtal_54.cif,./Al13Sc3N16/__initial__/183/xtal_54.cif,79.32292,-70.06125
xtal_55.cif,./Al13Sc3N16/183/xtal_55.cif,70.13322,-75.14441
xtal_56.cif,./Al13Sc3N16/183/xtal_56.cif,99.12761,-12.1748905
xtal_57.cif,./Al13Sc3N16/__initial__/183/xtal_57.cif,88.978874,-24.626606
xtal_58.cif,./Al13Sc3N16/183/xtal_58.cif,89.39888,-37.85763
xtal_59.cif,./Al13Sc3N16/__initial__/183/xtal_59.cif,53.59993,-92.79375
xtal_6.cif,./Al13Sc3N16/__initial__/183/xtal_6.cif,79.54539,-51.563076
xtal_60.cif,./Al13Sc3N16/__initial__/183/xtal_60.cif,56.351414,-59.063137
xtal_61.cif,./Al13Sc3N16/183/xtal_61.cif,12.204503,64.72884
xtal_62.cif,./Al13Sc3N16/__initial__/183/xtal_62.cif,81.43721,-37.935326
xtal_63.cif,./Al13Sc3N16/183/xtal_63.cif,74.95509,-78.97386
xtal_64.cif,./Al13Sc3N16/__initial__/183/xtal_64.cif,89.66448,-43.33858
xtal_65.cif,./Al13Sc3N16/__initial__/183/xtal_65.cif,69.973175,-75.064606
xtal_66.cif,./Al13Sc3N16/183/xtal_66.cif,-27.67027,-8.11732
xtal_67.cif,./Al13Sc3N16/183/xtal_67.cif,74.63874,-14.305598
xtal_68.cif,./Al13Sc3N16/183/xtal_68.cif,-8.525476,-73.294975
xtal_69.cif,./Al13Sc3N16/183/xtal_69.cif,57.935036,-66.73002
xtal_7.cif,./Al13Sc3N16/183/xtal_7.cif,-40.633224,-82.883514
xtal_70.cif,./Al13Sc3N16/__initial__/183/xtal_70.cif,-31.754938,-16.830591
xtal_71.cif,./Al13Sc3N16/183/xtal_71.cif,88.96047,-42.367977
xtal_72.cif,./Al13Sc3N16/183/xtal_72.cif,-4.8738756,-72.273994
xtal_73.cif,./Al13Sc3N16/__initial__/183/xtal_73.cif,71.1675,-21.72587
xtal_74.cif,./Al13Sc3N16/__initial__/183/xtal_74.cif,91.69238,34.80844
xtal_75.cif,./Al13Sc3N16/__initial__/183/xtal_75.cif,-91.20678,-10.085161
xtal_76.cif,./Al13Sc3N16/183/xtal_76.cif,91.5054,-36.023922
xtal_77.cif,./Al13Sc3N16/183/xtal_77.cif,84.41148,13.540424
xtal_78.cif,./Al13Sc3N16/__initial__/183/xtal_78.cif,-68.110985,-47.30449
xtal_79.cif,./Al13Sc3N16/183/xtal_79.cif,-5.125915,85.822624
xtal_8.cif,./Al13Sc3N16/183/xtal_8.cif,13.0777445,-58.427185
xtal_80.cif,./Al13Sc3N16/183/xtal_80.cif,11.004731,-61.685905
xtal_81.cif,./Al13Sc3N16/__initial__/183/xtal_81.cif,20.678896,-75.49692
xtal_82.cif,./Al13Sc3N16/183/xtal_82.cif,62.997314,-92.6402
xtal_83.cif,./Al13Sc3N16/__initial__/183/xtal_83.cif,-2.909811,18.775928
xtal_84.cif,./Al13Sc3N16/183/xtal_84.cif,93.45339,-39.68617
xtal_85.cif,./Al13Sc3N16/__initial__/183/xtal_85.cif,-36.1818,-5.4771123
xtal_86.cif,./Al13Sc3N16/__initial__/183/xtal_86.cif,91.31442,-57.26147
xtal_87.cif,./Al13Sc3N16/183/xtal_87.cif,-0.4930938,-74.18596
xtal_88.cif,./Al13Sc3N16/__initial__/183/xtal_88.cif,71.25067,-83.6166
xtal_89.cif,./Al13Sc3N16/183/xtal_89.cif,29.331188,17.56224
xtal_9.cif,./Al13Sc3N16/__initial__/183/xtal_9.cif,66.95762,-85.104774
xtal_90.cif,./Al13Sc3N16/__initial__/183/xtal_90.cif,38.089886,-72.96138
xtal_91.cif,./Al13Sc3N16/183/xtal_91.cif,61.62566,-50.884975
xtal_92.cif,./Al13Sc3N16/__initial__/183/xtal_92.cif,-56.503395,50.41969
xtal_93.cif,./Al13Sc3N16/183/xtal_93.cif,-3.6110759,-45.45097
xtal_94.cif,./Al13Sc3N16/183/xtal_94.cif,-2.2450585,90.61471
xtal_95.cif,./Al13Sc3N16/183/xtal_95.cif,99.8054,-36.49095
xtal_96.cif,./Al13Sc3N16/183/xtal_96.cif,71.51818,-19.19962
xtal_97.cif,./Al13Sc3N16/__initial__/183/xtal_97.cif,38.96779,-96.226654
xtal_98.cif,./Al13Sc3N16/__initial__/183/xtal_98.cif,28.758568,-69.140686
xtal_99.cif,./Al13Sc3N16/183/xtal_99.cif,55.165012,-85.99202
xtal_1.cif,./Al13Sc3N16/__initial__/184/xtal_1.cif,91.29164,-13.576223
xtal_10.cif,./Al13Sc3N16/__initial__/184/xtal_10.cif,-101.39851,-5.8535595
xtal_100.cif,./Al13Sc3N16/184/xtal_100.cif,90.93947,-20.728615
xtal_11.cif,./Al13Sc3N16/__initial__/184/xtal_11.cif,40.465332,-75.40375
xtal_12.cif,./Al13Sc3N16/__initial__/184/xtal_12.cif,73.53487,-48.725105
xtal_13.cif,./Al13Sc3N16/__initial__/184/xtal_13.cif,59.638756,60.794983
xtal_14.cif,./Al13Sc3N16/__initial__/184/xtal_14.cif,-52.01922,66.54322
xtal_15.cif,./Al13Sc3N16/184/xtal_15.cif,-1.0310495,-33.963547
xtal_16.cif,./Al13Sc3N16/__initial__/184/xtal_16.cif,-2.519111,-22.620993
xtal_17.cif,./Al13Sc3N16/__initial__/184/xtal_17.cif,90.8075,-45.719673
xtal_18.cif,./Al13Sc3N16/184/xtal_18.cif,32.907104,-89.7505
xtal_19.cif,./Al13Sc3N16/184/xtal_19.cif,76.979744,-53.58616
xtal_2.cif,./Al13Sc3N16/__initial__/184/xtal_2.cif,-12.696886,83.28478
xtal_20.cif,./Al13Sc3N16/__initial__/184/xtal_20.cif,27.491846,-55.31699
xtal_21.cif,./Al13Sc3N16/__initial__/184/xtal_21.cif,-9.830004,77.49826
xtal_22.cif,./Al13Sc3N16/184/xtal_22.cif,53.84235,-73.54176
xtal_23.cif,./Al13Sc3N16/184/xtal_23.cif,-77.88794,-19.406452
xtal_24.cif,./Al13Sc3N16/__initial__/184/xtal_24.cif,35.306618,-97.73222
xtal_25.cif,./Al13Sc3N16/__initial__/184/xtal_25.cif,38.74746,-81.67347
xtal_26.cif,./Al13Sc3N16/184/xtal_26.cif,64.650185,-39.583706
xtal_27.cif,./Al13Sc3N16/__initial__/184/xtal_27.cif,10.542723,-73.02951
xtal_28.cif,./Al13Sc3N16/184/xtal_28.cif,58.809654,-88.3798
xtal_29.cif,./Al13Sc3N16/__initial__/184/xtal_29.cif,81.272835,-67.455574
xtal_3.cif,./Al13Sc3N16/184/xtal_3.cif,44.57441,-65.20104
xtal_30.cif,./Al13Sc3N16/184/xtal_30.cif,-37.08361,-75.58283
xtal_31.cif,./Al13Sc3N16/__initial__/184/xtal_31.cif,94.91873,-7.6461744
xtal_32.cif,./Al13Sc3N16/184/xtal_32.cif,101.87663,-6.3676324
xtal_33.cif,./Al13Sc3N16/__initial__/184/xtal_33.cif,3.0398748,33.271057
xtal_34.cif,./Al13Sc3N16/184/xtal_34.cif,-3.2965543,80.160576
xtal_35.cif,./Al13Sc3N16/184/xtal_35.cif,74.67524,-47.780945
xtal_36.cif,./Al13Sc3N16/184/xtal_36.cif,-37.058704,65.04879
xtal_37.cif,./Al13Sc3N16/__initial__/184/xtal_37.cif,69.13656,-69.77216
xtal_38.cif,./Al13Sc3N16/184/xtal_38.cif,42.566444,-54.920765
xtal_39.cif,./Al13Sc3N16/184/xtal_39.cif,69.62912,-80.446945
xtal_4.cif,./Al13Sc3N16/__initial__/184/xtal_4.cif,83.60678,-58.390297
xtal_40.cif,./Al13Sc3N16/__initial__/184/xtal_40.cif,90.12563,-58.261482
xtal_41.cif,./Al13Sc3N16/__initial__/184/xtal_41.cif,41.125336,21.4874
xtal_42.cif,./Al13Sc3N16/__initial__/184/xtal_42.cif,16.018532,-92.31512
xtal_43.cif,./Al13Sc3N16/184/xtal_43.cif,43.340218,-88.95772
xtal_44.cif,./Al13Sc3N16/__initial__/184/xtal_44.cif,-3.447671,51.090996
xtal_45.cif,./Al13Sc3N16/__initial__/184/xtal_45.cif,-59.167053,50.565475
xtal_46.cif,./Al13Sc3N16/184/xtal_46.cif,5.088638,66.335464
xtal_47.cif,./Al13Sc3N16/184/xtal_47.cif,-9.206484,-47.96144
xtal_48.cif,./Al13Sc3N16/__initial__/184/xtal_48.cif,-37.99643,-33.934624
xtal_49.cif,./Al13Sc3N16/__initial__/184/xtal_49.cif,96.40907,-34.90002
xtal_5.cif,./Al13Sc3N16/__initial__/184/xtal_5.cif,98.58189,-45.478546
xtal_50.cif,./Al13Sc3N16/__initial__/184/xtal_50.cif,-33.527966,-22.819887
xtal_51.cif,./Al13Sc3N16/__initial__/184/xtal_51.cif,33.037876,29.233044
xtal_52.cif,./Al13Sc3N16/184/xtal_52.cif,-72.04566,-6.868137
xtal_53.cif,./Al13Sc3N16/184/xtal_53.cif,-89.05641,23.564816
xtal_54.cif,./Al13Sc3N16/184/xtal_54.cif,99.211586,-1.4597629
xtal_55.cif,./Al13Sc3N16/__initial__/184/xtal_55.cif,86.55736,-57.196384
xtal_56.cif,./Al13Sc3N16/184/xtal_56.cif,-43.480488,55.96831
xtal_57.cif,./Al13Sc3N16/184/xtal_57.cif,-17.12628,97.61559
xtal_58.cif,./Al13Sc3N16/__initial__/184/xtal_58.cif,-43.223602,-57.30765
xtal_59.cif,./Al13Sc3N16/184/xtal_59.cif,83.989044,-52.757
xtal_6.cif,./Al13Sc3N16/184/xtal_6.cif,39.95466,-69.39419
xtal_60.cif,./Al13Sc3N16/__initial__/184/xtal_60.cif,3.4438934,-28.274847
xtal_61.cif,./Al13Sc3N16/__initial__/184/xtal_61.cif,-103.29736,2.3351548
xtal_62.cif,./Al13Sc3N16/184/xtal_62.cif,46.626743,-38.39251
xtal_63.cif,./Al13Sc3N16/__initial__/184/xtal_63.cif,-64.951195,30.121027
xtal_64.cif,./Al13Sc3N16/184/xtal_64.cif,-53.069763,27.968454
xtal_65.cif,./Al13Sc3N16/184/xtal_65.cif,-104.83912,-0.7016762
xtal_66.cif,./Al13Sc3N16/__initial__/184/xtal_66.cif,63.635643,-63.27517
xtal_67.cif,./Al13Sc3N16/184/xtal_67.cif,-25.058681,41.887115
xtal_68.cif,./Al13Sc3N16/__initial__/184/xtal_68.cif,19.398113,89.21291
xtal_69.cif,./Al13Sc3N16/184/xtal_69.cif,29.070099,-88.424934
xtal_7.cif,./Al13Sc3N16/__initial__/184/xtal_7.cif,89.08574,-48.487076
xtal_70.cif,./Al13Sc3N16/184/xtal_70.cif,23.185602,-62.747486
xtal_71.cif,./Al13Sc3N16/__initial__/184/xtal_71.cif,69.14337,-56.35895
xtal_72.cif,./Al13Sc3N16/184/xtal_72.cif,-50.71286,26.613747
xtal_73.cif,./Al13Sc3N16/184/xtal_73.cif,-1.0026135,-63.378548
xtal_74.cif,./Al13Sc3N16/__initial__/184/xtal_74.cif,19.636824,-88.36386
xtal_75.cif,./Al13Sc3N16/__initial__/184/xtal_75.cif,42.120106,-74.46249
xtal_76.cif,./Al13Sc3N16/__initial__/184/xtal_76.cif,-41.14897,61.68079
xtal_77.cif,./Al13Sc3N16/__initial__/184/xtal_77.cif,-23.102274,45.45807
xtal_78.cif,./Al13Sc3N16/184/xtal_78.cif,78.376854,-33.343655
xtal_79.cif,./Al13Sc3N16/__initial__/184/xtal_79.cif,35.728874,-90.493614
xtal_8.cif,./Al13Sc3N16/__initial__/184/xtal_8.cif,78.4525,-76.139694
xtal_80.cif,./Al13Sc3N16/184/xtal_80.cif,-20.691189,79.766685
xtal_81.cif,./Al13Sc3N16/__initial__/184/xtal_81.cif,35.340187,-95.42815
xtal_82.cif,./Al13Sc3N16/184/xtal_82.cif,69.294876,-41.840794
xtal_83.cif,./Al13Sc3N16/184/xtal_83.cif,-55.550827,-76.32102
xtal_84.cif,./Al13Sc3N16/184/xtal_84.cif,66.76966,-86.72751
xtal_85.cif,./Al13Sc3N16/__initial__/184/xtal_85.cif,-69.38489,-13.7880945
xtal_86.cif,./Al13Sc3N16/__initial__/184/xtal_86.cif,80.54345,-51.201958
xtal_87.cif,./Al13Sc3N16/184/xtal_87.cif,-50.650654,72.548645
xtal_88.cif,./Al13Sc3N16/184/xtal_88.cif,99.34855,-9.186652
xtal_89.cif,./Al13Sc3N16/184/xtal_89.cif,44.19058,52.651146
xtal_9.cif,./Al13Sc3N16/__initial__/184/xtal_9.cif,49.11832,-63.701954
xtal_90.cif,./Al13Sc3N16/184/xtal_90.cif,33.09478,-72.20661
xtal_91.cif,./Al13Sc3N16/184/xtal_91.cif,96.06565,-35.883923
xtal_92.cif,./Al13Sc3N16/__initial__/184/xtal_92.cif,61.43422,-85.36814
xtal_93.cif,./Al13Sc3N16/184/xtal_93.cif,-89.54544,-40.642452
xtal_94.cif,./Al13Sc3N16/184/xtal_94.cif,-0.18132378,-34.843723
xtal_95.cif,./Al13Sc3N16/184/xtal_95.cif,86.44847,-34.45415
xtal_96.cif,./Al13Sc3N16/184/xtal_96.cif,26.646605,-81.12112
xtal_97.cif,./Al13Sc3N16/184/xtal_97.cif,-75.84114,34.371105
xtal_98.cif,./Al13Sc3N16/184/xtal_98.cif,31.816128,60.878635
xtal_99.cif,./Al13Sc3N16/__initial__/184/xtal_99.cif,-44.734226,68.50088
xtal_1.cif,./Al13Sc3N16/185/xtal_1.cif,45.79692,-87.56989
xtal_10.cif,./Al13Sc3N16/__initial__/185/xtal_10.cif,-87.56342,22.469568
xtal_100.cif,./Al13Sc3N16/185/xtal_100.cif,5.8976974,13.020406
xtal_11.cif,./Al13Sc3N16/185/xtal_11.cif,-87.7966,-36.313828
xtal_12.cif,./Al13Sc3N16/185/xtal_12.cif,76.59269,-79.71597
xtal_13.cif,./Al13Sc3N16/__initial__/185/xtal_13.cif,2.1622496,-25.718336
xtal_14.cif,./Al13Sc3N16/185/xtal_14.cif,-20.885984,-72.48376
xtal_15.cif,./Al13Sc3N16/185/xtal_15.cif,63.9551,-79.41069
xtal_16.cif,./Al13Sc3N16/__initial__/185/xtal_16.cif,70.32427,-88.05546
xtal_17.cif,./Al13Sc3N16/__initial__/185/xtal_17.cif,47.13949,-58.713223
xtal_18.cif,./Al13Sc3N16/185/xtal_18.cif,-25.169893,25.274998
xtal_19.cif,./Al13Sc3N16/__initial__/185/xtal_19.cif,-42.889843,-46.545456
xtal_2.cif,./Al13Sc3N16/185/xtal_2.cif,-46.296726,-71.078445
xtal_20.cif,./Al13Sc3N16/__initial__/185/xtal_20.cif,66.43067,-79.36573
xtal_21.cif,./Al13Sc3N16/__initial__/185/xtal_21.cif,-96.1545,-7.1325254
xtal_22.cif,./Al13Sc3N16/__initial__/185/xtal_22.cif,87.618126,-61.374393
xtal_23.cif,./Al13Sc3N16/185/xtal_23.cif,34.83639,-71.18742
xtal_24.cif,./Al13Sc3N16/__initial__/185/xtal_24.cif,37.67554,-35.309307
xtal_25.cif,./Al13Sc3N16/__initial__/185/xtal_25.cif,98.86131,-36.11324
xtal_26.cif,./Al13Sc3N16/185/xtal_26.cif,74.62063,-82.544914
xtal_27.cif,./Al13Sc3N16/185/xtal_27.cif,83.91368,-9.89261
xtal_28.cif,./Al13Sc3N16/__initial__/185/xtal_28.cif,95.37084,-39.13487
xtal_29.cif,./Al13Sc3N16/__initial__/185/xtal_29.cif,10.744246,16.982826
xtal_3.cif,./Al13Sc3N16/__initial__/185/xtal_3.cif,-52.118816,-47.510406
xtal_30.cif,./Al13Sc3N16/__initial__/185/xtal_30.cif,-51.894917,43.071712
xtal_31.cif,./Al13Sc3N16/__initial__/185/xtal_31.cif,-100.512245,-12.093085
xtal_32.cif,./Al13Sc3N16/__initial__/185/xtal_32.cif,-88.972855,31.011753
xtal_33.cif,./Al13Sc3N16/__initial__/185/xtal_33.cif,24.783356,-1.6489133
xtal_34.cif,./Al13Sc3N16/__initial__/185/xtal_34.cif,-44.48633,-37.529373
xtal_35.cif,./Al13Sc3N16/__initial__/185/xtal_35.cif,4.7255383,-21.202255
xtal_36.cif,./Al13Sc3N16/185/xtal_36.cif,-43.58821,25.116787
xtal_37.cif,./Al13Sc3N16/__initial__/185/xtal_37.cif,95.38239,-41.17262
xtal_38.cif,./Al13Sc3N16/185/xtal_38.cif,38.43191,-68.10634
xtal_39.cif,./Al13Sc3N16/185/xtal_39.cif,95.81983,-39.535095
xtal_4.cif,./Al13Sc3N16/__initial__/185/xtal_4.cif,-108.618935,-7.80738
xtal_40.cif,./Al13Sc3N16/185/xtal_40.cif,87.868095,27.440763
xtal_41.cif,./Al13Sc3N16/185/xtal_41.cif,-40.978752,0.63221294
xtal_42.cif,./Al13Sc3N16/__initial__/185/xtal_42.cif,67.99037,-56.178432
xtal_43.cif,./Al13Sc3N16/185/xtal_43.cif,-28.21607,-24.29969
xtal_44.cif,./Al13Sc3N16/__initial__/185/xtal_44.cif,44.179157,-85.90728
xtal_45.cif,./Al13Sc3N16/__initial__/185/xtal_45.cif,-38.76684,-57.60468
xtal_46.cif,./Al13Sc3N16/__initial__/185/xtal_46.cif,29.380524,-91.81459
xtal_47.cif,./Al13Sc3N16/__initial__/185/xtal_47.cif,-70.98442,-42.669884
xtal_48.cif,./Al13Sc3N16/185/xtal_48.cif,72.36151,-83.73471
xtal_49.cif,./Al13Sc3N16/185/xtal_49.cif,86.77511,-2.511856
xtal_5.cif,./Al13Sc3N16/185/xtal_5.cif,88.04778,-48.50354
xtal_50.cif,./Al13Sc3N16/185/xtal_50.cif,-59.438988,64.64526
xtal_51.cif,./Al13Sc3N16/__initial__/185/xtal_51.cif,77.744514,-26.317663
xtal_52.cif,./Al13Sc3N16/185/xtal_52.cif,39.90132,-85.83
xtal_53.cif,./Al13Sc3N16/__initial__/185/xtal_53.cif,81.84678,-57.632977
xtal_54.cif,./Al13Sc3N16/185/xtal_54.cif,-27.446829,-46.819736
xtal_55.cif,./Al13Sc3N16/__initial__/185/xtal_55.cif,60.29365,-76.8324
xtal_56.cif,./Al13Sc3N16/185/xtal_56.cif,67.59183,2.327616
xtal_57.cif,./Al13Sc3N16/__initial__/185/xtal_57.cif,-5.6530747,18.693935
xtal_58.cif,./Al13Sc3N16/__initial__/185/xtal_58.cif,2.930753,62.39843
xtal_59.cif,./Al13Sc3N16/__initial__/185/xtal_59.cif,-56.25537,34.134697
xtal_6.cif,./Al13Sc3N16/__initial__/185/xtal_6.cif,80.07672,-11.820507
xtal_60.cif,./Al13Sc3N16/185/xtal_60.cif,49.50444,-72.5025
xtal_61.cif,./Al13Sc3N16/185/xtal_61.cif,-15.368131,0.46294004
xtal_62.cif,./Al13Sc3N16/185/xtal_62.cif,3.994412,36.287857
xtal_63.cif,./Al13Sc3N16/185/xtal_63.cif,72.18611,8.990039
xtal_64.cif,./Al13Sc3N16/185/xtal_64.cif,48.21528,-85.51463
xtal_65.cif,./Al13Sc3N16/__initial__/185/xtal_65.cif,32.41791,-73.0675
xtal_66.cif,./Al13Sc3N16/__initial__/185/xtal_66.cif,21.412645,-8.690557
xtal_67.cif,./Al13Sc3N16/__initial__/185/xtal_67.cif,4.9168997,-7.059644
xtal_68.cif,./Al13Sc3N16/__initial__/185/xtal_68.cif,45.147537,16.785583
xtal_69.cif,./Al13Sc3N16/185/xtal_69.cif,19.686802,87.62169
xtal_7.cif,./Al13Sc3N16/185/xtal_7.cif,21.778233,67.5032
xtal_70.cif,./Al13Sc3N16/185/xtal_70.cif,74.26743,-82.21557
xtal_71.cif,./Al13Sc3N16/185/xtal_71.cif,-86.8729,-38.475513
xtal_72.cif,./Al13Sc3N16/185/xtal_72.cif,51.65633,-41.975254
xtal_73.cif,./Al13Sc3N16/__initial__/185/xtal_73.cif,-79.28765,-28.832695
xtal_74.cif,./Al13Sc3N16/185/xtal_74.cif,1.5340074,-14.596655
xtal_75.cif,./Al13Sc3N16/185/xtal_75.cif,-92.4528,-36.401245
xtal_76.cif,./Al13Sc3N16/__initial__/185/xtal_76.cif,97.608955,-40.68001
xtal_77.cif,./Al13Sc3N16/185/xtal_77.cif,-66.41677,11.337333
xtal_78.cif,./Al13Sc3N16/185/xtal_78.cif,58.5941,-25.493664
xtal_79.cif,./Al13Sc3N16/185/xtal_79.cif,79.259224,18.161415
xtal_8.cif,./Al13Sc3N16/185/xtal_8.cif,-32.83252,-45.323048
xtal_80.cif,./Al13Sc3N16/185/xtal_80.cif,56.701797,19.438793
xtal_81.cif,./Al13Sc3N16/185/xtal_81.cif,7.798054,46.208138
xtal_82.cif,./Al13Sc3N16/185/xtal_82.cif,34.68223,-32.63041
xtal_83.cif,./Al13Sc3N16/__initial__/185/xtal_83.cif,2.7228167,-74.59341
xtal_84.cif,./Al13Sc3N16/__initial__/185/xtal_84.cif,23.131985,52.203857
xtal_85.cif,./Al13Sc3N16/185/xtal_85.cif,91.00733,21.019878
xtal_86.cif,./Al13Sc3N16/185/xtal_86.cif,71.19943,4.907861
xtal_87.cif,./Al13Sc3N16/185/xtal_87.cif,-23.069614,50.103096
xtal_88.cif,./Al13Sc3N16/185/xtal_88.cif,55.139015,-0.25616986
xtal_89.cif,./Al13Sc3N16/__initial__/185/xtal_89.cif,-0.3535654,37.088123
xtal_9.cif,./Al13Sc3N16/__initial__/185/xtal_9.cif,15.911038,42.42468
xtal_90.cif,./Al13Sc3N16/__initial__/185/xtal_90.cif,-64.33339,8.242843
xtal_91.cif,./Al13Sc3N16/__initial__/185/xtal_91.cif,45.29459,65.35497
xtal_92.cif,./Al13Sc3N16/185/xtal_92.cif,63.431667,-84.98171
xtal_93.cif,./Al13Sc3N16/__initial__/185/xtal_93.cif,-78.283226,12.307973
xtal_94.cif,./Al13Sc3N16/__initial__/185/xtal_94.cif,-71.26465,38.134487
xtal_95.cif,./Al13Sc3N16/__initial__/185/xtal_95.cif,90.46503,-24.919088
xtal_96.cif,./Al13Sc3N16/__initial__/185/xtal_96.cif,80.82303,-57.134876
xtal_97.cif,./Al13Sc3N16/__initial__/185/xtal_97.cif,-21.411154,-22.553282
xtal_98.cif,./Al13Sc3N16/185/xtal_98.cif,69.57453,-83.304115
xtal_99.cif,./Al13Sc3N16/185/xtal_99.cif,56.622772,-74.49873
xtal_1.cif,./Al13Sc3N16/186/xtal_1.cif,39.839077,67.72581
xtal_10.cif,./Al13Sc3N16/186/xtal_10.cif,77.63289,46.041733
xtal_100.cif,./Al13Sc3N16/__initial__/186/xtal_100.cif,-69.5931,-29.25802
xtal_11.cif,./Al13Sc3N16/186/xtal_11.cif,54.18474,-56.356003
xtal_12.cif,./Al13Sc3N16/__initial__/186/xtal_12.cif,38.636566,-80.10674
xtal_13.cif,./Al13Sc3N16/186/xtal_13.cif,75.39067,-14.768993
xtal_14.cif,./Al13Sc3N16/__initial__/186/xtal_14.cif,56.492477,-81.34845
xtal_15.cif,./Al13Sc3N16/186/xtal_15.cif,71.91874,5.181164
xtal_16.cif,./Al13Sc3N16/__initial__/186/xtal_16.cif,25.60908,-51.69841
xtal_17.cif,./Al13Sc3N16/__initial__/186/xtal_17.cif,55.06484,-72.38548
xtal_18.cif,./Al13Sc3N16/__initial__/186/xtal_18.cif,10.172759,16.222383
xtal_19.cif,./Al13Sc3N16/186/xtal_19.cif,72.87447,49.25635
xtal_2.cif,./Al13Sc3N16/186/xtal_2.cif,41.708313,6.754191
xtal_20.cif,./Al13Sc3N16/__initial__/186/xtal_20.cif,44.1737,-55.929016
xtal_21.cif,./Al13Sc3N16/186/xtal_21.cif,5.6078463,-70.32574
xtal_22.cif,./Al13Sc3N16/__initial__/186/xtal_22.cif,15.456405,13.40185
xtal_23.cif,./Al13Sc3N16/__initial__/186/xtal_23.cif,0.2914071,-82.90579
xtal_24.cif,./Al13Sc3N16/__initial__/186/xtal_24.cif,80.27399,-43.479507
xtal_25.cif,./Al13Sc3N16/186/xtal_25.cif,-18.88374,79.88313
xtal_26.cif,./Al13Sc3N16/__initial__/186/xtal_26.cif,-31.215094,-1.9422772
xtal_27.cif,./Al13Sc3N16/186/xtal_27.cif,-62.96953,27.183098
xtal_28.cif,./Al13Sc3N16/186/xtal_28.cif,37.755066,-40.219727
xtal_29.cif,./Al13Sc3N16/186/xtal_29.cif,75.29077,-75.48108
xtal_3.cif,./Al13Sc3N16/__initial__/186/xtal_3.cif,31.685139,53.26051
xtal_30.cif,./Al13Sc3N16/186/xtal_30.cif,20.784302,-5.504632
xtal_31.cif,./Al13Sc3N16/__initial__/186/xtal_31.cif,44.431805,-89.96806
xtal_32.cif,./Al13Sc3N16/__initial__/186/xtal_32.cif,84.3861,-42.685356
xtal_33.cif,./Al13Sc3N16/186/xtal_33.cif,-43.582653,19.497042
xtal_34.cif,./Al13Sc3N16/__initial__/186/xtal_34.cif,76.45371,-38.88752
xtal_35.cif,./Al13Sc3N16/__initial__/186/xtal_35.cif,80.59758,24.863201
xtal_36.cif,./Al13Sc3N16/__initial__/186/xtal_36.cif,89.57743,-53.909157
xtal_37.cif,./Al13Sc3N16/__initial__/186/xtal_37.cif,-1.0728636,72.690865
xtal_38.cif,./Al13Sc3N16/__initial__/186/xtal_38.cif,80.468124,-60.05931
xtal_39.cif,./Al13Sc3N16/__initial__/186/xtal_39.cif,77.0208,48.138573
xtal_4.cif,./Al13Sc3N16/__initial__/186/xtal_4.cif,54.47221,-56.788647
xtal_40.cif,./Al13Sc3N16/__initial__/186/xtal_40.cif,-92.07257,-53.227737
xtal_41.cif,./Al13Sc3N16/__initial__/186/xtal_41.cif,32.46058,-54.78575
xtal_42.cif,./Al13Sc3N16/__initial__/186/xtal_42.cif,63.51911,-46.46474
xtal_43.cif,./Al13Sc3N16/__initial__/186/xtal_43.cif,91.62612,-54.027466
xtal_44.cif,./Al13Sc3N16/186/xtal_44.cif,59.360325,-20.368814
xtal_45.cif,./Al13Sc3N16/186/xtal_45.cif,-17.472748,43.546192
xtal_46.cif,./Al13Sc3N16/186/xtal_46.cif,84.103546,-52.062435
xtal_47.cif,./Al13Sc3N16/__initial__/186/xtal_47.cif,74.32059,7.4622836
xtal_48.cif,./Al13Sc3N16/186/xtal_48.cif,-38.61067,-71.11708
xtal_49.cif,./Al13Sc3N16/__initial__/186/xtal_49.cif,50.220543,-5.3304152
xtal_5.cif,./Al13Sc3N16/186/xtal_5.cif,-19.934057,-23.49093
xtal_50.cif,./Al13Sc3N16/186/xtal_50.cif,69.894424,-23.425638
xtal_51.cif,./Al13Sc3N16/186/xtal_51.cif,75.498856,-43.031155
xtal_52.cif,./Al13Sc3N16/__initial__/186/xtal_52.cif,-54.70398,-52.841663
xtal_53.cif,./Al13Sc3N16/__initial__/186/xtal_53.cif,77.53208,-52.89209
xtal_54.cif,./Al13Sc3N16/186/xtal_54.cif,54.282764,-28.48923
xtal_55.cif,./Al13Sc3N16/186/xtal_55.cif,-92.243546,-27.66477
xtal_56.cif,./Al13Sc3N16/186/xtal_56.cif,35.241585,21.310635
xtal_57.cif,./Al13Sc3N16/__initial__/186/xtal_57.cif,83.985825,55.554928
xtal_58.cif,./Al13Sc3N16/__initial__/186/xtal_58.cif,-84.00662,-40.147404
xtal_59.cif,./Al13Sc3N16/__initial__/186/xtal_59.cif,-29.665014,-5.821942
xtal_6.cif,./Al13Sc3N16/186/xtal_6.cif,-15.0195875,-27.45494
xtal_60.cif,./Al13Sc3N16/186/xtal_60.cif,91.37232,-37.423695
xtal_61.cif,./Al13Sc3N16/186/xtal_61.cif,-40.89462,51.562
xtal_62.cif,./Al13Sc3N16/__initial__/186/xtal_62.cif,30.277905,-51.192932
xtal_63.cif,./Al13Sc3N16/186/xtal_63.cif,-8.901713,-60.575916
xtal_64.cif,./Al13Sc3N16/186/xtal_64.cif,59.180138,-42.44133
xtal_65.cif,./Al13Sc3N16/__initial__/186/xtal_65.cif,67.67222,-66.58086
xtal_66.cif,./Al13Sc3N16/186/xtal_66.cif,-22.29209,42.296562
xtal_67.cif,./Al13Sc3N16/__initial__/186/xtal_67.cif,-30.249811,38.947468
xtal_68.cif,./Al13Sc3N16/__initial__/186/xtal_68.cif,-24.880117,-13.666938
xtal_69.cif,./Al13Sc3N16/__initial__/186/xtal_69.cif,36.304314,10.757765
xtal_7.cif,./Al13Sc3N16/__initial__/186/xtal_7.cif,-94.6482,-32.229782
xtal_70.cif,./Al13Sc3N16/186/xtal_70.cif,-12.017808,-2.384726
xtal_71.cif,./Al13Sc3N16/186/xtal_71.cif,57.149822,-71.656586
xtal_72.cif,./Al13Sc3N16/186/xtal_72.cif,61.216034,8.926321
xtal_73.cif,./Al13Sc3N16/186/xtal_73.cif,99.85976,-36.69197
xtal_74.cif,./Al13Sc3N16/__initial__/186/xtal_74.cif,93.32864,-31.331121
xtal_75.cif,./Al13Sc3N16/__initial__/186/xtal_75.cif,42.488365,-79.83647
xtal_76.cif,./Al13Sc3N16/__initial__/186/xtal_76.cif,-24.909748,3.3126101
xtal_77.cif,./Al13Sc3N16/__initial__/186/xtal_77.cif,57.218597,-45.45126
xtal_78.cif,./Al13Sc3N16/186/xtal_78.cif,20.200954,-14.413985
xtal_79.cif,./Al13Sc3N16/186/xtal_79.cif,-4.9874926,40.38043
xtal_8.cif,./Al13Sc3N16/186/xtal_8.cif,81.62409,8.207923
xtal_80.cif,./Al13Sc3N16/__initial__/186/xtal_80.cif,51.80755,-44.18364
xtal_81.cif,./Al13Sc3N16/__initial__/186/xtal_81.cif,57.938015,-44.358067
xtal_82.cif,./Al13Sc3N16/186/xtal_82.cif,68.16531,-43.17296
xtal_83.cif,./Al13Sc3N16/186/xtal_83.cif,47.681107,-4.6708035
xtal_84.cif,./Al13Sc3N16/186/xtal_84.cif,29.026133,-44.490932
xtal_85.cif,./Al13Sc3N16/186/xtal_85.cif,93.785934,-43.730743
xtal_86.cif,./Al13Sc3N16/186/xtal_86.cif,32.8104,-89.68397
xtal_87.cif,./Al13Sc3N16/186/xtal_87.cif,23.76778,34.820328
xtal_88.cif,./Al13Sc3N16/186/xtal_88.cif,-46.236206,-51.969505
xtal_89.cif,./Al13Sc3N16/186/xtal_89.cif,-30.51858,-0.8759664
xtal_9.cif,./Al13Sc3N16/186/xtal_9.cif,-72.60228,22.029001
xtal_90.cif,./Al13Sc3N16/186/xtal_90.cif,8.471049,39.584667
xtal_91.cif,./Al13Sc3N16/__initial__/186/xtal_91.cif,85.95411,21.567745
xtal_92.cif,./Al13Sc3N16/__initial__/186/xtal_92.cif,79.081764,18.05944
xtal_93.cif,./Al13Sc3N16/__initial__/186/xtal_93.cif,-98.677895,-10.31198
xtal_94.cif,./Al13Sc3N16/186/xtal_94.cif,82.21738,-50.48306
xtal_95.cif,./Al13Sc3N16/__initial__/186/xtal_95.cif,44.078773,-79.50777
xtal_96.cif,./Al13Sc3N16/186/xtal_96.cif,43.49407,-89.23608
xtal_97.cif,./Al13Sc3N16/__initial__/186/xtal_97.cif,-70.021324,-37.405178
xtal_98.cif,./Al13Sc3N16/186/xtal_98.cif,75.33237,24.25116
xtal_99.cif,./Al13Sc3N16/186/xtal_99.cif,56.236034,77.98591
xtal_1.cif,./Al13Sc3N16/__initial__/187/xtal_1.cif,25.72817,-86.294624
xtal_10.cif,./Al13Sc3N16/__initial__/187/xtal_10.cif,64.245514,-74.92834
xtal_100.cif,./Al13Sc3N16/187/xtal_100.cif,-20.542341,41.013443
xtal_11.cif,./Al13Sc3N16/__initial__/187/xtal_11.cif,-1.2967588,-47.645344
xtal_12.cif,./Al13Sc3N16/187/xtal_12.cif,-41.994995,69.33978
xtal_13.cif,./Al13Sc3N16/__initial__/187/xtal_13.cif,-77.73462,8.277237
xtal_14.cif,./Al13Sc3N16/__initial__/187/xtal_14.cif,86.432076,36.398598
xtal_15.cif,./Al13Sc3N16/187/xtal_15.cif,16.50097,-11.034386
xtal_16.cif,./Al13Sc3N16/__initial__/187/xtal_16.cif,60.908615,-87.50482
xtal_17.cif,./Al13Sc3N16/187/xtal_17.cif,-101.15673,-38.4713
xtal_18.cif,./Al13Sc3N16/__initial__/187/xtal_18.cif,41.72374,53.583344
xtal_19.cif,./Al13Sc3N16/__initial__/187/xtal_19.cif,47.609806,-85.07664
xtal_2.cif,./Al13Sc3N16/187/xtal_2.cif,-25.800974,87.970184
xtal_20.cif,./Al13Sc3N16/187/xtal_20.cif,-8.339092,78.60353
xtal_21.cif,./Al13Sc3N16/187/xtal_21.cif,20.507887,-63.87655
xtal_22.cif,./Al13Sc3N16/__initial__/187/xtal_22.cif,52.2802,56.31838
xtal_23.cif,./Al13Sc3N16/__initial__/187/xtal_23.cif,21.071936,-66.326
xtal_24.cif,./Al13Sc3N16/187/xtal_24.cif,-26.587273,45.211456
xtal_25.cif,./Al13Sc3N16/187/xtal_25.cif,6.2967296,33.77573
xtal_26.cif,./Al13Sc3N16/187/xtal_26.cif,-0.81415117,-0.887765
xtal_27.cif,./Al13Sc3N16/__initial__/187/xtal_27.cif,-77.90259,-9.273462
xtal_28.cif,./Al13Sc3N16/__initial__/187/xtal_28.cif,96.13178,31.301939
xtal_29.cif,./Al13Sc3N16/187/xtal_29.cif,-55.831142,64.81765
xtal_3.cif,./Al13Sc3N16/__initial__/187/xtal_3.cif,-57.340614,43.98486
xtal_30.cif,./Al13Sc3N16/__initial__/187/xtal_30.cif,-54.211628,46.989056
xtal_31.cif,./Al13Sc3N16/187/xtal_31.cif,66.92798,-64.065155
xtal_32.cif,./Al13Sc3N16/__initial__/187/xtal_32.cif,-5.5726547,85.90185
xtal_33.cif,./Al13Sc3N16/__initial__/187/xtal_33.cif,31.657822,-78.73894
xtal_34.cif,./Al13Sc3N16/187/xtal_34.cif,3.9202914,-35.62191
xtal_35.cif,./Al13Sc3N16/187/xtal_35.cif,49.231495,-73.13109
xtal_36.cif,./Al13Sc3N16/__initial__/187/xtal_36.cif,65.37963,-87.703384
xtal_37.cif,./Al13Sc3N16/__initial__/187/xtal_37.cif,33.405815,-90.685905
xtal_38.cif,./Al13Sc3N16/__initial__/187/xtal_38.cif,-29.789192,-18.400396
xtal_39.cif,./Al13Sc3N16/__initial__/187/xtal_39.cif,-63.794132,67.59832
xtal_4.cif,./Al13Sc3N16/__initial__/187/xtal_4.cif,17.01265,7.7582765
xtal_40.cif,./Al13Sc3N16/187/xtal_40.cif,73.3385,-2.8464732
xtal_41.cif,./Al13Sc3N16/187/xtal_41.cif,38.56375,-66.89753
xtal_42.cif,./Al13Sc3N16/187/xtal_42.cif,67.31553,-64.67732
xtal_43.cif,./Al13Sc3N16/187/xtal_43.cif,48.8811,-37.075592
xtal_44.cif,./Al13Sc3N16/__initial__/187/xtal_44.cif,-87.696175,40.678165
xtal_45.cif,./Al13Sc3N16/187/xtal_45.cif,-52.406273,54.711937
xtal_46.cif,./Al13Sc3N16/187/xtal_46.cif,38.357918,-93.1295
xtal_47.cif,./Al13Sc3N16/187/xtal_47.cif,-41.493233,-80.04374
xtal_48.cif,./Al13Sc3N16/187/xtal_48.cif,-52.653263,-65.329
xtal_49.cif,./Al13Sc3N16/187/xtal_49.cif,32.070328,-74.493576
xtal_5.cif,./Al13Sc3N16/187/xtal_5.cif,-68.631,59.433666
xtal_50.cif,./Al13Sc3N16/__initial__/187/xtal_50.cif,-7.395964,-5.0021515
xtal_51.cif,./Al13Sc3N16/__initial__/187/xtal_51.cif,-77.47171,17.255323
xtal_52.cif,./Al13Sc3N16/__initial__/187/xtal_52.cif,33.51155,-78.44931
xtal_53.cif,./Al13Sc3N16/187/xtal_53.cif,-18.695219,-43.68301
xtal_54.cif,./Al13Sc3N16/__initial__/187/xtal_54.cif,-37.98133,42.13954
xtal_55.cif,./Al13Sc3N16/187/xtal_55.cif,29.076632,-61.265244
xtal_56.cif,./Al13Sc3N16/187/xtal_56.cif,-87.80048,5.1523113
xtal_57.cif,./Al13Sc3N16/__initial__/187/xtal_57.cif,18.89454,-91.84217
xtal_58.cif,./Al13Sc3N16/187/xtal_58.cif,-32.763832,19.705742
xtal_59.cif,./Al13Sc3N16/187/xtal_59.cif,-59.75983,-4.4472156
xtal_6.cif,./Al13Sc3N16/187/xtal_6.cif,37.17883,-72.27411
xtal_60.cif,./Al13Sc3N16/__initial__/187/xtal_60.cif,51.822144,-42.8013
xtal_61.cif,./Al13Sc3N16/__initial__/187/xtal_61.cif,-14.748066,83.24592
xtal_62.cif,./Al13Sc3N16/__initial__/187/xtal_62.cif,105.11037,-1.6693496
xtal_63.cif,./Al13Sc3N16/__initial__/187/xtal_63.cif,-17.079197,97.61021
xtal_64.cif,./Al13Sc3N16/187/xtal_64.cif,45.358524,-56.024662
xtal_65.cif,./Al13Sc3N16/187/xtal_65.cif,28.726748,-74.80127
xtal_66.cif,./Al13Sc3N16/187/xtal_66.cif,-87.24449,36.16124
xtal_67.cif,./Al13Sc3N16/187/xtal_67.cif,55.410995,-5.9751997
xtal_68.cif,./Al13Sc3N16/187/xtal_68.cif,60.75508,-75.69017
xtal_69.cif,./Al13Sc3N16/__initial__/187/xtal_69.cif,18.290085,-65.808426
xtal_7.cif,./Al13Sc3N16/__initial__/187/xtal_7.cif,-53.186398,-34.45615
xtal_70.cif,./Al13Sc3N16/187/xtal_70.cif,-85.69322,-30.030825
xtal_71.cif,./Al13Sc3N16/__initial__/187/xtal_71.cif,-68.08722,24.541054
xtal_72.cif,./Al13Sc3N16/__initial__/187/xtal_72.cif,24.278496,-69.660484
xtal_73.cif,./Al13Sc3N16/187/xtal_73.cif,6.1925445,66.48942
xtal_74.cif,./Al13Sc3N16/__initial__/187/xtal_74.cif,51.197777,-73.942924
xtal_75.cif,./Al13Sc3N16/__initial__/187/xtal_75.cif,50.439316,-44.94853
xtal_76.cif,./Al13Sc3N16/187/xtal_76.cif,79.582184,10.416156
xtal_77.cif,./Al13Sc3N16/187/xtal_77.cif,59.40228,-76.48994
xtal_78.cif,./Al13Sc3N16/__initial__/187/xtal_78.cif,-1.9435972,30.922037
xtal_79.cif,./Al13Sc3N16/187/xtal_79.cif,-69.754944,-24.797348
xtal_8.cif,./Al13Sc3N16/187/xtal_8.cif,45.18289,-50.631245
xtal_80.cif,./Al13Sc3N16/187/xtal_80.cif,-37.912075,45.396935
xtal_81.cif,./Al13Sc3N16/187/xtal_81.cif,-40.756554,-41.209118
xtal_82.cif,./Al13Sc3N16/__initial__/187/xtal_82.cif,11.391071,-89.13524
xtal_83.cif,./Al13Sc3N16/__initial__/187/xtal_83.cif,-76.525894,-56.97401
xtal_84.cif,./Al13Sc3N16/187/xtal_84.cif,8.336617,89.76595
xtal_85.cif,./Al13Sc3N16/187/xtal_85.cif,16.398697,-78.03637
xtal_86.cif,./Al13Sc3N16/__initial__/187/xtal_86.cif,-83.24151,37.923416
xtal_87.cif,./Al13Sc3N16/__initial__/187/xtal_87.cif,-84.73439,32.582005
xtal_88.cif,./Al13Sc3N16/__initial__/187/xtal_88.cif,-57.74372,19.843567
xtal_89.cif,./Al13Sc3N16/187/xtal_89.cif,24.109016,-64.54754
xtal_9.cif,./Al13Sc3N16/__initial__/187/xtal_9.cif,-102.288025,-14.369213
xtal_90.cif,./Al13Sc3N16/187/xtal_90.cif,-91.61182,-60.256153
xtal_91.cif,./Al13Sc3N16/187/xtal_91.cif,58.049637,3.9136026
xtal_92.cif,./Al13Sc3N16/__initial__/187/xtal_92.cif,94.06386,16.637512
xtal_93.cif,./Al13Sc3N16/187/xtal_93.cif,-5.964922,-18.839422
xtal_94.cif,./Al13Sc3N16/187/xtal_94.cif,48.32411,-41.794464
xtal_95.cif,./Al13Sc3N16/__initial__/187/xtal_95.cif,-41.76942,45.291668
xtal_96.cif,./Al13Sc3N16/__initial__/187/xtal_96.cif,-26.192532,75.663704
xtal_97.cif,./Al13Sc3N16/187/xtal_97.cif,86.86758,25.574396
xtal_98.cif,./Al13Sc3N16/187/xtal_98.cif,-2.672267,56.82557
xtal_99.cif,./Al13Sc3N16/187/xtal_99.cif,-83.47795,36.198414
xtal_1.cif,./Al13Sc3N16/__initial__/188/xtal_1.cif,84.38812,16.070198
xtal_10.cif,./Al13Sc3N16/__initial__/188/xtal_10.cif,-3.0158315,35.606808
xtal_100.cif,./Al13Sc3N16/__initial__/188/xtal_100.cif,-74.24652,57.334858
xtal_11.cif,./Al13Sc3N16/188/xtal_11.cif,-12.778838,-29.250128
xtal_12.cif,./Al13Sc3N16/188/xtal_12.cif,16.715834,-78.84572
xtal_13.cif,./Al13Sc3N16/__initial__/188/xtal_13.cif,-68.264496,-55.16858
xtal_14.cif,./Al13Sc3N16/188/xtal_14.cif,76.20189,11.246447
xtal_15.cif,./Al13Sc3N16/__initial__/188/xtal_15.cif,55.505585,-76.56304
xtal_16.cif,./Al13Sc3N16/__initial__/188/xtal_16.cif,39.802814,-69.10793
xtal_17.cif,./Al13Sc3N16/__initial__/188/xtal_17.cif,44.414112,-84.112305
xtal_18.cif,./Al13Sc3N16/188/xtal_18.cif,59.637886,65.59826
xtal_19.cif,./Al13Sc3N16/188/xtal_19.cif,33.626717,-74.46134
xtal_2.cif,./Al13Sc3N16/__initial__/188/xtal_2.cif,-1.2088293,25.785921
xtal_20.cif,./Al13Sc3N16/__initial__/188/xtal_20.cif,41.46022,-88.60257
xtal_21.cif,./Al13Sc3N16/__initial__/188/xtal_21.cif,39.9865,-73.02743
xtal_22.cif,./Al13Sc3N16/188/xtal_22.cif,-28.80453,-68.456894
xtal_23.cif,./Al13Sc3N16/188/xtal_23.cif,45.720695,-40.681946
xtal_24.cif,./Al13Sc3N16/188/xtal_24.cif,17.04069,-39.400723
xtal_25.cif,./Al13Sc3N16/188/xtal_25.cif,58.048523,-75.40631
xtal_26.cif,./Al13Sc3N16/188/xtal_26.cif,-45.784733,-75.93782
xtal_27.cif,./Al13Sc3N16/__initial__/188/xtal_27.cif,-66.072105,-56.57832
xtal_28.cif,./Al13Sc3N16/188/xtal_28.cif,-74.618515,18.695946
xtal_29.cif,./Al13Sc3N16/__initial__/188/xtal_29.cif,9.227293,11.564061
xtal_3.cif,./Al13Sc3N16/__initial__/188/xtal_3.cif,68.53196,-85.5086
xtal_30.cif,./Al13Sc3N16/__initial__/188/xtal_30.cif,24.7773,-77.77279
xtal_31.cif,./Al13Sc3N16/188/xtal_31.cif,26.70917,-84.830246
xtal_32.cif,./Al13Sc3N16/__initial__/188/xtal_32.cif,-7.4686785,-12.471156
xtal_33.cif,./Al13Sc3N16/188/xtal_33.cif,9.1635275,39.29212
xtal_34.cif,./Al13Sc3N16/188/xtal_34.cif,-52.082104,13.208708
xtal_35.cif,./Al13Sc3N16/__initial__/188/xtal_35.cif,19.012878,-89.687416
xtal_36.cif,./Al13Sc3N16/__initial__/188/xtal_36.cif,93.308495,-16.472189
xtal_37.cif,./Al13Sc3N16/__initial__/188/xtal_37.cif,28.894554,-77.7653
xtal_38.cif,./Al13Sc3N16/188/xtal_38.cif,81.523254,-8.141219
xtal_39.cif,./Al13Sc3N16/188/xtal_39.cif,64.95512,-68.869514
xtal_4.cif,./Al13Sc3N16/188/xtal_4.cif,-64.24168,-41.1346
xtal_40.cif,./Al13Sc3N16/__initial__/188/xtal_40.cif,57.48717,-75.689865
xtal_41.cif,./Al13Sc3N16/__initial__/188/xtal_41.cif,36.2245,-62.055214
xtal_42.cif,./Al13Sc3N16/188/xtal_42.cif,28.092796,-73.17201
xtal_43.cif,./Al13Sc3N16/__initial__/188/xtal_43.cif,-54.34153,56.11252
xtal_44.cif,./Al13Sc3N16/__initial__/188/xtal_44.cif,58.561886,-91.78314
xtal_45.cif,./Al13Sc3N16/188/xtal_45.cif,49.756794,-86.46362
xtal_46.cif,./Al13Sc3N16/__initial__/188/xtal_46.cif,-60.801174,-44.56524
xtal_47.cif,./Al13Sc3N16/__initial__/188/xtal_47.cif,45.30575,-59.877876
xtal_48.cif,./Al13Sc3N16/188/xtal_48.cif,58.968506,-75.32061
xtal_49.cif,./Al13Sc3N16/__initial__/188/xtal_49.cif,12.119164,-90.77254
xtal_5.cif,./Al13Sc3N16/188/xtal_5.cif,-24.670515,11.270021
xtal_50.cif,./Al13Sc3N16/__initial__/188/xtal_50.cif,-70.44046,66.0161
xtal_51.cif,./Al13Sc3N16/188/xtal_51.cif,60.361397,74.71589
xtal_52.cif,./Al13Sc3N16/188/xtal_52.cif,34.552116,34.734493
xtal_53.cif,./Al13Sc3N16/__initial__/188/xtal_53.cif,82.80283,34.860317
xtal_54.cif,./Al13Sc3N16/188/xtal_54.cif,37.818146,-92.88057
xtal_55.cif,./Al13Sc3N16/188/xtal_55.cif,44.44742,8.01483
xtal_56.cif,./Al13Sc3N16/188/xtal_56.cif,48.255234,-56.84816
xtal_57.cif,./Al13Sc3N16/__initial__/188/xtal_57.cif,62.641228,-84.4451
xtal_58.cif,./Al13Sc3N16/188/xtal_58.cif,90.51235,13.869373
xtal_59.cif,./Al13Sc3N16/__initial__/188/xtal_59.cif,98.06131,-16.934147
xtal_6.cif,./Al13Sc3N16/188/xtal_6.cif,24.203241,55.60032
xtal_60.cif,./Al13Sc3N16/188/xtal_60.cif,40.823204,-30.807405
xtal_61.cif,./Al13Sc3N16/188/xtal_61.cif,33.65913,-74.092285
xtal_62.cif,./Al13Sc3N16/__initial__/188/xtal_62.cif,47.759857,-18.177523
xtal_63.cif,./Al13Sc3N16/__initial__/188/xtal_63.cif,79.59068,9.719672
xtal_64.cif,./Al13Sc3N16/__initial__/188/xtal_64.cif,-52.77119,15.218843
xtal_65.cif,./Al13Sc3N16/__initial__/188/xtal_65.cif,72.60709,12.957862
xtal_66.cif,./Al13Sc3N16/__initial__/188/xtal_66.cif,25.654821,59.3033
xtal_67.cif,./Al13Sc3N16/188/xtal_67.cif,98.42313,-9.732722
xtal_68.cif,./Al13Sc3N16/188/xtal_68.cif,-67.36249,-26.713703
xtal_69.cif,./Al13Sc3N16/188/xtal_69.cif,38.981327,-94.248695
xtal_7.cif,./Al13Sc3N16/188/xtal_7.cif,-68.19559,-17.840757
xtal_70.cif,./Al13Sc3N16/188/xtal_70.cif,58.93592,-82.86045
xtal_71.cif,./Al13Sc3N16/188/xtal_71.cif,25.755272,-66.22646
xtal_72.cif,./Al13Sc3N16/__initial__/188/xtal_72.cif,50.16213,-44.892376
xtal_73.cif,./Al13Sc3N16/188/xtal_73.cif,48.942005,-40.567722
xtal_74.cif,./Al13Sc3N16/188/xtal_74.cif,25.253338,-35.58013
xtal_75.cif,./Al13Sc3N16/__initial__/188/xtal_75.cif,62.822697,-77.298096
xtal_76.cif,./Al13Sc3N16/__initial__/188/xtal_76.cif,60.213047,-77.72722
xtal_77.cif,./Al13Sc3N16/__initial__/188/xtal_77.cif,18.18804,-93.49552
xtal_78.cif,./Al13Sc3N16/188/xtal_78.cif,92.071945,14.57235
xtal_79.cif,./Al13Sc3N16/__initial__/188/xtal_79.cif,34.34433,89.69811
xtal_8.cif,./Al13Sc3N16/188/xtal_8.cif,-40.771164,-41.60307
xtal_80.cif,./Al13Sc3N16/188/xtal_80.cif,7.737914,-82.73649
xtal_81.cif,./Al13Sc3N16/__initial__/188/xtal_81.cif,1.0470719,-23.299541
xtal_82.cif,./Al13Sc3N16/__initial__/188/xtal_82.cif,-70.54317,-51.591064
xtal_83.cif,./Al13Sc3N16/188/xtal_83.cif,30.525793,-71.647766
xtal_84.cif,./Al13Sc3N16/188/xtal_84.cif,-98.82967,-26.558418
xtal_85.cif,./Al13Sc3N16/188/xtal_85.cif,-49.674236,57.031033
xtal_86.cif,./Al13Sc3N16/188/xtal_86.cif,31.165838,-79.04363
xtal_87.cif,./Al13Sc3N16/188/xtal_87.cif,40.567135,-94.04178
xtal_88.cif,./Al13Sc3N16/188/xtal_88.cif,-0.8283052,47.8724
xtal_89.cif,./Al13Sc3N16/188/xtal_89.cif,-88.25053,-54.318676
xtal_9.cif,./Al13Sc3N16/188/xtal_9.cif,39.633644,-93.909164
xtal_90.cif,./Al13Sc3N16/__initial__/188/xtal_90.cif,95.332054,32.241848
xtal_91.cif,./Al13Sc3N16/__initial__/188/xtal_91.cif,47.953323,58.985073
xtal_92.cif,./Al13Sc3N16/__initial__/188/xtal_92.cif,37.710407,-71.64513
xtal_93.cif,./Al13Sc3N16/188/xtal_93.cif,32.400814,-77.62616
xtal_94.cif,./Al13Sc3N16/__initial__/188/xtal_94.cif,98.67693,-6.856432
xtal_95.cif,./Al13Sc3N16/188/xtal_95.cif,-72.99343,26.156912
xtal_96.cif,./Al13Sc3N16/__initial__/188/xtal_96.cif,-9.920559,29.374895
xtal_97.cif,./Al13Sc3N16/__initial__/188/xtal_97.cif,38.42192,-66.73952
xtal_98.cif,./Al13Sc3N16/__initial__/188/xtal_98.cif,-65.71984,66.47886
xtal_99.cif,./Al13Sc3N16/188/xtal_99.cif,-19.122257,0.28888023
xtal_1.cif,./Al13Sc3N16/__initial__/189/xtal_1.cif,-79.70741,-33.079243
xtal_10.cif,./Al13Sc3N16/189/xtal_10.cif,-67.52871,51.525635
xtal_100.cif,./Al13Sc3N16/__initial__/189/xtal_100.cif,-79.500725,49.506992
xtal_11.cif,./Al13Sc3N16/__initial__/189/xtal_11.cif,-82.04508,40.139538
xtal_12.cif,./Al13Sc3N16/189/xtal_12.cif,42.032326,-9.44431
xtal_13.cif,./Al13Sc3N16/__initial__/189/xtal_13.cif,-21.584267,74.49965
xtal_14.cif,./Al13Sc3N16/__initial__/189/xtal_14.cif,43.24357,-88.79542
xtal_15.cif,./Al13Sc3N16/__initial__/189/xtal_15.cif,-79.30304,10.592671
xtal_16.cif,./Al13Sc3N16/189/xtal_16.cif,-82.271706,36.483746
xtal_17.cif,./Al13Sc3N16/189/xtal_17.cif,-95.21361,1.9845685
xtal_18.cif,./Al13Sc3N16/189/xtal_18.cif,38.88689,-83.011116
xtal_19.cif,./Al13Sc3N16/__initial__/189/xtal_19.cif,-57.579388,32.748627
xtal_2.cif,./Al13Sc3N16/189/xtal_2.cif,-34.864273,-46.03797
xtal_20.cif,./Al13Sc3N16/189/xtal_20.cif,84.16202,13.3618555
xtal_21.cif,./Al13Sc3N16/__initial__/189/xtal_21.cif,-52.286427,68.771996
xtal_22.cif,./Al13Sc3N16/__initial__/189/xtal_22.cif,38.04175,-96.700836
xtal_23.cif,./Al13Sc3N16/__initial__/189/xtal_23.cif,-61.877033,11.62056
xtal_24.cif,./Al13Sc3N16/__initial__/189/xtal_24.cif,36.690464,-70.0624
xtal_25.cif,./Al13Sc3N16/189/xtal_25.cif,47.512447,-84.49327
xtal_26.cif,./Al13Sc3N16/__initial__/189/xtal_26.cif,48.44961,-56.206524
xtal_27.cif,./Al13Sc3N16/189/xtal_27.cif,-19.003653,0.9428173
xtal_28.cif,./Al13Sc3N16/__initial__/189/xtal_28.cif,-74.73022,54.889324
xtal_29.cif,./Al13Sc3N16/__initial__/189/xtal_29.cif,65.7014,-80.860466
xtal_3.cif,./Al13Sc3N16/__initial__/189/xtal_3.cif,42.968575,-64.187096
xtal_30.cif,./Al13Sc3N16/__initial__/189/xtal_30.cif,-11.128167,29.824923
xtal_31.cif,./Al13Sc3N16/189/xtal_31.cif,-58.9344,-74.100426
xtal_32.cif,./Al13Sc3N16/__initial__/189/xtal_32.cif,62.572758,75.30098
xtal_33.cif,./Al13Sc3N16/189/xtal_33.cif,82.651474,-9.058983
xtal_34.cif,./Al13Sc3N16/189/xtal_34.cif,-81.8379,52.21126
xtal_35.cif,./Al13Sc3N16/189/xtal_35.cif,-58.7725,65.83571
xtal_36.cif,./Al13Sc3N16/189/xtal_36.cif,-58.91799,34.034573
xtal_37.cif,./Al13Sc3N16/189/xtal_37.cif,-13.380895,81.86245
xtal_38.cif,./Al13Sc3N16/189/xtal_38.cif,50.33437,40.56976
xtal_39.cif,./Al13Sc3N16/189/xtal_39.cif,40.35782,22.376394
xtal_4.cif,./Al13Sc3N16/__initial__/189/xtal_4.cif,45.255802,-59.97696
xtal_40.cif,./Al13Sc3N16/__initial__/189/xtal_40.cif,-54.84719,-43.649982
xtal_41.cif,./Al13Sc3N16/189/xtal_41.cif,41.65719,-66.51255
xtal_42.cif,./Al13Sc3N16/189/xtal_42.cif,-65.269775,50.297314
xtal_43.cif,./Al13Sc3N16/189/xtal_43.cif,17.292603,37.05503
xtal_44.cif,./Al13Sc3N16/189/xtal_44.cif,9.173643,-60.546394
xtal_45.cif,./Al13Sc3N16/189/xtal_45.cif,-83.89747,20.521896
xtal_46.cif,./Al13Sc3N16/189/xtal_46.cif,57.20799,-71.23332
xtal_47.cif,./Al13Sc3N16/__initial__/189/xtal_47.cif,15.64322,-77.403275
xtal_48.cif,./Al13Sc3N16/__initial__/189/xtal_48.cif,11.554074,37.77691
xtal_49.cif,./Al13Sc3N16/__initial__/189/xtal_49.cif,35.867832,-87.023544
xtal_5.cif,./Al13Sc3N16/189/xtal_5.cif,-59.892155,71.2466
xtal_50.cif,./Al13Sc3N16/__initial__/189/xtal_50.cif,-46.20007,1.3992585
xtal_51.cif,./Al13Sc3N16/189/xtal_51.cif,-74.031,44.9392
xtal_52.cif,./Al13Sc3N16/189/xtal_52.cif,41.891014,-54.619957
xtal_53.cif,./Al13Sc3N16/__initial__/189/xtal_53.cif,-10.250415,-19.140331
xtal_54.cif,./Al13Sc3N16/189/xtal_54.cif,48.655018,52.580357
xtal_55.cif,./Al13Sc3N16/189/xtal_55.cif,-69.58241,-14.155856
xtal_56.cif,./Al13Sc3N16/189/xtal_56.cif,79.29513,12.615812
xtal_57.cif,./Al13Sc3N16/__initial__/189/xtal_57.cif,-1.1337845,70.22264
xtal_58.cif,./Al13Sc3N16/__initial__/189/xtal_58.cif,55.54533,-87.754845
xtal_59.cif,./Al13Sc3N16/189/xtal_59.cif,38.38517,-71.33571
xtal_6.cif,./Al13Sc3N16/__initial__/189/xtal_6.cif,-38.847206,48.751236
xtal_60.cif,./Al13Sc3N16/__initial__/189/xtal_60.cif,-65.09076,-53.896038
xtal_61.cif,./Al13Sc3N16/189/xtal_61.cif,-43.513683,51.881897
xtal_62.cif,./Al13Sc3N16/__initial__/189/xtal_62.cif,41.67668,-50.65486
xtal_63.cif,./Al13Sc3N16/189/xtal_63.cif,-12.457606,-0.10432312
xtal_64.cif,./Al13Sc3N16/__initial__/189/xtal_64.cif,-75.652756,53.18556
xtal_65.cif,./Al13Sc3N16/189/xtal_65.cif,9.427255,45.292183
xtal_66.cif,./Al13Sc3N16/__initial__/189/xtal_66.cif,-62.53861,68.26196
xtal_67.cif,./Al13Sc3N16/189/xtal_67.cif,70.93183,-86.70375
xtal_68.cif,./Al13Sc3N16/189/xtal_68.cif,-8.949117,-53.118176
xtal_69.cif,./Al13Sc3N16/__initial__/189/xtal_69.cif,7.328739,-61.519188
xtal_7.cif,./Al13Sc3N16/189/xtal_7.cif,85.70715,29.628708
xtal_70.cif,./Al13Sc3N16/189/xtal_70.cif,-67.892426,82.247444
xtal_71.cif,./Al13Sc3N16/__initial__/189/xtal_71.cif,-79.56031,62.982525
xtal_72.cif,./Al13Sc3N16/__initial__/189/xtal_72.cif,9.282867,-76.44167
xtal_73.cif,./Al13Sc3N16/189/xtal_73.cif,-30.050737,34.239044
xtal_74.cif,./Al13Sc3N16/__initial__/189/xtal_74.cif,-88.42922,40.51028
xtal_75.cif,./Al13Sc3N16/189/xtal_75.cif,38.25859,-32.538063
xtal_76.cif,./Al13Sc3N16/__initial__/189/xtal_76.cif,37.231293,51.504787
xtal_77.cif,./Al13Sc3N16/__initial__/189/xtal_77.cif,81.75236,10.614195
xtal_78.cif,./Al13Sc3N16/__initial__/189/xtal_78.cif,-63.741886,-63.111897
xtal_79.cif,./Al13Sc3N16/__initial__/189/xtal_79.cif,3.7181833,-35.520233
xtal_8.cif,./Al13Sc3N16/__initial__/189/xtal_8.cif,-27.810257,-2.7864912
xtal_80.cif,./Al13Sc3N16/__initial__/189/xtal_80.cif,-87.64225,41.43506
xtal_81.cif,./Al13Sc3N16/189/xtal_81.cif,-15.470036,-22.726608
xtal_82.cif,./Al13Sc3N16/__initial__/189/xtal_82.cif,34.306717,-88.18595
xtal_83.cif,./Al13Sc3N16/189/xtal_83.cif,54.214924,-38.99177
xtal_84.cif,./Al13Sc3N16/189/xtal_84.cif,-87.98077,-36.134003
xtal_85.cif,./Al13Sc3N16/__initial__/189/xtal_85.cif,-6.394415,20.039978
xtal_86.cif,./Al13Sc3N16/__initial__/189/xtal_86.cif,32.948654,-75.16642
xtal_87.cif,./Al13Sc3N16/189/xtal_87.cif,-43.86547,29.530134
xtal_88.cif,./Al13Sc3N16/189/xtal_88.cif,-16.530033,64.29178
xtal_89.cif,./Al13Sc3N16/189/xtal_89.cif,41.324776,-19.625423
xtal_9.cif,./Al13Sc3N16/__initial__/189/xtal_9.cif,56.23716,-76.651955
xtal_90.cif,./Al13Sc3N16/__initial__/189/xtal_90.cif,-56.3373,-27.230356
xtal_91.cif,./Al13Sc3N16/189/xtal_91.cif,-3.8299444,-43.930466
xtal_92.cif,./Al13Sc3N16/189/xtal_92.cif,16.1616,18.185705
xtal_93.cif,./Al13Sc3N16/189/xtal_93.cif,-52.768448,72.45351
xtal_94.cif,./Al13Sc3N16/189/xtal_94.cif,12.053101,-78.533585
xtal_95.cif,./Al13Sc3N16/189/xtal_95.cif,-86.17148,37.679993
xtal_96.cif,./Al13Sc3N16/189/xtal_96.cif,15.468854,-76.30182
xtal_97.cif,./Al13Sc3N16/__initial__/189/xtal_97.cif,41.657944,71.99511
xtal_98.cif,./Al13Sc3N16/189/xtal_98.cif,-73.43988,-42.088257
xtal_99.cif,./Al13Sc3N16/__initial__/189/xtal_99.cif,-64.19267,40.052074
xtal_1.cif,./Al13Sc3N16/__initial__/190/xtal_1.cif,70.571724,-66.105965
xtal_10.cif,./Al13Sc3N16/__initial__/190/xtal_10.cif,-35.51274,-20.412947
xtal_100.cif,./Al13Sc3N16/__initial__/190/xtal_100.cif,12.878459,-86.94461
xtal_11.cif,./Al13Sc3N16/__initial__/190/xtal_11.cif,-14.278987,-18.266619
xtal_12.cif,./Al13Sc3N16/190/xtal_12.cif,80.775154,-8.830041
xtal_13.cif,./Al13Sc3N16/__initial__/190/xtal_13.cif,19.44699,54.243973
xtal_14.cif,./Al13Sc3N16/__initial__/190/xtal_14.cif,30.703531,-87.04564
xtal_15.cif,./Al13Sc3N16/__initial__/190/xtal_15.cif,17.281483,-90.46583
xtal_16.cif,./Al13Sc3N16/190/xtal_16.cif,-52.940025,6.818541
xtal_17.cif,./Al13Sc3N16/__initial__/190/xtal_17.cif,-43.545326,15.669334
xtal_18.cif,./Al13Sc3N16/__initial__/190/xtal_18.cif,50.049374,-71.38615
xtal_19.cif,./Al13Sc3N16/190/xtal_19.cif,102.735695,-12.081681
xtal_2.cif,./Al13Sc3N16/__initial__/190/xtal_2.cif,-50.856712,-17.360323
xtal_20.cif,./Al13Sc3N16/190/xtal_20.cif,34.309753,-91.7499
xtal_21.cif,./Al13Sc3N16/__initial__/190/xtal_21.cif,-77.25064,-52.149292
xtal_22.cif,./Al13Sc3N16/190/xtal_22.cif,54.253845,-5.1705766
xtal_23.cif,./Al13Sc3N16/190/xtal_23.cif,33.260315,-74.96635
xtal_24.cif,./Al13Sc3N16/190/xtal_24.cif,-36.075314,66.68941
xtal_25.cif,./Al13Sc3N16/__initial__/190/xtal_25.cif,-20.545294,-18.148363
xtal_26.cif,./Al13Sc3N16/190/xtal_26.cif,30.447212,-71.706314
xtal_27.cif,./Al13Sc3N16/__initial__/190/xtal_27.cif,55.85162,53.864815
xtal_28.cif,./Al13Sc3N16/__initial__/190/xtal_28.cif,-46.51279,-38.701344
xtal_29.cif,./Al13Sc3N16/__initial__/190/xtal_29.cif,90.530685,14.759609
xtal_3.cif,./Al13Sc3N16/190/xtal_3.cif,7.141999,-0.08568242
xtal_30.cif,./Al13Sc3N16/190/xtal_30.cif,41.50757,-94.45082
xtal_31.cif,./Al13Sc3N16/__initial__/190/xtal_31.cif,6.7348666,72.28146
xtal_32.cif,./Al13Sc3N16/190/xtal_32.cif,-42.77848,39.090565
xtal_33.cif,./Al13Sc3N16/__initial__/190/xtal_33.cif,15.14213,34.83114
xtal_34.cif,./Al13Sc3N16/190/xtal_34.cif,38.87772,-93.19014
xtal_35.cif,./Al13Sc3N16/190/xtal_35.cif,67.4754,-81.57137
xtal_36.cif,./Al13Sc3N16/190/xtal_36.cif,38.61933,-88.280174
xtal_37.cif,./Al13Sc3N16/__initial__/190/xtal_37.cif,39.493084,-67.09718
xtal_38.cif,./Al13Sc3N16/__initial__/190/xtal_38.cif,-81.12571,50.20101
xtal_39.cif,./Al13Sc3N16/190/xtal_39.cif,26.836332,-44.42906
xtal_4.cif,./Al13Sc3N16/190/xtal_4.cif,3.752503,4.7517223
xtal_40.cif,./Al13Sc3N16/__initial__/190/xtal_40.cif,71.08827,-78.51748
xtal_41.cif,./Al13Sc3N16/__initial__/190/xtal_41.cif,15.297043,-56.699192
xtal_42.cif,./Al13Sc3N16/190/xtal_42.cif,36.184383,34.36237
xtal_43.cif,./Al13Sc3N16/190/xtal_43.cif,31.841097,55.539856
xtal_44.cif,./Al13Sc3N16/190/xtal_44.cif,26.461662,-29.022589
xtal_45.cif,./Al13Sc3N16/190/xtal_45.cif,-5.864689,-7.62404
xtal_46.cif,./Al13Sc3N16/190/xtal_46.cif,47.661648,-72.58675
xtal_47.cif,./Al13Sc3N16/__initial__/190/xtal_47.cif,43.406975,-12.683672
xtal_48.cif,./Al13Sc3N16/190/xtal_48.cif,30.509422,-87.55494
xtal_49.cif,./Al13Sc3N16/190/xtal_49.cif,10.389467,35.502377
xtal_5.cif,./Al13Sc3N16/__initial__/190/xtal_5.cif,-11.382584,34.372936
xtal_50.cif,./Al13Sc3N16/__initial__/190/xtal_50.cif,17.530535,10.762326
xtal_51.cif,./Al13Sc3N16/__initial__/190/xtal_51.cif,56.487137,-62.072334
xtal_52.cif,./Al13Sc3N16/__initial__/190/xtal_52.cif,-49.894672,45.00982
xtal_53.cif,./Al13Sc3N16/__initial__/190/xtal_53.cif,25.57561,-82.5201
xtal_54.cif,./Al13Sc3N16/190/xtal_54.cif,-103.37215,-8.256641
xtal_55.cif,./Al13Sc3N16/__initial__/190/xtal_55.cif,18.257387,63.779743
xtal_56.cif,./Al13Sc3N16/__initial__/190/xtal_56.cif,35.777504,-0.034427263
xtal_57.cif,./Al13Sc3N16/__initial__/190/xtal_57.cif,-14.801199,75.36573
xtal_58.cif,./Al13Sc3N16/190/xtal_58.cif,49.68365,-85.842094
xtal_59.cif,./Al13Sc3N16/__initial__/190/xtal_59.cif,-75.38822,-57.085663
xtal_6.cif,./Al13Sc3N16/190/xtal_6.cif,-12.3295355,-38.812042
xtal_60.cif,./Al13Sc3N16/__initial__/190/xtal_60.cif,94.19983,2.4702873
xtal_61.cif,./Al13Sc3N16/190/xtal_61.cif,-68.763145,18.52223
xtal_62.cif,./Al13Sc3N16/190/xtal_62.cif,-8.784315,-44.5633
xtal_63.cif,./Al13Sc3N16/__initial__/190/xtal_63.cif,8.235339,-20.023392
xtal_64.cif,./Al13Sc3N16/190/xtal_64.cif,-32.53951,-25.703068
xtal_65.cif,./Al13Sc3N16/190/xtal_65.cif,63.613636,-72.09937
xtal_66.cif,./Al13Sc3N16/190/xtal_66.cif,38.456944,-45.717518
xtal_67.cif,./Al13Sc3N16/190/xtal_67.cif,35.017746,13.102027
xtal_68.cif,./Al13Sc3N16/__initial__/190/xtal_68.cif,50.534492,-75.558945
xtal_69.cif,./Al13Sc3N16/190/xtal_69.cif,-4.78162,22.340302
xtal_7.cif,./Al13Sc3N16/__initial__/190/xtal_7.cif,-9.509003,33.857468
xtal_70.cif,./Al13Sc3N16/__initial__/190/xtal_70.cif,34.679634,-62.95684
xtal_71.cif,./Al13Sc3N16/__initial__/190/xtal_71.cif,47.68001,-74.74021
xtal_72.cif,./Al13Sc3N16/190/xtal_72.cif,-50.416622,73.48036
xtal_73.cif,./Al13Sc3N16/190/xtal_73.cif,25.970333,-69.95324
xtal_74.cif,./Al13Sc3N16/__initial__/190/xtal_74.cif,58.62287,-75.64104
xtal_75.cif,./Al13Sc3N16/__initial__/190/xtal_75.cif,50.95723,-74.156456
xtal_76.cif,./Al13Sc3N16/__initial__/190/xtal_76.cif,49.63316,-74.83703
xtal_77.cif,./Al13Sc3N16/__initial__/190/xtal_77.cif,25.58956,-86.307915
xtal_78.cif,./Al13Sc3N16/190/xtal_78.cif,-17.140497,-13.95957
xtal_79.cif,./Al13Sc3N16/190/xtal_79.cif,-18.697308,-42.38131
xtal_8.cif,./Al13Sc3N16/__initial__/190/xtal_8.cif,47.03213,-57.63359
xtal_80.cif,./Al13Sc3N16/190/xtal_80.cif,-37.140205,-47.53793
xtal_81.cif,./Al13Sc3N16/190/xtal_81.cif,90.36914,27.521488
xtal_82.cif,./Al13Sc3N16/__initial__/190/xtal_82.cif,105.15679,-9.932538
xtal_83.cif,./Al13Sc3N16/190/xtal_83.cif,89.29849,22.352922
xtal_84.cif,./Al13Sc3N16/190/xtal_84.cif,31.224297,-87.5009
xtal_85.cif,./Al13Sc3N16/__initial__/190/xtal_85.cif,83.39484,24.4271
xtal_86.cif,./Al13Sc3N16/190/xtal_86.cif,-55.883923,59.000626
xtal_87.cif,./Al13Sc3N16/__initial__/190/xtal_87.cif,-55.75978,26.755886
xtal_88.cif,./Al13Sc3N16/190/xtal_88.cif,-84.474,25.60373
xtal_89.cif,./Al13Sc3N16/190/xtal_89.cif,-76.8786,-42.869865
xtal_9.cif,./Al13Sc3N16/190/xtal_9.cif,21.618385,69.44698
xtal_90.cif,./Al13Sc3N16/190/xtal_90.cif,-23.930964,84.48372
xtal_91.cif,./Al13Sc3N16/__initial__/190/xtal_91.cif,51.945057,-84.46844
xtal_92.cif,./Al13Sc3N16/190/xtal_92.cif,14.86861,32.929108
xtal_93.cif,./Al13Sc3N16/__initial__/190/xtal_93.cif,-6.4233227,38.418266
xtal_94.cif,./Al13Sc3N16/__initial__/190/xtal_94.cif,-82.96601,-7.3552637
xtal_95.cif,./Al13Sc3N16/__initial__/190/xtal_95.cif,-69.38198,43.033077
xtal_96.cif,./Al13Sc3N16/190/xtal_96.cif,6.677451,-10.363092
xtal_97.cif,./Al13Sc3N16/190/xtal_97.cif,15.030479,-77.4875
xtal_98.cif,./Al13Sc3N16/190/xtal_98.cif,20.541983,-50.674164
xtal_99.cif,./Al13Sc3N16/190/xtal_99.cif,55.23384,-76.44764
xtal_1.cif,./Al13Sc3N16/191/xtal_1.cif,-61.864292,69.504364
xtal_10.cif,./Al13Sc3N16/__initial__/191/xtal_10.cif,18.954224,39.43358
xtal_100.cif,./Al13Sc3N16/191/xtal_100.cif,-17.566694,-6.2572074
xtal_11.cif,./Al13Sc3N16/191/xtal_11.cif,-61.702744,67.438385
xtal_12.cif,./Al13Sc3N16/__initial__/191/xtal_12.cif,1.7771755,30.242191
xtal_13.cif,./Al13Sc3N16/__initial__/191/xtal_13.cif,7.6262965,40.244156
xtal_14.cif,./Al13Sc3N16/__initial__/191/xtal_14.cif,-30.976404,-8.396382
xtal_15.cif,./Al13Sc3N16/191/xtal_15.cif,-66.653015,42.97804
xtal_16.cif,./Al13Sc3N16/191/xtal_16.cif,-58.560192,-32.714348
xtal_17.cif,./Al13Sc3N16/__initial__/191/xtal_17.cif,-3.209562,9.267395
xtal_18.cif,./Al13Sc3N16/191/xtal_18.cif,-47.296715,52.928764
xtal_19.cif,./Al13Sc3N16/__initial__/191/xtal_19.cif,-37.929897,97.25126
xtal_2.cif,./Al13Sc3N16/191/xtal_2.cif,-78.01599,70.97575
xtal_20.cif,./Al13Sc3N16/191/xtal_20.cif,-14.872635,85.53114
xtal_21.cif,./Al13Sc3N16/__initial__/191/xtal_21.cif,-11.548901,34.41977
xtal_22.cif,./Al13Sc3N16/__initial__/191/xtal_22.cif,-45.82524,27.191868
xtal_23.cif,./Al13Sc3N16/__initial__/191/xtal_23.cif,-49.941193,-21.287071
xtal_24.cif,./Al13Sc3N16/191/xtal_24.cif,-66.948395,50.01736
xtal_25.cif,./Al13Sc3N16/__initial__/191/xtal_25.cif,-55.787712,34.488144
xtal_26.cif,./Al13Sc3N16/191/xtal_26.cif,-8.745106,14.919973
xtal_27.cif,./Al13Sc3N16/191/xtal_27.cif,-38.890354,12.748749
xtal_28.cif,./Al13Sc3N16/191/xtal_28.cif,1.8653772,38.526703
xtal_29.cif,./Al13Sc3N16/191/xtal_29.cif,8.661683,93.13495
xtal_3.cif,./Al13Sc3N16/__initial__/191/xtal_3.cif,-25.077908,-81.205536
xtal_30.cif,./Al13Sc3N16/__initial__/191/xtal_30.cif,-50.305355,-6.296534
xtal_31.cif,./Al13Sc3N16/191/xtal_31.cif,-60.835163,40.88859
xtal_32.cif,./Al13Sc3N16/__initial__/191/xtal_32.cif,-31.128304,3.7149105
xtal_33.cif,./Al13Sc3N16/__initial__/191/xtal_33.cif,-13.501768,77.44022
xtal_34.cif,./Al13Sc3N16/__initial__/191/xtal_34.cif,-88.34825,19.80055
xtal_35.cif,./Al13Sc3N16/__initial__/191/xtal_35.cif,-83.1966,-40.518402
xtal_36.cif,./Al13Sc3N16/191/xtal_36.cif,-8.670208,93.13567
xtal_37.cif,./Al13Sc3N16/__initial__/191/xtal_37.cif,-56.974777,46.215797
xtal_38.cif,./Al13Sc3N16/191/xtal_38.cif,1.8006883,-30.307833
xtal_39.cif,./Al13Sc3N16/191/xtal_39.cif,-73.29915,57.435
xtal_4.cif,./Al13Sc3N16/__initial__/191/xtal_4.cif,-65.20716,6.5810256
xtal_40.cif,./Al13Sc3N16/191/xtal_40.cif,-1.9421004,-30.535627
xtal_41.cif,./Al13Sc3N16/191/xtal_41.cif,-46.081482,-35.218082
xtal_42.cif,./Al13Sc3N16/191/xtal_42.cif,-5.1523085,-37.072414
xtal_43.cif,./Al13Sc3N16/191/xtal_43.cif,12.689194,15.226295
xtal_44.cif,./Al13Sc3N16/191/xtal_44.cif,-41.260136,35.59885
xtal_45.cif,./Al13Sc3N16/191/xtal_45.cif,-50.482216,47.21417
xtal_46.cif,./Al13Sc3N16/__initial__/191/xtal_46.cif,-68.232376,61.227848
xtal_47.cif,./Al13Sc3N16/__initial__/191/xtal_47.cif,-82.11545,55.60558
xtal_48.cif,./Al13Sc3N16/191/xtal_48.cif,-73.95129,71.30728
xtal_49.cif,./Al13Sc3N16/191/xtal_49.cif,-78.121574,54.49144
xtal_5.cif,./Al13Sc3N16/__initial__/191/xtal_5.cif,-84.96057,19.960697
xtal_50.cif,./Al13Sc3N16/__initial__/191/xtal_50.cif,-77.12406,40.066933
xtal_51.cif,./Al13Sc3N16/__initial__/191/xtal_51.cif,48.671402,43.71248
xtal_52.cif,./Al13Sc3N16/__initial__/191/xtal_52.cif,-47.781002,72.82199
xtal_53.cif,./Al13Sc3N16/__initial__/191/xtal_53.cif,-39.46144,79.32154
xtal_54.cif,./Al13Sc3N16/__initial__/191/xtal_54.cif,-53.636433,53.324196
xtal_55.cif,./Al13Sc3N16/191/xtal_55.cif,24.311182,-17.722061
xtal_56.cif,./Al13Sc3N16/191/xtal_56.cif,-82.58416,48.70142
xtal_57.cif,./Al13Sc3N16/__initial__/191/xtal_57.cif,-89.525635,23.823763
xtal_58.cif,./Al13Sc3N16/__initial__/191/xtal_58.cif,48.154602,28.876434
xtal_59.cif,./Al13Sc3N16/__initial__/191/xtal_59.cif,-85.36246,24.287487
xtal_6.cif,./Al13Sc3N16/__initial__/191/xtal_6.cif,-70.02764,22.80654
xtal_60.cif,./Al13Sc3N16/191/xtal_60.cif,-72.776024,53.70339
xtal_61.cif,./Al13Sc3N16/191/xtal_61.cif,-52.498863,58.67999
xtal_62.cif,./Al13Sc3N16/191/xtal_62.cif,-28.68272,36.31565
xtal_63.cif,./Al13Sc3N16/191/xtal_63.cif,-61.700542,29.30235
xtal_64.cif,./Al13Sc3N16/__initial__/191/xtal_64.cif,-91.19779,-28.259893
xtal_65.cif,./Al13Sc3N16/191/xtal_65.cif,-21.059494,31.546658
xtal_66.cif,./Al13Sc3N16/__initial__/191/xtal_66.cif,-61.66019,-31.016788
xtal_67.cif,./Al13Sc3N16/__initial__/191/xtal_67.cif,59.294567,78.02195
xtal_68.cif,./Al13Sc3N16/__initial__/191/xtal_68.cif,-44.456615,-48.98618
xtal_69.cif,./Al13Sc3N16/__initial__/191/xtal_69.cif,-77.958435,65.179886
xtal_7.cif,./Al13Sc3N16/191/xtal_7.cif,-91.7793,-45.11652
xtal_70.cif,./Al13Sc3N16/__initial__/191/xtal_70.cif,-39.529484,93.59424
xtal_71.cif,./Al13Sc3N16/191/xtal_71.cif,-24.46835,26.035177
xtal_72.cif,./Al13Sc3N16/191/xtal_72.cif,-30.509628,4.4158688
xtal_73.cif,./Al13Sc3N16/191/xtal_73.cif,-46.421837,55.483387
xtal_74.cif,./Al13Sc3N16/__initial__/191/xtal_74.cif,-85.409424,-7.904048
xtal_75.cif,./Al13Sc3N16/__initial__/191/xtal_75.cif,-77.12506,13.27916
xtal_76.cif,./Al13Sc3N16/__initial__/191/xtal_76.cif,28.55908,56.304222
xtal_77.cif,./Al13Sc3N16/191/xtal_77.cif,-40.733967,-14.320758
xtal_78.cif,./Al13Sc3N16/191/xtal_78.cif,-8.844401,-14.620898
xtal_79.cif,./Al13Sc3N16/__initial__/191/xtal_79.cif,-57.75816,58.81666
xtal_8.cif,./Al13Sc3N16/__initial__/191/xtal_8.cif,-62.910282,87.396385
xtal_80.cif,./Al13Sc3N16/191/xtal_80.cif,-81.89715,30.984737
xtal_81.cif,./Al13Sc3N16/__initial__/191/xtal_81.cif,-29.148558,-48.129402
xtal_82.cif,./Al13Sc3N16/191/xtal_82.cif,-38.387722,78.5193
xtal_83.cif,./Al13Sc3N16/191/xtal_83.cif,-77.736595,63.0625
xtal_84.cif,./Al13Sc3N16/__initial__/191/xtal_84.cif,-28.097748,29.774923
xtal_85.cif,./Al13Sc3N16/191/xtal_85.cif,19.146023,73.13954
xtal_86.cif,./Al13Sc3N16/191/xtal_86.cif,-86.48659,29.31292
xtal_87.cif,./Al13Sc3N16/191/xtal_87.cif,-75.408295,11.388572
xtal_88.cif,./Al13Sc3N16/__initial__/191/xtal_88.cif,-60.805927,-1.327802
xtal_89.cif,./Al13Sc3N16/__initial__/191/xtal_89.cif,-1.9021473,35.25439
xtal_9.cif,./Al13Sc3N16/191/xtal_9.cif,1.4284192,88.41901
xtal_90.cif,./Al13Sc3N16/191/xtal_90.cif,-64.60978,64.18225
xtal_91.cif,./Al13Sc3N16/191/xtal_91.cif,-47.096413,-46.067436
xtal_92.cif,./Al13Sc3N16/__initial__/191/xtal_92.cif,-75.98525,67.762825
xtal_93.cif,./Al13Sc3N16/191/xtal_93.cif,-2.4672344,11.534821
xtal_94.cif,./Al13Sc3N16/191/xtal_94.cif,-10.277182,38.168774
xtal_95.cif,./Al13Sc3N16/191/xtal_95.cif,-77.60423,65.05511
xtal_96.cif,./Al13Sc3N16/191/xtal_96.cif,-75.58301,31.578655
xtal_97.cif,./Al13Sc3N16/__initial__/191/xtal_97.cif,-104.50929,-0.92353845
xtal_98.cif,./Al13Sc3N16/191/xtal_98.cif,-35.418404,40.94338
xtal_99.cif,./Al13Sc3N16/191/xtal_99.cif,-51.668472,-0.054334518
xtal_1.cif,./Al13Sc3N16/192/xtal_1.cif,-48.691193,9.655985
xtal_10.cif,./Al13Sc3N16/__initial__/192/xtal_10.cif,64.24581,69.09692
xtal_100.cif,./Al13Sc3N16/__initial__/192/xtal_100.cif,-2.4987178,38.845497
xtal_11.cif,./Al13Sc3N16/__initial__/192/xtal_11.cif,-48.684975,62.07365
xtal_12.cif,./Al13Sc3N16/__initial__/192/xtal_12.cif,-20.715715,91.12619
xtal_13.cif,./Al13Sc3N16/__initial__/192/xtal_13.cif,21.178972,73.53627
xtal_14.cif,./Al13Sc3N16/__initial__/192/xtal_14.cif,-81.9495,48.610283
xtal_15.cif,./Al13Sc3N16/192/xtal_15.cif,-60.334576,31.798576
xtal_16.cif,./Al13Sc3N16/192/xtal_16.cif,-44.098385,23.824747
xtal_17.cif,./Al13Sc3N16/192/xtal_17.cif,-1.9368427,80.13029
xtal_18.cif,./Al13Sc3N16/__initial__/192/xtal_18.cif,-38.193104,29.11978
xtal_19.cif,./Al13Sc3N16/__initial__/192/xtal_19.cif,2.376051,92.05601
xtal_2.cif,./Al13Sc3N16/__initial__/192/xtal_2.cif,58.3217,62.387123
xtal_20.cif,./Al13Sc3N16/__initial__/192/xtal_20.cif,-61.947014,29.062445
xtal_21.cif,./Al13Sc3N16/__initial__/192/xtal_21.cif,-46.95463,-26.723707
xtal_22.cif,./Al13Sc3N16/__initial__/192/xtal_22.cif,-27.606245,42.672745
xtal_23.cif,./Al13Sc3N16/__initial__/192/xtal_23.cif,-56.924675,12.436942
xtal_24.cif,./Al13Sc3N16/__initial__/192/xtal_24.cif,-57.010494,14.163718
xtal_25.cif,./Al13Sc3N16/__initial__/192/xtal_25.cif,-27.264555,82.89223
xtal_26.cif,./Al13Sc3N16/192/xtal_26.cif,-62.328754,54.66769
xtal_27.cif,./Al13Sc3N16/192/xtal_27.cif,13.309231,68.144806
xtal_28.cif,./Al13Sc3N16/192/xtal_28.cif,-72.8885,36.040344
xtal_29.cif,./Al13Sc3N16/__initial__/192/xtal_29.cif,-61.221462,72.752266
xtal_3.cif,./Al13Sc3N16/__initial__/192/xtal_3.cif,-49.58193,-22.777534
xtal_30.cif,./Al13Sc3N16/192/xtal_30.cif,-48.011726,-18.953476
xtal_31.cif,./Al13Sc3N16/__initial__/192/xtal_31.cif,-49.804314,79.209984
xtal_32.cif,./Al13Sc3N16/__initial__/192/xtal_32.cif,-22.08064,44.23029
xtal_33.cif,./Al13Sc3N16/192/xtal_33.cif,-24.854725,1.3707116
xtal_34.cif,./Al13Sc3N16/192/xtal_34.cif,-7.902388,55.3571
xtal_35.cif,./Al13Sc3N16/__initial__/192/xtal_35.cif,-53.727345,43.34927
xtal_36.cif,./Al13Sc3N16/__initial__/192/xtal_36.cif,-29.801867,-48.673763
xtal_37.cif,./Al13Sc3N16/192/xtal_37.cif,-38.947475,75.98038
xtal_38.cif,./Al13Sc3N16/192/xtal_38.cif,-21.368734,31.665398
xtal_39.cif,./Al13Sc3N16/__initial__/192/xtal_39.cif,-78.8985,34.401253
xtal_4.cif,./Al13Sc3N16/192/xtal_4.cif,-25.890537,-1.9618261
xtal_40.cif,./Al13Sc3N16/192/xtal_40.cif,-14.84547,27.962376
xtal_41.cif,./Al13Sc3N16/192/xtal_41.cif,4.4384565,-26.456215
xtal_42.cif,./Al13Sc3N16/192/xtal_42.cif,-49.530544,53.138496
xtal_43.cif,./Al13Sc3N16/__initial__/192/xtal_43.cif,26.767399,25.82222
xtal_44.cif,./Al13Sc3N16/__initial__/192/xtal_44.cif,-80.53291,53.86364
xtal_45.cif,./Al13Sc3N16/192/xtal_45.cif,-37.236996,37.84451
xtal_46.cif,./Al13Sc3N16/__initial__/192/xtal_46.cif,-42.661068,70.01668
xtal_47.cif,./Al13Sc3N16/__initial__/192/xtal_47.cif,-37.33938,44.9339
xtal_48.cif,./Al13Sc3N16/192/xtal_48.cif,53.86242,56.193905
xtal_49.cif,./Al13Sc3N16/192/xtal_49.cif,-12.4826565,-58.611862
xtal_5.cif,./Al13Sc3N16/__initial__/192/xtal_5.cif,-26.373978,38.420654
xtal_50.cif,./Al13Sc3N16/192/xtal_50.cif,2.9609745,80.8485
xtal_51.cif,./Al13Sc3N16/__initial__/192/xtal_51.cif,2.0257041,-44.03749
xtal_52.cif,./Al13Sc3N16/__initial__/192/xtal_52.cif,-59.97647,75.12383
xtal_53.cif,./Al13Sc3N16/__initial__/192/xtal_53.cif,-76.36003,57.454422
xtal_54.cif,./Al13Sc3N16/192/xtal_54.cif,-78.216324,3.7806664
xtal_55.cif,./Al13Sc3N16/__initial__/192/xtal_55.cif,-75.75751,-35.532253
xtal_56.cif,./Al13Sc3N16/192/xtal_56.cif,13.011484,6.4771776
xtal_57.cif,./Al13Sc3N16/192/xtal_57.cif,-34.95915,55.435097
xtal_58.cif,./Al13Sc3N16/192/xtal_58.cif,-22.736923,-18.498316
xtal_59.cif,./Al13Sc3N16/192/xtal_59.cif,-74.269066,11.317783
xtal_6.cif,./Al13Sc3N16/__initial__/192/xtal_6.cif,-88.18595,6.2957444
xtal_60.cif,./Al13Sc3N16/192/xtal_60.cif,-73.002914,37.073433
xtal_61.cif,./Al13Sc3N16/192/xtal_61.cif,43.458145,75.66384
xtal_62.cif,./Al13Sc3N16/__initial__/192/xtal_62.cif,1.800944,44.952633
xtal_63.cif,./Al13Sc3N16/192/xtal_63.cif,-50.98078,6.1976423
xtal_64.cif,./Al13Sc3N16/192/xtal_64.cif,-67.13347,-74.141525
xtal_65.cif,./Al13Sc3N16/__initial__/192/xtal_65.cif,-88.448425,9.558219
xtal_66.cif,./Al13Sc3N16/192/xtal_66.cif,-63.405396,46.607132
xtal_67.cif,./Al13Sc3N16/192/xtal_67.cif,8.715898,7.886271
xtal_68.cif,./Al13Sc3N16/192/xtal_68.cif,-80.126366,34.39892
xtal_69.cif,./Al13Sc3N16/__initial__/192/xtal_69.cif,-87.39545,26.544327
xtal_7.cif,./Al13Sc3N16/192/xtal_7.cif,-42.162563,-43.464893
xtal_70.cif,./Al13Sc3N16/192/xtal_70.cif,40.6393,55.749016
xtal_71.cif,./Al13Sc3N16/192/xtal_71.cif,46.038853,25.927395
xtal_72.cif,./Al13Sc3N16/192/xtal_72.cif,-51.438396,76.861595
xtal_73.cif,./Al13Sc3N16/__initial__/192/xtal_73.cif,-74.69038,34.24471
xtal_74.cif,./Al13Sc3N16/__initial__/192/xtal_74.cif,-98.68389,-15.43807
xtal_75.cif,./Al13Sc3N16/__initial__/192/xtal_75.cif,-25.178337,2.8543787
xtal_76.cif,./Al13Sc3N16/192/xtal_76.cif,23.546173,22.589981
xtal_77.cif,./Al13Sc3N16/__initial__/192/xtal_77.cif,-60.151264,51.742676
xtal_78.cif,./Al13Sc3N16/192/xtal_78.cif,-41.13368,-5.358205
xtal_79.cif,./Al13Sc3N16/__initial__/192/xtal_79.cif,-86.00412,-14.658818
xtal_8.cif,./Al13Sc3N16/__initial__/192/xtal_8.cif,21.455841,48.15553
xtal_80.cif,./Al13Sc3N16/192/xtal_80.cif,1.3043216,20.616064
xtal_81.cif,./Al13Sc3N16/__initial__/192/xtal_81.cif,35.9517,31.610184
xtal_82.cif,./Al13Sc3N16/__initial__/192/xtal_82.cif,-70.61269,54.34308
xtal_83.cif,./Al13Sc3N16/192/xtal_83.cif,47.74578,78.02621
xtal_84.cif,./Al13Sc3N16/__initial__/192/xtal_84.cif,-53.502007,53.30095
xtal_85.cif,./Al13Sc3N16/192/xtal_85.cif,-36.22923,76.77531
xtal_86.cif,./Al13Sc3N16/192/xtal_86.cif,-66.50844,21.296898
xtal_87.cif,./Al13Sc3N16/__initial__/192/xtal_87.cif,-46.877308,-15.032217
xtal_88.cif,./Al13Sc3N16/192/xtal_88.cif,54.750137,57.788795
xtal_89.cif,./Al13Sc3N16/__initial__/192/xtal_89.cif,-85.365036,18.186121
xtal_9.cif,./Al13Sc3N16/192/xtal_9.cif,-56.440052,0.62460583
xtal_90.cif,./Al13Sc3N16/192/xtal_90.cif,-26.30721,-2.6131155
xtal_91.cif,./Al13Sc3N16/192/xtal_91.cif,-1.7707796,-43.914997
xtal_92.cif,./Al13Sc3N16/__initial__/192/xtal_92.cif,-52.766262,81.053154
xtal_93.cif,./Al13Sc3N16/__initial__/192/xtal_93.cif,-25.22689,-24.569311
xtal_94.cif,./Al13Sc3N16/192/xtal_94.cif,-52.32362,74.98061
xtal_95.cif,./Al13Sc3N16/__initial__/192/xtal_95.cif,-1.2319834,34.15743
xtal_96.cif,./Al13Sc3N16/__initial__/192/xtal_96.cif,25.686932,48.48882
xtal_97.cif,./Al13Sc3N16/192/xtal_97.cif,-84.09233,-20.399391
xtal_98.cif,./Al13Sc3N16/192/xtal_98.cif,-85.37489,38.194588
xtal_99.cif,./Al13Sc3N16/192/xtal_99.cif,-45.908714,83.98431
xtal_1.cif,./Al13Sc3N16/__initial__/193/xtal_1.cif,72.97207,68.38959
xtal_10.cif,./Al13Sc3N16/193/xtal_10.cif,-52.938858,76.80223
xtal_100.cif,./Al13Sc3N16/__initial__/193/xtal_100.cif,-73.921776,66.63711
xtal_11.cif,./Al13Sc3N16/__initial__/193/xtal_11.cif,-49.57843,-22.11157
xtal_12.cif,./Al13Sc3N16/__initial__/193/xtal_12.cif,-59.77922,40.576767
xtal_13.cif,./Al13Sc3N16/193/xtal_13.cif,-37.12268,-50.696888
xtal_14.cif,./Al13Sc3N16/193/xtal_14.cif,-23.195173,7.062098
xtal_15.cif,./Al13Sc3N16/193/xtal_15.cif,-41.381813,-53.161057
xtal_16.cif,./Al13Sc3N16/193/xtal_16.cif,-6.698936,63.43716
xtal_17.cif,./Al13Sc3N16/193/xtal_17.cif,-11.092532,10.386697
xtal_18.cif,./Al13Sc3N16/193/xtal_18.cif,-16.213457,37.92142
xtal_19.cif,./Al13Sc3N16/193/xtal_19.cif,12.024987,23.452929
xtal_2.cif,./Al13Sc3N16/193/xtal_2.cif,-18.663338,8.898063
xtal_20.cif,./Al13Sc3N16/__initial__/193/xtal_20.cif,-74.93445,10.204449
xtal_21.cif,./Al13Sc3N16/__initial__/193/xtal_21.cif,-56.72981,75.33091
xtal_22.cif,./Al13Sc3N16/__initial__/193/xtal_22.cif,-56.147076,57.73413
xtal_23.cif,./Al13Sc3N16/__initial__/193/xtal_23.cif,-62.387695,-1.9790281
xtal_24.cif,./Al13Sc3N16/193/xtal_24.cif,-37.146744,93.35389
xtal_25.cif,./Al13Sc3N16/__initial__/193/xtal_25.cif,-77.27223,62.89964
xtal_26.cif,./Al13Sc3N16/__initial__/193/xtal_26.cif,-55.8755,35.89306
xtal_27.cif,./Al13Sc3N16/193/xtal_27.cif,-24.960606,79.968834
xtal_28.cif,./Al13Sc3N16/__initial__/193/xtal_28.cif,-69.2117,-8.550974
xtal_29.cif,./Al13Sc3N16/193/xtal_29.cif,-59.442596,59.371334
xtal_3.cif,./Al13Sc3N16/__initial__/193/xtal_3.cif,70.07969,64.91879
xtal_30.cif,./Al13Sc3N16/__initial__/193/xtal_30.cif,-84.29015,-55.05921
xtal_31.cif,./Al13Sc3N16/193/xtal_31.cif,-8.918396,-13.543818
xtal_32.cif,./Al13Sc3N16/193/xtal_32.cif,-72.16611,70.80937
xtal_33.cif,./Al13Sc3N16/193/xtal_33.cif,-53.11769,-27.698542
xtal_34.cif,./Al13Sc3N16/__initial__/193/xtal_34.cif,-35.847534,-26.339558
xtal_35.cif,./Al13Sc3N16/__initial__/193/xtal_35.cif,-76.85839,10.1211405
xtal_36.cif,./Al13Sc3N16/__initial__/193/xtal_36.cif,-68.559265,48.853165
xtal_37.cif,./Al13Sc3N16/__initial__/193/xtal_37.cif,-74.68719,33.00651
xtal_38.cif,./Al13Sc3N16/193/xtal_38.cif,20.642836,73.38289
xtal_39.cif,./Al13Sc3N16/193/xtal_39.cif,12.593613,4.9808364
xtal_4.cif,./Al13Sc3N16/__initial__/193/xtal_4.cif,-27.702785,-1.7337765
xtal_40.cif,./Al13Sc3N16/__initial__/193/xtal_40.cif,10.334055,14.539223
xtal_41.cif,./Al13Sc3N16/193/xtal_41.cif,-37.322174,75.87612
xtal_42.cif,./Al13Sc3N16/__initial__/193/xtal_42.cif,-50.45562,-33.70527
xtal_43.cif,./Al13Sc3N16/193/xtal_43.cif,-49.44475,41.023865
xtal_44.cif,./Al13Sc3N16/193/xtal_44.cif,-61.382355,67.44886
xtal_45.cif,./Al13Sc3N16/__initial__/193/xtal_45.cif,-19.61848,-18.697145
xtal_46.cif,./Al13Sc3N16/193/xtal_46.cif,-39.37491,36.90267
xtal_47.cif,./Al13Sc3N16/193/xtal_47.cif,28.420868,71.8768
xtal_48.cif,./Al13Sc3N16/__initial__/193/xtal_48.cif,-83.338524,25.323185
xtal_49.cif,./Al13Sc3N16/__initial__/193/xtal_49.cif,-50.12068,56.50384
xtal_5.cif,./Al13Sc3N16/193/xtal_5.cif,-60.000134,86.850586
xtal_50.cif,./Al13Sc3N16/__initial__/193/xtal_50.cif,-33.0039,40.965096
xtal_51.cif,./Al13Sc3N16/193/xtal_51.cif,-63.754623,-76.60552
xtal_52.cif,./Al13Sc3N16/193/xtal_52.cif,-37.59806,-47.089134
xtal_53.cif,./Al13Sc3N16/193/xtal_53.cif,-30.17654,-9.275137
xtal_54.cif,./Al13Sc3N16/193/xtal_54.cif,-30.940184,-7.478175
xtal_55.cif,./Al13Sc3N16/__initial__/193/xtal_55.cif,-85.26127,17.51645
xtal_56.cif,./Al13Sc3N16/__initial__/193/xtal_56.cif,-79.03655,-20.673866
xtal_57.cif,./Al13Sc3N16/__initial__/193/xtal_57.cif,-61.255554,56.76324
xtal_58.cif,./Al13Sc3N16/193/xtal_58.cif,-10.585968,-10.060186
xtal_59.cif,./Al13Sc3N16/193/xtal_59.cif,-33.038513,-71.92136
xtal_6.cif,./Al13Sc3N16/__initial__/193/xtal_6.cif,46.26015,25.198639
xtal_60.cif,./Al13Sc3N16/193/xtal_60.cif,8.621637,67.133965
xtal_61.cif,./Al13Sc3N16/__initial__/193/xtal_61.cif,-39.850353,-53.27403
xtal_62.cif,./Al13Sc3N16/__initial__/193/xtal_62.cif,-80.53168,20.274965
xtal_63.cif,./Al13Sc3N16/193/xtal_63.cif,-13.711206,-47.426514
xtal_64.cif,./Al13Sc3N16/__initial__/193/xtal_64.cif,-78.65967,69.746605
xtal_65.cif,./Al13Sc3N16/193/xtal_65.cif,-4.301437,10.602413
xtal_66.cif,./Al13Sc3N16/__initial__/193/xtal_66.cif,50.90685,79.933685
xtal_67.cif,./Al13Sc3N16/193/xtal_67.cif,-4.5420275,-23.941706
xtal_68.cif,./Al13Sc3N16/193/xtal_68.cif,50.725883,55.457645
xtal_69.cif,./Al13Sc3N16/__initial__/193/xtal_69.cif,-24.160515,22.247929
xtal_7.cif,./Al13Sc3N16/193/xtal_7.cif,-68.48664,-1.4166489
xtal_70.cif,./Al13Sc3N16/193/xtal_70.cif,7.9091945,55.31377
xtal_71.cif,./Al13Sc3N16/193/xtal_71.cif,-27.621552,-7.9990997
xtal_72.cif,./Al13Sc3N16/193/xtal_72.cif,-82.65724,50.8865
xtal_73.cif,./Al13Sc3N16/__initial__/193/xtal_73.cif,-61.65787,30.313707
xtal_74.cif,./Al13Sc3N16/__initial__/193/xtal_74.cif,-1.1973729,29.176332
xtal_75.cif,./Al13Sc3N16/__initial__/193/xtal_75.cif,-64.29058,27.437721
xtal_76.cif,./Al13Sc3N16/193/xtal_76.cif,-27.114761,-53.895653
xtal_77.cif,./Al13Sc3N16/193/xtal_77.cif,-14.158175,-38.436924
xtal_78.cif,./Al13Sc3N16/193/xtal_78.cif,19.67396,-1.5406587
xtal_79.cif,./Al13Sc3N16/__initial__/193/xtal_79.cif,-31.151104,9.250748
xtal_8.cif,./Al13Sc3N16/193/xtal_8.cif,-71.50181,26.770525
xtal_80.cif,./Al13Sc3N16/193/xtal_80.cif,-83.73772,24.938263
xtal_81.cif,./Al13Sc3N16/__initial__/193/xtal_81.cif,-78.08414,70.52072
xtal_82.cif,./Al13Sc3N16/__initial__/193/xtal_82.cif,-1.0325166,47.94464
xtal_83.cif,./Al13Sc3N16/193/xtal_83.cif,-78.24155,2.8710673
xtal_84.cif,./Al13Sc3N16/193/xtal_84.cif,-85.23807,18.847218
xtal_85.cif,./Al13Sc3N16/__initial__/193/xtal_85.cif,-58.49965,7.270802
xtal_86.cif,./Al13Sc3N16/__initial__/193/xtal_86.cif,-9.716546,-11.626822
xtal_87.cif,./Al13Sc3N16/193/xtal_87.cif,-60.465385,60.57739
xtal_88.cif,./Al13Sc3N16/__initial__/193/xtal_88.cif,-84.23138,38.8804
xtal_89.cif,./Al13Sc3N16/__initial__/193/xtal_89.cif,-83.01186,1.5387084
xtal_9.cif,./Al13Sc3N16/__initial__/193/xtal_9.cif,-42.828312,-15.123222
xtal_90.cif,./Al13Sc3N16/__initial__/193/xtal_90.cif,-86.11088,25.315714
xtal_91.cif,./Al13Sc3N16/193/xtal_91.cif,38.47635,30.982828
xtal_92.cif,./Al13Sc3N16/193/xtal_92.cif,-69.21888,-45.98691
xtal_93.cif,./Al13Sc3N16/__initial__/193/xtal_93.cif,-19.4079,33.514824
xtal_94.cif,./Al13Sc3N16/__initial__/193/xtal_94.cif,-75.6499,52.061466
xtal_95.cif,./Al13Sc3N16/193/xtal_95.cif,-62.32426,69.56676
xtal_96.cif,./Al13Sc3N16/193/xtal_96.cif,-18.030556,-7.7640276
xtal_97.cif,./Al13Sc3N16/__initial__/193/xtal_97.cif,-5.225376,31.440817
xtal_98.cif,./Al13Sc3N16/193/xtal_98.cif,-9.963062,37.490444
xtal_99.cif,./Al13Sc3N16/__initial__/193/xtal_99.cif,63.347122,51.21676
xtal_1.cif,./Al13Sc3N16/__initial__/194/xtal_1.cif,13.388143,-27.686567
xtal_10.cif,./Al13Sc3N16/__initial__/194/xtal_10.cif,-72.37825,56.14491
xtal_100.cif,./Al13Sc3N16/__initial__/194/xtal_100.cif,29.75767,88.04839
xtal_11.cif,./Al13Sc3N16/__initial__/194/xtal_11.cif,-48.39258,-44.330517
xtal_12.cif,./Al13Sc3N16/__initial__/194/xtal_12.cif,-33.19692,79.60106
xtal_13.cif,./Al13Sc3N16/__initial__/194/xtal_13.cif,-61.847427,47.70371
xtal_14.cif,./Al13Sc3N16/194/xtal_14.cif,3.6750631,-3.5718489
xtal_15.cif,./Al13Sc3N16/__initial__/194/xtal_15.cif,-50.50404,73.07091
xtal_16.cif,./Al13Sc3N16/194/xtal_16.cif,20.355297,58.969692
xtal_17.cif,./Al13Sc3N16/__initial__/194/xtal_17.cif,-71.483116,45.64093
xtal_18.cif,./Al13Sc3N16/194/xtal_18.cif,47.684452,67.07984
xtal_19.cif,./Al13Sc3N16/__initial__/194/xtal_19.cif,-20.714916,13.784106
xtal_2.cif,./Al13Sc3N16/__initial__/194/xtal_2.cif,-69.760185,13.113744
xtal_20.cif,./Al13Sc3N16/194/xtal_20.cif,7.2418303,92.68366
xtal_21.cif,./Al13Sc3N16/__initial__/194/xtal_21.cif,25.057512,77.66282
xtal_22.cif,./Al13Sc3N16/__initial__/194/xtal_22.cif,39.4787,56.85994
xtal_23.cif,./Al13Sc3N16/194/xtal_23.cif,-5.5842676,-56.410706
xtal_24.cif,./Al13Sc3N16/194/xtal_24.cif,7.6004786,13.602908
xtal_25.cif,./Al13Sc3N16/194/xtal_25.cif,-59.161274,33.536686
xtal_26.cif,./Al13Sc3N16/194/xtal_26.cif,-16.886896,27.8218
xtal_27.cif,./Al13Sc3N16/__initial__/194/xtal_27.cif,-34.20987,-1.8383082
xtal_28.cif,./Al13Sc3N16/__initial__/194/xtal_28.cif,63.37644,66.6289
xtal_29.cif,./Al13Sc3N16/194/xtal_29.cif,6.984933,-20.037289
xtal_3.cif,./Al13Sc3N16/194/xtal_3.cif,-69.43291,-38.897385
xtal_30.cif,./Al13Sc3N16/__initial__/194/xtal_30.cif,-59.83549,-43.595516
xtal_31.cif,./Al13Sc3N16/194/xtal_31.cif,-41.489273,37.88532
xtal_32.cif,./Al13Sc3N16/194/xtal_32.cif,-26.564209,-0.0709249
xtal_33.cif,./Al13Sc3N16/194/xtal_33.cif,-11.318298,-8.63318
xtal_34.cif,./Al13Sc3N16/__initial__/194/xtal_34.cif,-23.5749,5.8956323
xtal_35.cif,./Al13Sc3N16/194/xtal_35.cif,-25.676558,31.373648
xtal_36.cif,./Al13Sc3N16/__initial__/194/xtal_36.cif,1.1545562,63.97794
xtal_37.cif,./Al13Sc3N16/194/xtal_37.cif,-71.06387,17.541153
xtal_38.cif,./Al13Sc3N16/__initial__/194/xtal_38.cif,12.228693,69.75367
xtal_39.cif,./Al13Sc3N16/194/xtal_39.cif,31.11729,70.122856
xtal_4.cif,./Al13Sc3N16/__initial__/194/xtal_4.cif,3.3105536,3.9822872
xtal_40.cif,./Al13Sc3N16/__initial__/194/xtal_40.cif,-59.854103,12.424549
xtal_41.cif,./Al13Sc3N16/__initial__/194/xtal_41.cif,-1.5091423,13.808107
xtal_42.cif,./Al13Sc3N16/194/xtal_42.cif,20.111195,-5.2723393
xtal_43.cif,./Al13Sc3N16/194/xtal_43.cif,-105.23231,-27.53429
xtal_44.cif,./Al13Sc3N16/194/xtal_44.cif,52.600025,34.466766
xtal_45.cif,./Al13Sc3N16/194/xtal_45.cif,-21.39949,-48.10766
xtal_46.cif,./Al13Sc3N16/194/xtal_46.cif,32.138466,35.093998
xtal_47.cif,./Al13Sc3N16/194/xtal_47.cif,-72.45846,55.499916
xtal_48.cif,./Al13Sc3N16/__initial__/194/xtal_48.cif,-48.472385,58.680977
xtal_49.cif,./Al13Sc3N16/__initial__/194/xtal_49.cif,-22.638721,-18.241365
xtal_5.cif,./Al13Sc3N16/__initial__/194/xtal_5.cif,-40.4789,80.56039
xtal_50.cif,./Al13Sc3N16/__initial__/194/xtal_50.cif,-53.24357,-41.220158
xtal_51.cif,./Al13Sc3N16/__initial__/194/xtal_51.cif,-61.1605,69.9424
xtal_52.cif,./Al13Sc3N16/194/xtal_52.cif,0.8560605,-27.641737
xtal_53.cif,./Al13Sc3N16/194/xtal_53.cif,-74.89758,32.53612
xtal_54.cif,./Al13Sc3N16/194/xtal_54.cif,-27.66657,-55.882553
xtal_55.cif,./Al13Sc3N16/194/xtal_55.cif,31.726845,80.7461
xtal_56.cif,./Al13Sc3N16/194/xtal_56.cif,-42.330303,82.27449
xtal_57.cif,./Al13Sc3N16/__initial__/194/xtal_57.cif,-12.562495,-5.794202
xtal_58.cif,./Al13Sc3N16/__initial__/194/xtal_58.cif,-64.05368,45.749386
xtal_59.cif,./Al13Sc3N16/194/xtal_59.cif,-69.054375,14.434196
xtal_6.cif,./Al13Sc3N16/__initial__/194/xtal_6.cif,-34.881374,80.512276
xtal_60.cif,./Al13Sc3N16/__initial__/194/xtal_60.cif,-61.553837,7.548486
xtal_61.cif,./Al13Sc3N16/194/xtal_61.cif,-45.686108,26.262472
xtal_62.cif,./Al13Sc3N16/194/xtal_62.cif,-72.90071,-18.70017
xtal_63.cif,./Al13Sc3N16/__initial__/194/xtal_63.cif,-52.69432,37.512047
xtal_64.cif,./Al13Sc3N16/__initial__/194/xtal_64.cif,63.230927,57.812893
xtal_65.cif,./Al13Sc3N16/__initial__/194/xtal_65.cif,-0.018684356,-0.26610392
xtal_66.cif,./Al13Sc3N16/__initial__/194/xtal_66.cif,-0.37233445,-34.74139
xtal_67.cif,./Al13Sc3N16/194/xtal_67.cif,-25.75378,86.08273
xtal_68.cif,./Al13Sc3N16/194/xtal_68.cif,-48.560284,-13.72726
xtal_69.cif,./Al13Sc3N16/194/xtal_69.cif,-74.77168,28.092686
xtal_7.cif,./Al13Sc3N16/194/xtal_7.cif,-37.814728,41.65437
xtal_70.cif,./Al13Sc3N16/__initial__/194/xtal_70.cif,32.68595,50.128487
xtal_71.cif,./Al13Sc3N16/194/xtal_71.cif,41.98285,8.983584
xtal_72.cif,./Al13Sc3N16/194/xtal_72.cif,-37.970814,-34.551414
xtal_73.cif,./Al13Sc3N16/194/xtal_73.cif,-31.708519,-53.52305
xtal_74.cif,./Al13Sc3N16/194/xtal_74.cif,58.797707,47.946312
xtal_75.cif,./Al13Sc3N16/194/xtal_75.cif,-18.12316,0.11759191
xtal_76.cif,./Al13Sc3N16/194/xtal_76.cif,26.305035,2.6898522
xtal_77.cif,./Al13Sc3N16/194/xtal_77.cif,-29.667942,86.11593
xtal_78.cif,./Al13Sc3N16/194/xtal_78.cif,40.924904,35.731438
xtal_79.cif,./Al13Sc3N16/194/xtal_79.cif,-60.597572,31.42893
xtal_8.cif,./Al13Sc3N16/194/xtal_8.cif,-15.207093,-36.31559
xtal_80.cif,./Al13Sc3N16/__initial__/194/xtal_80.cif,-18.038443,32.643974
xtal_81.cif,./Al13Sc3N16/__initial__/194/xtal_81.cif,-78.111664,14.696291
xtal_82.cif,./Al13Sc3N16/194/xtal_82.cif,21.892593,50.297638
xtal_83.cif,./Al13Sc3N16/194/xtal_83.cif,-34.147522,-24.535137
xtal_84.cif,./Al13Sc3N16/__initial__/194/xtal_84.cif,14.305433,15.253308
xtal_85.cif,./Al13Sc3N16/194/xtal_85.cif,-61.624584,29.523178
xtal_86.cif,./Al13Sc3N16/194/xtal_86.cif,-94.99173,-46.303402
xtal_87.cif,./Al13Sc3N16/__initial__/194/xtal_87.cif,-2.053204,21.929781
xtal_88.cif,./Al13Sc3N16/__initial__/194/xtal_88.cif,-20.545753,90.91708
xtal_89.cif,./Al13Sc3N16/__initial__/194/xtal_89.cif,-38.301567,-27.11641
xtal_9.cif,./Al13Sc3N16/__initial__/194/xtal_9.cif,-87.93572,24.797848
xtal_90.cif,./Al13Sc3N16/194/xtal_90.cif,-5.745793,-40.39615
xtal_91.cif,./Al13Sc3N16/__initial__/194/xtal_91.cif,-33.00029,-51.833824
xtal_92.cif,./Al13Sc3N16/194/xtal_92.cif,-82.58227,33.805683
xtal_93.cif,./Al13Sc3N16/__initial__/194/xtal_93.cif,-50.324112,-16.474903
xtal_94.cif,./Al13Sc3N16/__initial__/194/xtal_94.cif,-80.07877,18.69928
xtal_95.cif,./Al13Sc3N16/194/xtal_95.cif,-8.774378,83.17503
xtal_96.cif,./Al13Sc3N16/__initial__/194/xtal_96.cif,-105.86932,4.130892
xtal_97.cif,./Al13Sc3N16/194/xtal_97.cif,-76.38337,-8.475297
xtal_98.cif,./Al13Sc3N16/194/xtal_98.cif,12.335863,59.62507
xtal_99.cif,./Al13Sc3N16/194/xtal_99.cif,-29.345026,-14.978766
xtal_1.cif,./Al13Sc3N16/195/xtal_1.cif,48.196804,-56.488518
xtal_10.cif,./Al13Sc3N16/__initial__/195/xtal_10.cif,50.80008,-71.43035
xtal_100.cif,./Al13Sc3N16/195/xtal_100.cif,35.378498,-71.84159
xtal_11.cif,./Al13Sc3N16/195/xtal_11.cif,-32.23929,57.209602
xtal_12.cif,./Al13Sc3N16/__initial__/195/xtal_12.cif,-36.890545,80.35334
xtal_13.cif,./Al13Sc3N16/__initial__/195/xtal_13.cif,6.8663144,80.27757
xtal_14.cif,./Al13Sc3N16/__initial__/195/xtal_14.cif,36.778713,-81.7521
xtal_15.cif,./Al13Sc3N16/195/xtal_15.cif,28.169952,4.5413656
xtal_16.cif,./Al13Sc3N16/__initial__/195/xtal_16.cif,55.19034,-8.546908
xtal_17.cif,./Al13Sc3N16/195/xtal_17.cif,33.51407,92.361916
xtal_18.cif,./Al13Sc3N16/__initial__/195/xtal_18.cif,15.668724,-77.892685
xtal_19.cif,./Al13Sc3N16/195/xtal_19.cif,28.091606,-64.41751
xtal_2.cif,./Al13Sc3N16/__initial__/195/xtal_2.cif,66.3045,-81.18981
xtal_20.cif,./Al13Sc3N16/__initial__/195/xtal_20.cif,-2.1842997,22.036024
xtal_21.cif,./Al13Sc3N16/__initial__/195/xtal_21.cif,-50.096024,76.172806
xtal_22.cif,./Al13Sc3N16/__initial__/195/xtal_22.cif,37.12305,-80.69322
xtal_23.cif,./Al13Sc3N16/__initial__/195/xtal_23.cif,95.71682,22.909166
xtal_24.cif,./Al13Sc3N16/__initial__/195/xtal_24.cif,-55.083157,76.15468
xtal_25.cif,./Al13Sc3N16/__initial__/195/xtal_25.cif,54.24604,-69.894844
xtal_26.cif,./Al13Sc3N16/195/xtal_26.cif,-13.162333,7.4331474
xtal_27.cif,./Al13Sc3N16/__initial__/195/xtal_27.cif,-35.560165,11.285163
xtal_28.cif,./Al13Sc3N16/195/xtal_28.cif,-58.472775,86.82111
xtal_29.cif,./Al13Sc3N16/195/xtal_29.cif,62.43141,54.187103
xtal_3.cif,./Al13Sc3N16/195/xtal_3.cif,-0.7533283,-0.27501556
xtal_30.cif,./Al13Sc3N16/195/xtal_30.cif,45.878075,-83.49956
xtal_31.cif,./Al13Sc3N16/__initial__/195/xtal_31.cif,-70.447586,-6.462402
xtal_32.cif,./Al13Sc3N16/195/xtal_32.cif,70.71082,-84.22526
xtal_33.cif,./Al13Sc3N16/195/xtal_33.cif,48.67468,-50.036552
xtal_34.cif,./Al13Sc3N16/__initial__/195/xtal_34.cif,95.51728,-18.46185
xtal_35.cif,./Al13Sc3N16/__initial__/195/xtal_35.cif,47.151913,-56.488655
xtal_36.cif,./Al13Sc3N16/195/xtal_36.cif,93.59955,7.83824
xtal_37.cif,./Al13Sc3N16/195/xtal_37.cif,57.203445,-29.227793
xtal_38.cif,./Al13Sc3N16/__initial__/195/xtal_38.cif,-73.02603,-61.752823
xtal_39.cif,./Al13Sc3N16/195/xtal_39.cif,-19.771713,60.075977
xtal_4.cif,./Al13Sc3N16/__initial__/195/xtal_4.cif,45.73726,-59.357845
xtal_40.cif,./Al13Sc3N16/__initial__/195/xtal_40.cif,70.48301,-88.22981
xtal_41.cif,./Al13Sc3N16/__initial__/195/xtal_41.cif,-49.109657,17.484034
xtal_42.cif,./Al13Sc3N16/195/xtal_42.cif,48.56188,76.502144
xtal_43.cif,./Al13Sc3N16/195/xtal_43.cif,45.927708,-51.703484
xtal_44.cif,./Al13Sc3N16/__initial__/195/xtal_44.cif,66.517815,-81.4539
xtal_45.cif,./Al13Sc3N16/195/xtal_45.cif,-9.175705,-13.3251295
xtal_46.cif,./Al13Sc3N16/__initial__/195/xtal_46.cif,-92.77928,-43.867287
xtal_47.cif,./Al13Sc3N16/__initial__/195/xtal_47.cif,17.60405,75.18933
xtal_48.cif,./Al13Sc3N16/195/xtal_48.cif,41.79006,20.680504
xtal_49.cif,./Al13Sc3N16/195/xtal_49.cif,-64.853546,76.75069
xtal_5.cif,./Al13Sc3N16/195/xtal_5.cif,66.07168,-81.70039
xtal_50.cif,./Al13Sc3N16/195/xtal_50.cif,-13.743876,6.1188755
xtal_51.cif,./Al13Sc3N16/__initial__/195/xtal_51.cif,40.08376,-86.50142
xtal_52.cif,./Al13Sc3N16/195/xtal_52.cif,54.512096,-71.27567
xtal_53.cif,./Al13Sc3N16/195/xtal_53.cif,36.67218,-71.30854
xtal_54.cif,./Al13Sc3N16/195/xtal_54.cif,62.684063,-72.973755
xtal_55.cif,./Al13Sc3N16/__initial__/195/xtal_55.cif,74.89526,15.651412
xtal_56.cif,./Al13Sc3N16/__initial__/195/xtal_56.cif,93.70611,7.5544515
xtal_57.cif,./Al13Sc3N16/__initial__/195/xtal_57.cif,75.437004,14.609487
xtal_58.cif,./Al13Sc3N16/__initial__/195/xtal_58.cif,74.57131,54.582985
xtal_59.cif,./Al13Sc3N16/195/xtal_59.cif,40.62568,-45.65102
xtal_6.cif,./Al13Sc3N16/__initial__/195/xtal_6.cif,-56.517933,-24.456783
xtal_60.cif,./Al13Sc3N16/__initial__/195/xtal_60.cif,62.446754,53.15636
xtal_61.cif,./Al13Sc3N16/195/xtal_61.cif,45.530018,-59.57549
xtal_62.cif,./Al13Sc3N16/195/xtal_62.cif,-8.16668,-27.986816
xtal_63.cif,./Al13Sc3N16/195/xtal_63.cif,18.34506,-63.474503
xtal_64.cif,./Al13Sc3N16/__initial__/195/xtal_64.cif,-40.788307,-6.046238
xtal_65.cif,./Al13Sc3N16/195/xtal_65.cif,-40.80451,-5.5273986
xtal_66.cif,./Al13Sc3N16/__initial__/195/xtal_66.cif,82.638756,18.430267
xtal_67.cif,./Al13Sc3N16/__initial__/195/xtal_67.cif,51.25154,-73.58008
xtal_68.cif,./Al13Sc3N16/__initial__/195/xtal_68.cif,-98.69675,-2.3045442
xtal_69.cif,./Al13Sc3N16/195/xtal_69.cif,-32.406223,-32.545773
xtal_7.cif,./Al13Sc3N16/195/xtal_7.cif,7.9082913,12.565521
xtal_70.cif,./Al13Sc3N16/195/xtal_70.cif,-11.960627,4.5836434
xtal_71.cif,./Al13Sc3N16/195/xtal_71.cif,99.6149,-3.3545523
xtal_72.cif,./Al13Sc3N16/195/xtal_72.cif,33.714886,-91.87353
xtal_73.cif,./Al13Sc3N16/195/xtal_73.cif,39.573048,-20.190966
xtal_74.cif,./Al13Sc3N16/195/xtal_74.cif,59.157825,-21.287971
xtal_75.cif,./Al13Sc3N16/__initial__/195/xtal_75.cif,37.80806,-81.0661
xtal_76.cif,./Al13Sc3N16/195/xtal_76.cif,42.118553,-66.160645
xtal_77.cif,./Al13Sc3N16/__initial__/195/xtal_77.cif,-20.60306,-62.555183
xtal_78.cif,./Al13Sc3N16/__initial__/195/xtal_78.cif,38.429485,-81.806
xtal_79.cif,./Al13Sc3N16/__initial__/195/xtal_79.cif,-34.224705,14.223296
xtal_8.cif,./Al13Sc3N16/__initial__/195/xtal_8.cif,4.0954075,95.5761
xtal_80.cif,./Al13Sc3N16/195/xtal_80.cif,80.10692,-5.702475
xtal_81.cif,./Al13Sc3N16/195/xtal_81.cif,-23.778843,-45.352467
xtal_82.cif,./Al13Sc3N16/195/xtal_82.cif,-1.8073702,0.33465746
xtal_83.cif,./Al13Sc3N16/__initial__/195/xtal_83.cif,-65.90455,80.33024
xtal_84.cif,./Al13Sc3N16/__initial__/195/xtal_84.cif,-60.963417,-13.290551
xtal_85.cif,./Al13Sc3N16/__initial__/195/xtal_85.cif,2.9687874,19.650524
xtal_86.cif,./Al13Sc3N16/__initial__/195/xtal_86.cif,-66.79117,80.61068
xtal_87.cif,./Al13Sc3N16/195/xtal_87.cif,-43.150772,-10.734518
xtal_88.cif,./Al13Sc3N16/__initial__/195/xtal_88.cif,28.591747,-8.644826
xtal_89.cif,./Al13Sc3N16/195/xtal_89.cif,66.33539,-64.91177
xtal_9.cif,./Al13Sc3N16/195/xtal_9.cif,-12.228683,59.528717
xtal_90.cif,./Al13Sc3N16/195/xtal_90.cif,34.121567,-86.34476
xtal_91.cif,./Al13Sc3N16/__initial__/195/xtal_91.cif,-59.46753,84.63272
xtal_92.cif,./Al13Sc3N16/195/xtal_92.cif,38.46848,-94.821884
xtal_93.cif,./Al13Sc3N16/195/xtal_93.cif,66.04192,33.20754
xtal_94.cif,./Al13Sc3N16/__initial__/195/xtal_94.cif,55.250397,-68.71776
xtal_95.cif,./Al13Sc3N16/195/xtal_95.cif,5.636215,-31.722208
xtal_96.cif,./Al13Sc3N16/195/xtal_96.cif,-98.31943,-8.575022
xtal_97.cif,./Al13Sc3N16/__initial__/195/xtal_97.cif,-40.164562,88.43122
xtal_98.cif,./Al13Sc3N16/__initial__/195/xtal_98.cif,90.05547,12.582866
xtal_99.cif,./Al13Sc3N16/__initial__/195/xtal_99.cif,-47.525406,-58.709568
xtal_1.cif,./Al13Sc3N16/__initial__/197/xtal_1.cif,-43.40664,-66.76968
xtal_10.cif,./Al13Sc3N16/__initial__/197/xtal_10.cif,43.67239,81.37542
xtal_100.cif,./Al13Sc3N16/__initial__/197/xtal_100.cif,85.36091,20.048958
xtal_11.cif,./Al13Sc3N16/197/xtal_11.cif,-26.295366,18.977499
xtal_12.cif,./Al13Sc3N16/197/xtal_12.cif,18.657028,-45.28275
xtal_13.cif,./Al13Sc3N16/__initial__/197/xtal_13.cif,-62.677044,87.783936
xtal_14.cif,./Al13Sc3N16/197/xtal_14.cif,51.51272,-18.20828
xtal_15.cif,./Al13Sc3N16/__initial__/197/xtal_15.cif,-33.62676,16.513191
xtal_16.cif,./Al13Sc3N16/197/xtal_16.cif,55.888485,39.501144
xtal_17.cif,./Al13Sc3N16/197/xtal_17.cif,46.01766,-58.774178
xtal_18.cif,./Al13Sc3N16/197/xtal_18.cif,-27.111324,61.214855
xtal_19.cif,./Al13Sc3N16/__initial__/197/xtal_19.cif,-14.190075,16.14995
xtal_2.cif,./Al13Sc3N16/197/xtal_2.cif,-15.83728,-10.841529
xtal_20.cif,./Al13Sc3N16/__initial__/197/xtal_20.cif,-56.02816,82.63084
xtal_21.cif,./Al13Sc3N16/197/xtal_21.cif,-24.348934,-61.363182
xtal_22.cif,./Al13Sc3N16/197/xtal_22.cif,8.348509,-57.30191
xtal_23.cif,./Al13Sc3N16/197/xtal_23.cif,-16.792713,-41.28825
xtal_24.cif,./Al13Sc3N16/__initial__/197/xtal_24.cif,43.78099,-29.286556
xtal_25.cif,./Al13Sc3N16/__initial__/197/xtal_25.cif,-55.519154,81.94414
xtal_26.cif,./Al13Sc3N16/197/xtal_26.cif,-16.881447,-41.179913
xtal_27.cif,./Al13Sc3N16/197/xtal_27.cif,55.565174,-2.796764
xtal_28.cif,./Al13Sc3N16/197/xtal_28.cif,86.86911,14.277007
xtal_29.cif,./Al13Sc3N16/__initial__/197/xtal_29.cif,22.732538,11.5908985
xtal_3.cif,./Al13Sc3N16/__initial__/197/xtal_3.cif,65.705605,-72.993164
xtal_30.cif,./Al13Sc3N16/197/xtal_30.cif,30.65283,11.490239
xtal_31.cif,./Al13Sc3N16/197/xtal_31.cif,5.1248164,90.647316
xtal_32.cif,./Al13Sc3N16/197/xtal_32.cif,-6.9061656,-20.713696
xtal_33.cif,./Al13Sc3N16/197/xtal_33.cif,31.480007,11.418984
xtal_34.cif,./Al13Sc3N16/197/xtal_34.cif,-65.823555,82.570816
xtal_35.cif,./Al13Sc3N16/197/xtal_35.cif,-44.352783,-24.498856
xtal_36.cif,./Al13Sc3N16/197/xtal_36.cif,13.543182,-42.069057
xtal_37.cif,./Al13Sc3N16/197/xtal_37.cif,-35.31673,-31.985176
xtal_38.cif,./Al13Sc3N16/197/xtal_38.cif,52.697002,2.3292892
xtal_39.cif,./Al13Sc3N16/197/xtal_39.cif,-43.425346,-12.684624
xtal_4.cif,./Al13Sc3N16/197/xtal_4.cif,-29.256138,69.623085
xtal_40.cif,./Al13Sc3N16/__initial__/197/xtal_40.cif,-57.973846,2.49756
xtal_41.cif,./Al13Sc3N16/__initial__/197/xtal_41.cif,-55.833973,-44.393642
xtal_42.cif,./Al13Sc3N16/__initial__/197/xtal_42.cif,-39.802284,11.554311
xtal_43.cif,./Al13Sc3N16/__initial__/197/xtal_43.cif,66.426765,-72.612854
xtal_44.cif,./Al13Sc3N16/197/xtal_44.cif,42.072327,-90.06716
xtal_45.cif,./Al13Sc3N16/__initial__/197/xtal_45.cif,55.554504,-2.8484437
xtal_46.cif,./Al13Sc3N16/197/xtal_46.cif,75.32246,59.592297
xtal_47.cif,./Al13Sc3N16/197/xtal_47.cif,43.36727,-65.03686
xtal_48.cif,./Al13Sc3N16/__initial__/197/xtal_48.cif,-21.685614,-52.742455
xtal_49.cif,./Al13Sc3N16/__initial__/197/xtal_49.cif,-9.04514,60.563
xtal_5.cif,./Al13Sc3N16/__initial__/197/xtal_5.cif,-49.019382,-30.041727
xtal_50.cif,./Al13Sc3N16/197/xtal_50.cif,48.506832,-86.58209
xtal_51.cif,./Al13Sc3N16/197/xtal_51.cif,-44.47587,6.186963
xtal_52.cif,./Al13Sc3N16/__initial__/197/xtal_52.cif,-104.717514,6.6457906
xtal_53.cif,./Al13Sc3N16/__initial__/197/xtal_53.cif,-59.702732,9.363499
xtal_54.cif,./Al13Sc3N16/197/xtal_54.cif,14.410579,-28.830645
xtal_55.cif,./Al13Sc3N16/197/xtal_55.cif,-16.30566,16.029446
xtal_56.cif,./Al13Sc3N16/__initial__/197/xtal_56.cif,60.38135,33.791397
xtal_57.cif,./Al13Sc3N16/__initial__/197/xtal_57.cif,57.79892,42.824944
xtal_58.cif,./Al13Sc3N16/197/xtal_58.cif,-25.794567,46.706387
xtal_59.cif,./Al13Sc3N16/197/xtal_59.cif,-29.369507,17.854818
xtal_6.cif,./Al13Sc3N16/__initial__/197/xtal_6.cif,-73.0957,76.12437
xtal_60.cif,./Al13Sc3N16/__initial__/197/xtal_60.cif,-16.261072,18.263157
xtal_61.cif,./Al13Sc3N16/197/xtal_61.cif,-31.314463,15.025555
xtal_62.cif,./Al13Sc3N16/197/xtal_62.cif,-7.7463975,59.593067
xtal_63.cif,./Al13Sc3N16/__initial__/197/xtal_63.cif,-13.302507,59.69105
xtal_64.cif,./Al13Sc3N16/__initial__/197/xtal_64.cif,-50.256893,80.21437
xtal_65.cif,./Al13Sc3N16/__initial__/197/xtal_65.cif,-78.63141,75.875786
xtal_66.cif,./Al13Sc3N16/197/xtal_66.cif,-17.372702,17.851837
xtal_67.cif,./Al13Sc3N16/__initial__/197/xtal_67.cif,-13.832755,-30.786106
xtal_68.cif,./Al13Sc3N16/197/xtal_68.cif,-57.9248,7.909873
xtal_69.cif,./Al13Sc3N16/__initial__/197/xtal_69.cif,-50.495853,-7.8617253
xtal_7.cif,./Al13Sc3N16/__initial__/197/xtal_7.cif,-44.33785,-11.65044
xtal_70.cif,./Al13Sc3N16/__initial__/197/xtal_70.cif,-16.205347,-18.205986
xtal_71.cif,./Al13Sc3N16/__initial__/197/xtal_71.cif,-97.39824,-26.00616
xtal_72.cif,./Al13Sc3N16/197/xtal_72.cif,43.372227,-12.672683
xtal_73.cif,./Al13Sc3N16/__initial__/197/xtal_73.cif,-57.62408,5.101271
xtal_74.cif,./Al13Sc3N16/197/xtal_74.cif,-8.770751,58.28281
xtal_75.cif,./Al13Sc3N16/__initial__/197/xtal_75.cif,-39.72708,37.583595
xtal_76.cif,./Al13Sc3N16/197/xtal_76.cif,45.598957,-32.472694
xtal_77.cif,./Al13Sc3N16/197/xtal_77.cif,-36.36843,10.213083
xtal_78.cif,./Al13Sc3N16/197/xtal_78.cif,98.252014,-12.569028
xtal_79.cif,./Al13Sc3N16/__initial__/197/xtal_79.cif,41.787636,-50.70301
xtal_8.cif,./Al13Sc3N16/197/xtal_8.cif,-31.795544,-36.163464
xtal_80.cif,./Al13Sc3N16/__initial__/197/xtal_80.cif,65.15433,-6.168187
xtal_81.cif,./Al13Sc3N16/__initial__/197/xtal_81.cif,52.482563,38.052235
xtal_82.cif,./Al13Sc3N16/197/xtal_82.cif,-73.41321,75.616356
xtal_83.cif,./Al13Sc3N16/197/xtal_83.cif,5.207857,87.76424
xtal_84.cif,./Al13Sc3N16/__initial__/197/xtal_84.cif,-33.450245,91.579185
xtal_85.cif,./Al13Sc3N16/__initial__/197/xtal_85.cif,19.614902,-14.76827
xtal_86.cif,./Al13Sc3N16/__initial__/197/xtal_86.cif,71.131256,65.9703
xtal_87.cif,./Al13Sc3N16/197/xtal_87.cif,-17.544718,-42.914387
xtal_88.cif,./Al13Sc3N16/197/xtal_88.cif,-36.38033,-29.508585
xtal_89.cif,./Al13Sc3N16/197/xtal_89.cif,-18.880579,-28.082594
xtal_9.cif,./Al13Sc3N16/__initial__/197/xtal_9.cif,-2.1485593,6.714909
xtal_90.cif,./Al13Sc3N16/__initial__/197/xtal_90.cif,-49.699703,8.331664
xtal_91.cif,./Al13Sc3N16/__initial__/197/xtal_91.cif,-59.539505,-22.219349
xtal_92.cif,./Al13Sc3N16/__initial__/197/xtal_92.cif,-14.457298,59.185528
xtal_93.cif,./Al13Sc3N16/__initial__/197/xtal_93.cif,-101.81879,-16.479704
xtal_94.cif,./Al13Sc3N16/__initial__/197/xtal_94.cif,-50.03781,9.995711
xtal_95.cif,./Al13Sc3N16/__initial__/197/xtal_95.cif,-15.636123,-11.572236
xtal_96.cif,./Al13Sc3N16/197/xtal_96.cif,-98.20087,-44.47712
xtal_97.cif,./Al13Sc3N16/__initial__/197/xtal_97.cif,-100.565216,-18.990168
xtal_98.cif,./Al13Sc3N16/197/xtal_98.cif,-13.364093,60.153923
xtal_99.cif,./Al13Sc3N16/__initial__/197/xtal_99.cif,-68.53085,82.52396
xtal_1.cif,./Al13Sc3N16/200/xtal_1.cif,7.7512474,18.354807
xtal_10.cif,./Al13Sc3N16/200/xtal_10.cif,33.893288,91.95707
xtal_100.cif,./Al13Sc3N16/__initial__/200/xtal_100.cif,20.77362,76.98651
xtal_11.cif,./Al13Sc3N16/200/xtal_11.cif,-49.33726,-22.709028
xtal_12.cif,./Al13Sc3N16/200/xtal_12.cif,-33.10758,54.418335
xtal_13.cif,./Al13Sc3N16/200/xtal_13.cif,-32.97712,56.819775
xtal_14.cif,./Al13Sc3N16/__initial__/200/xtal_14.cif,42.385612,52.203457
xtal_15.cif,./Al13Sc3N16/__initial__/200/xtal_15.cif,60.05447,55.027386
xtal_16.cif,./Al13Sc3N16/200/xtal_16.cif,5.0857306,26.412748
xtal_17.cif,./Al13Sc3N16/200/xtal_17.cif,-65.99337,77.621925
xtal_18.cif,./Al13Sc3N16/200/xtal_18.cif,-53.822895,7.850713
xtal_19.cif,./Al13Sc3N16/__initial__/200/xtal_19.cif,-18.827765,-47.2739
xtal_2.cif,./Al13Sc3N16/200/xtal_2.cif,-16.32054,74.91706
xtal_20.cif,./Al13Sc3N16/__initial__/200/xtal_20.cif,-34.412712,59.92912
xtal_21.cif,./Al13Sc3N16/200/xtal_21.cif,-20.34861,-43.202114
xtal_22.cif,./Al13Sc3N16/__initial__/200/xtal_22.cif,33.538685,35.63612
xtal_23.cif,./Al13Sc3N16/__initial__/200/xtal_23.cif,-45.487053,-65.33152
xtal_24.cif,./Al13Sc3N16/__initial__/200/xtal_24.cif,-33.351585,-72.09687
xtal_25.cif,./Al13Sc3N16/200/xtal_25.cif,7.53984,85.46403
xtal_26.cif,./Al13Sc3N16/__initial__/200/xtal_26.cif,9.329599,-10.845182
xtal_27.cif,./Al13Sc3N16/__initial__/200/xtal_27.cif,-33.944603,12.822721
xtal_28.cif,./Al13Sc3N16/__initial__/200/xtal_28.cif,-65.74651,75.79989
xtal_29.cif,./Al13Sc3N16/__initial__/200/xtal_29.cif,-59.594685,4.411066
xtal_3.cif,./Al13Sc3N16/__initial__/200/xtal_3.cif,-9.667112,93.37426
xtal_30.cif,./Al13Sc3N16/__initial__/200/xtal_30.cif,44.44312,26.72808
xtal_31.cif,./Al13Sc3N16/200/xtal_31.cif,-33.543755,57.499878
xtal_32.cif,./Al13Sc3N16/__initial__/200/xtal_32.cif,-57.308254,-19.795305
xtal_33.cif,./Al13Sc3N16/200/xtal_33.cif,-65.46792,79.51867
xtal_34.cif,./Al13Sc3N16/200/xtal_34.cif,-78.49053,-46.984894
xtal_35.cif,./Al13Sc3N16/__initial__/200/xtal_35.cif,-95.99275,-25.23015
xtal_36.cif,./Al13Sc3N16/__initial__/200/xtal_36.cif,-71.91961,-6.142519
xtal_37.cif,./Al13Sc3N16/__initial__/200/xtal_37.cif,-21.573421,74.20272
xtal_38.cif,./Al13Sc3N16/200/xtal_38.cif,-64.86985,76.68568
xtal_39.cif,./Al13Sc3N16/__initial__/200/xtal_39.cif,-58.238247,81.1615
xtal_4.cif,./Al13Sc3N16/__initial__/200/xtal_4.cif,-68.54533,76.62942
xtal_40.cif,./Al13Sc3N16/__initial__/200/xtal_40.cif,12.448295,-29.907112
xtal_41.cif,./Al13Sc3N16/__initial__/200/xtal_41.cif,-74.24123,75.5343
xtal_42.cif,./Al13Sc3N16/__initial__/200/xtal_42.cif,-49.506527,75.59209
xtal_43.cif,./Al13Sc3N16/200/xtal_43.cif,-20.676075,71.14746
xtal_44.cif,./Al13Sc3N16/__initial__/200/xtal_44.cif,18.943302,18.568344
xtal_45.cif,./Al13Sc3N16/__initial__/200/xtal_45.cif,-31.927187,57.462967
xtal_46.cif,./Al13Sc3N16/200/xtal_46.cif,-40.245655,-50.544266
xtal_47.cif,./Al13Sc3N16/__initial__/200/xtal_47.cif,-73.19634,-5.2547135
xtal_48.cif,./Al13Sc3N16/__initial__/200/xtal_48.cif,-100.86869,-2.3431504
xtal_49.cif,./Al13Sc3N16/__initial__/200/xtal_49.cif,-57.589985,83.029205
xtal_5.cif,./Al13Sc3N16/200/xtal_5.cif,-9.660893,67.518425
xtal_50.cif,./Al13Sc3N16/200/xtal_50.cif,-40.823444,-5.946032
xtal_51.cif,./Al13Sc3N16/200/xtal_51.cif,-4.170008,-15.358682
xtal_52.cif,./Al13Sc3N16/200/xtal_52.cif,-50.959724,13.143155
xtal_53.cif,./Al13Sc3N16/__initial__/200/xtal_53.cif,5.964906,-34.80977
xtal_54.cif,./Al13Sc3N16/__initial__/200/xtal_54.cif,-15.9625635,79.3666
xtal_55.cif,./Al13Sc3N16/__initial__/200/xtal_55.cif,-56.520706,24.798687
xtal_56.cif,./Al13Sc3N16/__initial__/200/xtal_56.cif,-19.880339,82.53347
xtal_57.cif,./Al13Sc3N16/200/xtal_57.cif,-51.14443,6.1703377
xtal_58.cif,./Al13Sc3N16/200/xtal_58.cif,19.229628,-5.343678
xtal_59.cif,./Al13Sc3N16/200/xtal_59.cif,-8.592791,-58.940823
xtal_6.cif,./Al13Sc3N16/200/xtal_6.cif,53.009216,44.971157
xtal_60.cif,./Al13Sc3N16/200/xtal_60.cif,22.884497,31.662302
xtal_61.cif,./Al13Sc3N16/200/xtal_61.cif,43.133167,13.01828
xtal_62.cif,./Al13Sc3N16/__initial__/200/xtal_62.cif,-79.67416,-62.272934
xtal_63.cif,./Al13Sc3N16/__initial__/200/xtal_63.cif,-14.429626,59.167015
xtal_64.cif,./Al13Sc3N16/200/xtal_64.cif,11.411732,-23.887886
xtal_65.cif,./Al13Sc3N16/200/xtal_65.cif,57.895164,64.28908
xtal_66.cif,./Al13Sc3N16/200/xtal_66.cif,-44.100086,-25.8049
xtal_67.cif,./Al13Sc3N16/__initial__/200/xtal_67.cif,-69.51142,86.13662
xtal_68.cif,./Al13Sc3N16/200/xtal_68.cif,-54.192562,76.24845
xtal_69.cif,./Al13Sc3N16/200/xtal_69.cif,19.193727,-5.2632113
xtal_7.cif,./Al13Sc3N16/200/xtal_7.cif,33.448112,39.697453
xtal_70.cif,./Al13Sc3N16/__initial__/200/xtal_70.cif,12.5322695,85.624725
xtal_71.cif,./Al13Sc3N16/200/xtal_71.cif,-25.505552,40.492676
xtal_72.cif,./Al13Sc3N16/__initial__/200/xtal_72.cif,-59.53461,9.24341
xtal_73.cif,./Al13Sc3N16/200/xtal_73.cif,26.75307,27.014908
xtal_74.cif,./Al13Sc3N16/200/xtal_74.cif,-7.52192,63.991505
xtal_75.cif,./Al13Sc3N16/200/xtal_75.cif,-10.136388,62.153465
xtal_76.cif,./Al13Sc3N16/__initial__/200/xtal_76.cif,-59.842327,-33.67533
xtal_77.cif,./Al13Sc3N16/__initial__/200/xtal_77.cif,-87.004616,-35.37077
xtal_78.cif,./Al13Sc3N16/200/xtal_78.cif,-30.295103,59.336536
xtal_79.cif,./Al13Sc3N16/__initial__/200/xtal_79.cif,-68.85891,79.077545
xtal_8.cif,./Al13Sc3N16/200/xtal_8.cif,46.000824,25.388817
xtal_80.cif,./Al13Sc3N16/__initial__/200/xtal_80.cif,10.89584,82.79795
xtal_81.cif,./Al13Sc3N16/__initial__/200/xtal_81.cif,-18.900036,-27.420969
xtal_82.cif,./Al13Sc3N16/__initial__/200/xtal_82.cif,31.405678,85.888824
xtal_83.cif,./Al13Sc3N16/__initial__/200/xtal_83.cif,-56.163746,84.13959
xtal_84.cif,./Al13Sc3N16/200/xtal_84.cif,-31.492657,-37.97764
xtal_85.cif,./Al13Sc3N16/__initial__/200/xtal_85.cif,-56.30376,78.54769
xtal_86.cif,./Al13Sc3N16/__initial__/200/xtal_86.cif,-16.685276,5.9049416
xtal_87.cif,./Al13Sc3N16/200/xtal_87.cif,8.466209,-10.948287
xtal_88.cif,./Al13Sc3N16/__initial__/200/xtal_88.cif,-19.534595,39.39257
xtal_89.cif,./Al13Sc3N16/200/xtal_89.cif,28.592873,-5.1134753
xtal_9.cif,./Al13Sc3N16/200/xtal_9.cif,-58.74595,80.03171
xtal_90.cif,./Al13Sc3N16/200/xtal_90.cif,-9.141289,54.712467
xtal_91.cif,./Al13Sc3N16/200/xtal_91.cif,-28.823742,69.245575
xtal_92.cif,./Al13Sc3N16/200/xtal_92.cif,1.472556,-1.893244
xtal_93.cif,./Al13Sc3N16/200/xtal_93.cif,24.119162,7.2751837
xtal_94.cif,./Al13Sc3N16/200/xtal_94.cif,-21.516933,67.85536
xtal_95.cif,./Al13Sc3N16/__initial__/200/xtal_95.cif,-38.792645,28.935211
xtal_96.cif,./Al13Sc3N16/__initial__/200/xtal_96.cif,-67.08211,81.443275
xtal_97.cif,./Al13Sc3N16/200/xtal_97.cif,-64.16661,80.11531
xtal_98.cif,./Al13Sc3N16/200/xtal_98.cif,-55.82625,26.670639
xtal_99.cif,./Al13Sc3N16/__initial__/200/xtal_99.cif,57.803993,42.310932
xtal_1.cif,./Al13Sc3N16/__initial__/201/xtal_1.cif,-16.012697,-11.184976
xtal_10.cif,./Al13Sc3N16/201/xtal_10.cif,-16.256622,20.437376
xtal_100.cif,./Al13Sc3N16/__initial__/201/xtal_100.cif,-35.58044,-37.409286
xtal_11.cif,./Al13Sc3N16/__initial__/201/xtal_11.cif,-20.369448,45.233013
xtal_12.cif,./Al13Sc3N16/201/xtal_12.cif,-22.653883,16.493172
xtal_13.cif,./Al13Sc3N16/__initial__/201/xtal_13.cif,-40.883247,92.58029
xtal_14.cif,./Al13Sc3N16/__initial__/201/xtal_14.cif,6.0899253,81.61825
xtal_15.cif,./Al13Sc3N16/__initial__/201/xtal_15.cif,61.836395,50.662064
xtal_16.cif,./Al13Sc3N16/__initial__/201/xtal_16.cif,57.09826,53.254715
xtal_17.cif,./Al13Sc3N16/__initial__/201/xtal_17.cif,-51.730797,-24.519524
xtal_18.cif,./Al13Sc3N16/__initial__/201/xtal_18.cif,-6.654203,6.955832
xtal_19.cif,./Al13Sc3N16/__initial__/201/xtal_19.cif,-64.4247,91.41171
xtal_2.cif,./Al13Sc3N16/__initial__/201/xtal_2.cif,-73.498055,71.90761
xtal_20.cif,./Al13Sc3N16/__initial__/201/xtal_20.cif,-1.5282192,60.52298
xtal_21.cif,./Al13Sc3N16/201/xtal_21.cif,23.749714,28.645838
xtal_22.cif,./Al13Sc3N16/__initial__/201/xtal_22.cif,-7.356435,34.528522
xtal_23.cif,./Al13Sc3N16/201/xtal_23.cif,49.11585,33.953274
xtal_24.cif,./Al13Sc3N16/__initial__/201/xtal_24.cif,-31.279987,61.949596
xtal_25.cif,./Al13Sc3N16/201/xtal_25.cif,8.02441,-15.0171995
xtal_26.cif,./Al13Sc3N16/201/xtal_26.cif,61.45052,56.292114
xtal_27.cif,./Al13Sc3N16/__initial__/201/xtal_27.cif,29.80197,89.84481
xtal_28.cif,./Al13Sc3N16/201/xtal_28.cif,5.6065736,80.27952
xtal_29.cif,./Al13Sc3N16/__initial__/201/xtal_29.cif,11.581945,75.690025
xtal_3.cif,./Al13Sc3N16/201/xtal_3.cif,-45.732487,-26.501255
xtal_30.cif,./Al13Sc3N16/201/xtal_30.cif,-8.98516,58.678764
xtal_31.cif,./Al13Sc3N16/201/xtal_31.cif,18.592392,-15.524264
xtal_32.cif,./Al13Sc3N16/__initial__/201/xtal_32.cif,7.6706376,85.32888
xtal_33.cif,./Al13Sc3N16/201/xtal_33.cif,-11.919895,59.573475
xtal_34.cif,./Al13Sc3N16/__initial__/201/xtal_34.cif,-75.14092,-32.65451
xtal_35.cif,./Al13Sc3N16/__initial__/201/xtal_35.cif,-8.049067,-45.97025
xtal_36.cif,./Al13Sc3N16/__initial__/201/xtal_36.cif,-21.354467,55.709503
xtal_37.cif,./Al13Sc3N16/201/xtal_37.cif,-15.569446,79.8931
xtal_38.cif,./Al13Sc3N16/__initial__/201/xtal_38.cif,58.678104,66.52095
xtal_39.cif,./Al13Sc3N16/201/xtal_39.cif,-18.504288,-39.681747
xtal_4.cif,./Al13Sc3N16/201/xtal_4.cif,8.164082,-17.392605
xtal_40.cif,./Al13Sc3N16/__initial__/201/xtal_40.cif,-10.061374,34.699867
xtal_41.cif,./Al13Sc3N16/201/xtal_41.cif,-21.992945,44.414135
xtal_42.cif,./Al13Sc3N16/__initial__/201/xtal_42.cif,-63.521538,79.69751
xtal_43.cif,./Al13Sc3N16/__initial__/201/xtal_43.cif,-61.50906,-20.012527
xtal_44.cif,./Al13Sc3N16/__initial__/201/xtal_44.cif,19.26515,-4.779748
xtal_45.cif,./Al13Sc3N16/__initial__/201/xtal_45.cif,62.179688,51.186356
xtal_46.cif,./Al13Sc3N16/201/xtal_46.cif,-57.88507,-46.596756
xtal_47.cif,./Al13Sc3N16/201/xtal_47.cif,48.605938,45.37111
xtal_48.cif,./Al13Sc3N16/201/xtal_48.cif,-48.375343,8.403065
xtal_49.cif,./Al13Sc3N16/201/xtal_49.cif,-80.82441,-45.817085
xtal_5.cif,./Al13Sc3N16/__initial__/201/xtal_5.cif,57.98937,46.80043
xtal_50.cif,./Al13Sc3N16/201/xtal_50.cif,46.343655,26.165934
xtal_51.cif,./Al13Sc3N16/__initial__/201/xtal_51.cif,-8.847541,-17.657854
xtal_52.cif,./Al13Sc3N16/201/xtal_52.cif,-42.13451,-50.292393
xtal_53.cif,./Al13Sc3N16/201/xtal_53.cif,-72.97158,-19.902073
xtal_54.cif,./Al13Sc3N16/__initial__/201/xtal_54.cif,-40.915905,12.567312
xtal_55.cif,./Al13Sc3N16/__initial__/201/xtal_55.cif,-14.41455,-62.0626
xtal_56.cif,./Al13Sc3N16/201/xtal_56.cif,-34.5536,31.49464
xtal_57.cif,./Al13Sc3N16/201/xtal_57.cif,57.630493,41.705746
xtal_58.cif,./Al13Sc3N16/201/xtal_58.cif,-21.281916,-43.899868
xtal_59.cif,./Al13Sc3N16/__initial__/201/xtal_59.cif,40.12282,57.395863
xtal_6.cif,./Al13Sc3N16/201/xtal_6.cif,-79.69441,-36.15122
xtal_60.cif,./Al13Sc3N16/201/xtal_60.cif,-23.186424,-61.058865
xtal_61.cif,./Al13Sc3N16/__initial__/201/xtal_61.cif,38.482147,89.529106
xtal_62.cif,./Al13Sc3N16/__initial__/201/xtal_62.cif,-53.224434,4.14493
xtal_63.cif,./Al13Sc3N16/__initial__/201/xtal_63.cif,15.307635,11.4322
xtal_64.cif,./Al13Sc3N16/201/xtal_64.cif,50.34509,75.57152
xtal_65.cif,./Al13Sc3N16/201/xtal_65.cif,30.89853,92.02672
xtal_66.cif,./Al13Sc3N16/__initial__/201/xtal_66.cif,-58.00482,-46.221577
xtal_67.cif,./Al13Sc3N16/201/xtal_67.cif,-55.683414,80.658875
xtal_68.cif,./Al13Sc3N16/__initial__/201/xtal_68.cif,-47.712666,6.4634876
xtal_69.cif,./Al13Sc3N16/__initial__/201/xtal_69.cif,-70.12709,-18.561821
xtal_7.cif,./Al13Sc3N16/__initial__/201/xtal_7.cif,-24.2922,-30.141445
xtal_70.cif,./Al13Sc3N16/__initial__/201/xtal_70.cif,67.599236,66.83448
xtal_71.cif,./Al13Sc3N16/201/xtal_71.cif,15.486378,-27.77157
xtal_72.cif,./Al13Sc3N16/201/xtal_72.cif,33.290134,35.68301
xtal_73.cif,./Al13Sc3N16/201/xtal_73.cif,40.922165,40.594166
xtal_74.cif,./Al13Sc3N16/__initial__/201/xtal_74.cif,26.421204,28.314377
xtal_75.cif,./Al13Sc3N16/201/xtal_75.cif,21.898245,21.11085
xtal_76.cif,./Al13Sc3N16/201/xtal_76.cif,18.39762,11.987763
xtal_77.cif,./Al13Sc3N16/__initial__/201/xtal_77.cif,-25.712029,48.344116
xtal_78.cif,./Al13Sc3N16/201/xtal_78.cif,-2.0978024,-14.542909
xtal_79.cif,./Al13Sc3N16/201/xtal_79.cif,-33.18338,-35.35517
xtal_8.cif,./Al13Sc3N16/201/xtal_8.cif,-20.837605,43.554638
xtal_80.cif,./Al13Sc3N16/201/xtal_80.cif,-16.068542,17.373331
xtal_81.cif,./Al13Sc3N16/__initial__/201/xtal_81.cif,-56.879192,88.874374
xtal_82.cif,./Al13Sc3N16/__initial__/201/xtal_82.cif,21.266493,72.3678
xtal_83.cif,./Al13Sc3N16/201/xtal_83.cif,7.515684,11.757845
xtal_84.cif,./Al13Sc3N16/__initial__/201/xtal_84.cif,4.26622,-10.621069
xtal_85.cif,./Al13Sc3N16/__initial__/201/xtal_85.cif,-88.925735,-20.368776
xtal_86.cif,./Al13Sc3N16/__initial__/201/xtal_86.cif,-72.794624,-19.69711
xtal_87.cif,./Al13Sc3N16/201/xtal_87.cif,14.049068,-9.927375
xtal_88.cif,./Al13Sc3N16/__initial__/201/xtal_88.cif,48.10664,72.096596
xtal_89.cif,./Al13Sc3N16/201/xtal_89.cif,34.166832,18.091103
xtal_9.cif,./Al13Sc3N16/201/xtal_9.cif,28.899529,-7.850076
xtal_90.cif,./Al13Sc3N16/201/xtal_90.cif,-10.147003,4.6690364
xtal_91.cif,./Al13Sc3N16/201/xtal_91.cif,-45.5107,-65.09255
xtal_92.cif,./Al13Sc3N16/201/xtal_92.cif,9.154146,-14.830611
xtal_93.cif,./Al13Sc3N16/__initial__/201/xtal_93.cif,-3.2925818,20.805222
xtal_94.cif,./Al13Sc3N16/__initial__/201/xtal_94.cif,-7.1714535,33.01753
xtal_95.cif,./Al13Sc3N16/201/xtal_95.cif,57.020477,74.43322
xtal_96.cif,./Al13Sc3N16/201/xtal_96.cif,34.29268,39.998524
xtal_97.cif,./Al13Sc3N16/201/xtal_97.cif,-18.053911,-54.580692
xtal_98.cif,./Al13Sc3N16/__initial__/201/xtal_98.cif,-26.206244,48.624905
xtal_99.cif,./Al13Sc3N16/201/xtal_99.cif,-8.302827,58.515392
xtal_1.cif,./Al13Sc3N16/__initial__/204/xtal_1.cif,-70.19639,86.06305
xtal_10.cif,./Al13Sc3N16/204/xtal_10.cif,8.184355,-15.216617
xtal_100.cif,./Al13Sc3N16/204/xtal_100.cif,-19.58758,54.525795
xtal_11.cif,./Al13Sc3N16/204/xtal_11.cif,-52.46131,-71.22263
xtal_12.cif,./Al13Sc3N16/__initial__/204/xtal_12.cif,54.000546,37.626232
xtal_13.cif,./Al13Sc3N16/__initial__/204/xtal_13.cif,-19.722404,54.63143
xtal_14.cif,./Al13Sc3N16/__initial__/204/xtal_14.cif,-60.63743,-26.916868
xtal_15.cif,./Al13Sc3N16/204/xtal_15.cif,57.265625,40.387497
xtal_16.cif,./Al13Sc3N16/__initial__/204/xtal_16.cif,-37.44675,-29.498777
xtal_17.cif,./Al13Sc3N16/__initial__/204/xtal_17.cif,37.290035,89.65344
xtal_18.cif,./Al13Sc3N16/__initial__/204/xtal_18.cif,-49.00508,-66.061134
xtal_19.cif,./Al13Sc3N16/__initial__/204/xtal_19.cif,8.286446,-16.235868
xtal_2.cif,./Al13Sc3N16/__initial__/204/xtal_2.cif,-31.298668,55.28016
xtal_20.cif,./Al13Sc3N16/204/xtal_20.cif,-23.107601,52.261326
xtal_21.cif,./Al13Sc3N16/204/xtal_21.cif,19.56069,-5.192377
xtal_22.cif,./Al13Sc3N16/204/xtal_22.cif,-5.6957836,-54.287712
xtal_23.cif,./Al13Sc3N16/204/xtal_23.cif,61.53003,53.432636
xtal_24.cif,./Al13Sc3N16/__initial__/204/xtal_24.cif,-36.31712,-29.51311
xtal_25.cif,./Al13Sc3N16/__initial__/204/xtal_25.cif,-68.741325,-74.45559
xtal_26.cif,./Al13Sc3N16/204/xtal_26.cif,50.92962,37.858246
xtal_27.cif,./Al13Sc3N16/204/xtal_27.cif,-60.84505,-26.829721
xtal_28.cif,./Al13Sc3N16/204/xtal_28.cif,12.3610735,-12.286022
xtal_29.cif,./Al13Sc3N16/__initial__/204/xtal_29.cif,18.311718,-20.796465
xtal_3.cif,./Al13Sc3N16/__initial__/204/xtal_3.cif,-62.720985,-11.948723
xtal_30.cif,./Al13Sc3N16/__initial__/204/xtal_30.cif,-57.394123,-23.941837
xtal_31.cif,./Al13Sc3N16/__initial__/204/xtal_31.cif,-98.29802,-8.929074
xtal_32.cif,./Al13Sc3N16/__initial__/204/xtal_32.cif,-10.578279,-59.52261
xtal_33.cif,./Al13Sc3N16/__initial__/204/xtal_33.cif,56.523636,38.424046
xtal_34.cif,./Al13Sc3N16/__initial__/204/xtal_34.cif,-30.03767,17.761656
xtal_35.cif,./Al13Sc3N16/__initial__/204/xtal_35.cif,35.553417,86.08396
xtal_36.cif,./Al13Sc3N16/204/xtal_36.cif,60.262638,51.958435
xtal_37.cif,./Al13Sc3N16/__initial__/204/xtal_37.cif,13.392339,-18.224474
xtal_38.cif,./Al13Sc3N16/204/xtal_38.cif,-5.4732513,-39.926994
xtal_39.cif,./Al13Sc3N16/204/xtal_39.cif,22.624086,8.164607
xtal_4.cif,./Al13Sc3N16/204/xtal_4.cif,30.482738,-7.012626
xtal_40.cif,./Al13Sc3N16/204/xtal_40.cif,-48.686047,-53.307053
xtal_41.cif,./Al13Sc3N16/204/xtal_41.cif,23.334827,10.542153
xtal_42.cif,./Al13Sc3N16/204/xtal_42.cif,51.541077,79.648895
xtal_43.cif,./Al13Sc3N16/204/xtal_43.cif,16.650211,-22.924706
xtal_44.cif,./Al13Sc3N16/204/xtal_44.cif,13.838418,4.6422815
xtal_45.cif,./Al13Sc3N16/204/xtal_45.cif,6.332157,-33.42685
xtal_46.cif,./Al13Sc3N16/__initial__/204/xtal_46.cif,-31.815277,13.798631
xtal_47.cif,./Al13Sc3N16/__initial__/204/xtal_47.cif,62.268375,50.54344
xtal_48.cif,./Al13Sc3N16/204/xtal_48.cif,33.54883,35.00558
xtal_49.cif,./Al13Sc3N16/__initial__/204/xtal_49.cif,-88.9529,-35.907757
xtal_5.cif,./Al13Sc3N16/204/xtal_5.cif,19.40042,18.73073
xtal_50.cif,./Al13Sc3N16/204/xtal_50.cif,56.377686,38.666218
xtal_51.cif,./Al13Sc3N16/204/xtal_51.cif,24.543518,22.563768
xtal_52.cif,./Al13Sc3N16/204/xtal_52.cif,-41.31127,-44.114162
xtal_53.cif,./Al13Sc3N16/__initial__/204/xtal_53.cif,44.03027,21.622677
xtal_54.cif,./Al13Sc3N16/__initial__/204/xtal_54.cif,53.336742,38.115486
xtal_55.cif,./Al13Sc3N16/204/xtal_55.cif,21.161812,-17.982063
xtal_56.cif,./Al13Sc3N16/__initial__/204/xtal_56.cif,51.707783,43.825104
xtal_57.cif,./Al13Sc3N16/__initial__/204/xtal_57.cif,-26.15811,22.373203
xtal_58.cif,./Al13Sc3N16/__initial__/204/xtal_58.cif,59.87574,54.915306
xtal_59.cif,./Al13Sc3N16/204/xtal_59.cif,-3.4839773,-51.477757
xtal_6.cif,./Al13Sc3N16/__initial__/204/xtal_6.cif,-50.39401,-52.330063
xtal_60.cif,./Al13Sc3N16/204/xtal_60.cif,31.834814,12.066923
xtal_61.cif,./Al13Sc3N16/204/xtal_61.cif,47.65267,77.836
xtal_62.cif,./Al13Sc3N16/204/xtal_62.cif,-25.031492,-38.17031
xtal_63.cif,./Al13Sc3N16/204/xtal_63.cif,-40.72543,-52.94551
xtal_64.cif,./Al13Sc3N16/__initial__/204/xtal_64.cif,32.28425,35.22565
xtal_65.cif,./Al13Sc3N16/__initial__/204/xtal_65.cif,-35.849007,9.028667
xtal_66.cif,./Al13Sc3N16/__initial__/204/xtal_66.cif,-39.075348,-30.872593
xtal_67.cif,./Al13Sc3N16/204/xtal_67.cif,-21.706028,57.80456
xtal_68.cif,./Al13Sc3N16/204/xtal_68.cif,-36.630177,10.287771
xtal_69.cif,./Al13Sc3N16/__initial__/204/xtal_69.cif,-30.676922,14.603996
xtal_7.cif,./Al13Sc3N16/204/xtal_7.cif,18.816807,-23.151812
xtal_70.cif,./Al13Sc3N16/__initial__/204/xtal_70.cif,-20.628119,16.525995
xtal_71.cif,./Al13Sc3N16/__initial__/204/xtal_71.cif,34.188324,-1.6529986
xtal_72.cif,./Al13Sc3N16/__initial__/204/xtal_72.cif,-27.357887,-51.8233
xtal_73.cif,./Al13Sc3N16/204/xtal_73.cif,17.581333,-22.01172
xtal_74.cif,./Al13Sc3N16/__initial__/204/xtal_74.cif,2.2044103,91.06938
xtal_75.cif,./Al13Sc3N16/204/xtal_75.cif,35.10313,8.3740015
xtal_76.cif,./Al13Sc3N16/204/xtal_76.cif,46.382965,83.74844
xtal_77.cif,./Al13Sc3N16/204/xtal_77.cif,-25.65361,-50.500053
xtal_78.cif,./Al13Sc3N16/__initial__/204/xtal_78.cif,26.445831,-10.519451
xtal_79.cif,./Al13Sc3N16/204/xtal_79.cif,-43.330624,-28.11256
xtal_8.cif,./Al13Sc3N16/__initial__/204/xtal_8.cif,18.078913,-22.113388
xtal_80.cif,./Al13Sc3N16/204/xtal_80.cif,-10.8050165,-60.775047
xtal_81.cif,./Al13Sc3N16/204/xtal_81.cif,1.9315687,-41.06195
xtal_82.cif,./Al13Sc3N16/204/xtal_82.cif,10.36485,83.70891
xtal_83.cif,./Al13Sc3N16/__initial__/204/xtal_83.cif,-30.867039,62.811676
xtal_84.cif,./Al13Sc3N16/__initial__/204/xtal_84.cif,-72.50383,-10.43702
xtal_85.cif,./Al13Sc3N16/204/xtal_85.cif,61.946556,53.351353
xtal_86.cif,./Al13Sc3N16/204/xtal_86.cif,-41.354248,-44.045444
xtal_87.cif,./Al13Sc3N16/204/xtal_87.cif,5.7696133,-28.76296
xtal_88.cif,./Al13Sc3N16/__initial__/204/xtal_88.cif,21.22002,-18.691854
xtal_89.cif,./Al13Sc3N16/__initial__/204/xtal_89.cif,-36.957367,-29.589872
xtal_9.cif,./Al13Sc3N16/__initial__/204/xtal_9.cif,-33.820484,94.06201
xtal_90.cif,./Al13Sc3N16/__initial__/204/xtal_90.cif,33.919525,91.95599
xtal_91.cif,./Al13Sc3N16/__initial__/204/xtal_91.cif,25.24064,10.942813
xtal_92.cif,./Al13Sc3N16/204/xtal_92.cif,-75.47666,-31.03023
xtal_93.cif,./Al13Sc3N16/__initial__/204/xtal_93.cif,-45.843155,-65.86724
xtal_94.cif,./Al13Sc3N16/204/xtal_94.cif,-19.128736,9.786837
xtal_95.cif,./Al13Sc3N16/204/xtal_95.cif,-101.125786,-11.885154
xtal_96.cif,./Al13Sc3N16/__initial__/204/xtal_96.cif,58.981796,63.899975
xtal_97.cif,./Al13Sc3N16/204/xtal_97.cif,35.18789,40.87418
xtal_98.cif,./Al13Sc3N16/__initial__/204/xtal_98.cif,23.571419,10.719695
xtal_99.cif,./Al13Sc3N16/__initial__/204/xtal_99.cif,-92.849106,-11.044633
xtal_1.cif,./Al13Sc3N16/207/xtal_1.cif,-68.37316,76.51323
xtal_10.cif,./Al13Sc3N16/__initial__/207/xtal_10.cif,-35.317085,-40.20374
xtal_100.cif,./Al13Sc3N16/207/xtal_100.cif,-64.49255,81.3442
xtal_11.cif,./Al13Sc3N16/207/xtal_11.cif,15.229105,3.0406568
xtal_12.cif,./Al13Sc3N16/207/xtal_12.cif,7.9170523,13.15136
xtal_13.cif,./Al13Sc3N16/__initial__/207/xtal_13.cif,-35.108227,31.462076
xtal_14.cif,./Al13Sc3N16/__initial__/207/xtal_14.cif,60.323746,52.253582
xtal_15.cif,./Al13Sc3N16/__initial__/207/xtal_15.cif,-43.622246,5.292928
xtal_16.cif,./Al13Sc3N16/__initial__/207/xtal_16.cif,-43.507713,-26.298037
xtal_17.cif,./Al13Sc3N16/207/xtal_17.cif,-68.97139,78.98774
xtal_18.cif,./Al13Sc3N16/__initial__/207/xtal_18.cif,-17.267282,-69.315346
xtal_19.cif,./Al13Sc3N16/207/xtal_19.cif,41.972023,47.45886
xtal_2.cif,./Al13Sc3N16/__initial__/207/xtal_2.cif,-77.10175,75.791756
xtal_20.cif,./Al13Sc3N16/207/xtal_20.cif,-68.02096,77.27023
xtal_21.cif,./Al13Sc3N16/207/xtal_21.cif,-26.496532,58.784725
xtal_22.cif,./Al13Sc3N16/207/xtal_22.cif,0.4686334,-31.875599
xtal_23.cif,./Al13Sc3N16/__initial__/207/xtal_23.cif,-32.791084,56.17955
xtal_24.cif,./Al13Sc3N16/__initial__/207/xtal_24.cif,43.826263,67.903015
xtal_25.cif,./Al13Sc3N16/207/xtal_25.cif,-70.159225,-37.534607
xtal_26.cif,./Al13Sc3N16/207/xtal_26.cif,66.17568,56.603252
xtal_27.cif,./Al13Sc3N16/__initial__/207/xtal_27.cif,-38.750282,10.313456
xtal_28.cif,./Al13Sc3N16/207/xtal_28.cif,44.244003,66.84844
xtal_29.cif,./Al13Sc3N16/207/xtal_29.cif,-65.12921,79.0026
xtal_3.cif,./Al13Sc3N16/207/xtal_3.cif,-41.652466,26.905664
xtal_30.cif,./Al13Sc3N16/__initial__/207/xtal_30.cif,-65.62297,76.2844
xtal_31.cif,./Al13Sc3N16/207/xtal_31.cif,-25.759031,16.607666
xtal_32.cif,./Al13Sc3N16/__initial__/207/xtal_32.cif,-34.040867,57.943573
xtal_33.cif,./Al13Sc3N16/__initial__/207/xtal_33.cif,42.41161,71.00783
xtal_34.cif,./Al13Sc3N16/207/xtal_34.cif,-68.73032,79.28668
xtal_35.cif,./Al13Sc3N16/207/xtal_35.cif,18.078152,-2.8465455
xtal_36.cif,./Al13Sc3N16/__initial__/207/xtal_36.cif,-33.00266,59.187637
xtal_37.cif,./Al13Sc3N16/__initial__/207/xtal_37.cif,-34.721832,59.059692
xtal_38.cif,./Al13Sc3N16/207/xtal_38.cif,-76.36131,-39.81892
xtal_39.cif,./Al13Sc3N16/207/xtal_39.cif,-36.546864,54.4916
xtal_4.cif,./Al13Sc3N16/207/xtal_4.cif,-50.16299,-6.515433
xtal_40.cif,./Al13Sc3N16/207/xtal_40.cif,4.917142,90.9553
xtal_41.cif,./Al13Sc3N16/207/xtal_41.cif,-48.57801,88.19736
xtal_42.cif,./Al13Sc3N16/207/xtal_42.cif,-64.73717,79.6829
xtal_43.cif,./Al13Sc3N16/__initial__/207/xtal_43.cif,30.874554,25.56589
xtal_44.cif,./Al13Sc3N16/__initial__/207/xtal_44.cif,-66.11964,77.936455
xtal_45.cif,./Al13Sc3N16/__initial__/207/xtal_45.cif,-55.601616,-49.921658
xtal_46.cif,./Al13Sc3N16/__initial__/207/xtal_46.cif,-6.538026,59.86635
xtal_47.cif,./Al13Sc3N16/__initial__/207/xtal_47.cif,-16.993769,77.49029
xtal_48.cif,./Al13Sc3N16/207/xtal_48.cif,-67.08879,77.178024
xtal_49.cif,./Al13Sc3N16/207/xtal_49.cif,9.021673,-15.089965
xtal_5.cif,./Al13Sc3N16/__initial__/207/xtal_5.cif,52.357773,76.51624
xtal_50.cif,./Al13Sc3N16/207/xtal_50.cif,16.590796,86.325615
xtal_51.cif,./Al13Sc3N16/207/xtal_51.cif,65.534355,61.207108
xtal_52.cif,./Al13Sc3N16/__initial__/207/xtal_52.cif,-54.02215,-43.79008
xtal_53.cif,./Al13Sc3N16/__initial__/207/xtal_53.cif,-6.9007993,-14.633098
xtal_54.cif,./Al13Sc3N16/__initial__/207/xtal_54.cif,-82.98657,-33.45282
xtal_55.cif,./Al13Sc3N16/207/xtal_55.cif,-21.05536,-48.65121
xtal_56.cif,./Al13Sc3N16/__initial__/207/xtal_56.cif,-52.143585,-46.460075
xtal_57.cif,./Al13Sc3N16/207/xtal_57.cif,-28.404238,54.108402
xtal_58.cif,./Al13Sc3N16/__initial__/207/xtal_58.cif,-8.285246,-11.764601
xtal_59.cif,./Al13Sc3N16/__initial__/207/xtal_59.cif,47.952663,40.049103
xtal_6.cif,./Al13Sc3N16/__initial__/207/xtal_6.cif,-9.126334,-46.61558
xtal_60.cif,./Al13Sc3N16/__initial__/207/xtal_60.cif,-8.222561,-11.752801
xtal_61.cif,./Al13Sc3N16/__initial__/207/xtal_61.cif,19.965767,9.122326
xtal_62.cif,./Al13Sc3N16/__initial__/207/xtal_62.cif,-11.964121,-44.542618
xtal_63.cif,./Al13Sc3N16/__initial__/207/xtal_63.cif,-17.06799,-40.98878
xtal_64.cif,./Al13Sc3N16/207/xtal_64.cif,-8.349242,-43.95175
xtal_65.cif,./Al13Sc3N16/207/xtal_65.cif,59.631912,51.70707
xtal_66.cif,./Al13Sc3N16/__initial__/207/xtal_66.cif,71.373436,65.43468
xtal_67.cif,./Al13Sc3N16/207/xtal_67.cif,-36.45913,81.728546
xtal_68.cif,./Al13Sc3N16/207/xtal_68.cif,36.49516,8.193971
xtal_69.cif,./Al13Sc3N16/207/xtal_69.cif,-46.108284,25.432682
xtal_7.cif,./Al13Sc3N16/__initial__/207/xtal_7.cif,9.753452,88.04633
xtal_70.cif,./Al13Sc3N16/207/xtal_70.cif,-34.21378,57.428238
xtal_71.cif,./Al13Sc3N16/__initial__/207/xtal_71.cif,-58.336025,4.751709
xtal_72.cif,./Al13Sc3N16/207/xtal_72.cif,-72.2519,-17.955944
xtal_73.cif,./Al13Sc3N16/__initial__/207/xtal_73.cif,4.902154,-11.730317
xtal_74.cif,./Al13Sc3N16/__initial__/207/xtal_74.cif,-93.72197,-9.517545
xtal_75.cif,./Al13Sc3N16/207/xtal_75.cif,-25.427887,-39.71289
xtal_76.cif,./Al13Sc3N16/__initial__/207/xtal_76.cif,22.224972,10.039516
xtal_77.cif,./Al13Sc3N16/207/xtal_77.cif,-17.74694,6.3326254
xtal_78.cif,./Al13Sc3N16/207/xtal_78.cif,-55.58125,4.8930087
xtal_79.cif,./Al13Sc3N16/__initial__/207/xtal_79.cif,-57.718758,8.218719
xtal_8.cif,./Al13Sc3N16/__initial__/207/xtal_8.cif,-61.197964,5.677105
xtal_80.cif,./Al13Sc3N16/207/xtal_80.cif,38.889977,12.211799
xtal_81.cif,./Al13Sc3N16/207/xtal_81.cif,-21.61758,72.92396
xtal_82.cif,./Al13Sc3N16/207/xtal_82.cif,11.261098,84.017784
xtal_83.cif,./Al13Sc3N16/__initial__/207/xtal_83.cif,-2.9847496,61.599495
xtal_84.cif,./Al13Sc3N16/__initial__/207/xtal_84.cif,41.513847,17.018496
xtal_85.cif,./Al13Sc3N16/207/xtal_85.cif,-32.01747,59.71064
xtal_86.cif,./Al13Sc3N16/__initial__/207/xtal_86.cif,-65.354095,81.47488
xtal_87.cif,./Al13Sc3N16/207/xtal_87.cif,-33.09931,54.493374
xtal_88.cif,./Al13Sc3N16/__initial__/207/xtal_88.cif,38.51733,55.424656
xtal_89.cif,./Al13Sc3N16/__initial__/207/xtal_89.cif,36.800266,34.98937
xtal_9.cif,./Al13Sc3N16/207/xtal_9.cif,-43.09029,-26.47344
xtal_90.cif,./Al13Sc3N16/207/xtal_90.cif,-48.803627,6.8083286
xtal_91.cif,./Al13Sc3N16/207/xtal_91.cif,-67.8792,77.51327
xtal_92.cif,./Al13Sc3N16/207/xtal_92.cif,53.110424,37.142624
xtal_93.cif,./Al13Sc3N16/__initial__/207/xtal_93.cif,-44.087933,-10.330972
xtal_94.cif,./Al13Sc3N16/__initial__/207/xtal_94.cif,-75.91216,77.940895
xtal_95.cif,./Al13Sc3N16/207/xtal_95.cif,14.945021,87.53125
xtal_96.cif,./Al13Sc3N16/__initial__/207/xtal_96.cif,-71.4323,85.25965
xtal_97.cif,./Al13Sc3N16/207/xtal_97.cif,-65.55602,75.66629
xtal_98.cif,./Al13Sc3N16/__initial__/207/xtal_98.cif,-100.31645,-2.6096048
xtal_99.cif,./Al13Sc3N16/__initial__/207/xtal_99.cif,-11.309608,-6.4227962
xtal_1.cif,./Al13Sc3N16/__initial__/208/xtal_1.cif,39.249428,48.27951
xtal_10.cif,./Al13Sc3N16/__initial__/208/xtal_10.cif,-102.84636,-10.850891
xtal_100.cif,./Al13Sc3N16/208/xtal_100.cif,-0.8602328,22.276941
xtal_11.cif,./Al13Sc3N16/208/xtal_11.cif,-44.990097,-52.56724
xtal_12.cif,./Al13Sc3N16/__initial__/208/xtal_12.cif,-16.528543,23.6667
xtal_13.cif,./Al13Sc3N16/__initial__/208/xtal_13.cif,-70.67363,-39.10469
xtal_14.cif,./Al13Sc3N16/208/xtal_14.cif,-14.075922,20.571245
xtal_15.cif,./Al13Sc3N16/__initial__/208/xtal_15.cif,-14.816432,-28.442152
xtal_16.cif,./Al13Sc3N16/__initial__/208/xtal_16.cif,58.109898,63.846172
xtal_17.cif,./Al13Sc3N16/__initial__/208/xtal_17.cif,-17.518692,6.4125066
xtal_18.cif,./Al13Sc3N16/208/xtal_18.cif,10.213934,-28.966997
xtal_19.cif,./Al13Sc3N16/__initial__/208/xtal_19.cif,44.53998,69.65329
xtal_2.cif,./Al13Sc3N16/208/xtal_2.cif,-0.79156053,22.854729
xtal_20.cif,./Al13Sc3N16/__initial__/208/xtal_20.cif,-98.00639,-9.86952
xtal_21.cif,./Al13Sc3N16/208/xtal_21.cif,-8.9598255,28.22097
xtal_22.cif,./Al13Sc3N16/208/xtal_22.cif,7.95389,-31.644892
xtal_23.cif,./Al13Sc3N16/208/xtal_23.cif,-16.394346,-66.58594
xtal_24.cif,./Al13Sc3N16/208/xtal_24.cif,31.116022,1.2943362
xtal_25.cif,./Al13Sc3N16/208/xtal_25.cif,-42.9069,-42.905983
xtal_26.cif,./Al13Sc3N16/208/xtal_26.cif,10.4919615,-14.3949795
xtal_27.cif,./Al13Sc3N16/208/xtal_27.cif,21.00805,-19.533255
xtal_28.cif,./Al13Sc3N16/__initial__/208/xtal_28.cif,-66.0082,-80.40942
xtal_29.cif,./Al13Sc3N16/__initial__/208/xtal_29.cif,-54.93315,-11.079075
xtal_3.cif,./Al13Sc3N16/208/xtal_3.cif,-49.78029,-21.018354
xtal_30.cif,./Al13Sc3N16/__initial__/208/xtal_30.cif,-17.015636,85.91072
xtal_31.cif,./Al13Sc3N16/__initial__/208/xtal_31.cif,58.160076,63.68632
xtal_32.cif,./Al13Sc3N16/208/xtal_32.cif,-4.205253,-17.364807
xtal_33.cif,./Al13Sc3N16/208/xtal_33.cif,14.657055,4.1546335
xtal_34.cif,./Al13Sc3N16/208/xtal_34.cif,29.920101,-8.764255
xtal_35.cif,./Al13Sc3N16/__initial__/208/xtal_35.cif,29.28343,86.5921
xtal_36.cif,./Al13Sc3N16/208/xtal_36.cif,25.227577,11.82962
xtal_37.cif,./Al13Sc3N16/__initial__/208/xtal_37.cif,-24.437496,-49.29674
xtal_38.cif,./Al13Sc3N16/__initial__/208/xtal_38.cif,11.537753,-11.01403
xtal_39.cif,./Al13Sc3N16/__initial__/208/xtal_39.cif,-20.052668,26.645632
xtal_4.cif,./Al13Sc3N16/208/xtal_4.cif,30.128206,-7.1000347
xtal_40.cif,./Al13Sc3N16/208/xtal_40.cif,31.391867,25.047482
xtal_41.cif,./Al13Sc3N16/__initial__/208/xtal_41.cif,-79.24053,-36.843296
xtal_42.cif,./Al13Sc3N16/208/xtal_42.cif,-33.308357,-35.675575
xtal_43.cif,./Al13Sc3N16/208/xtal_43.cif,-72.742775,-18.043278
xtal_44.cif,./Al13Sc3N16/__initial__/208/xtal_44.cif,-45.404976,24.862125
xtal_45.cif,./Al13Sc3N16/208/xtal_45.cif,-10.952032,10.363959
xtal_46.cif,./Al13Sc3N16/__initial__/208/xtal_46.cif,4.5279627,-13.384218
xtal_47.cif,./Al13Sc3N16/208/xtal_47.cif,-10.419449,-23.12819
xtal_48.cif,./Al13Sc3N16/__initial__/208/xtal_48.cif,26.13533,32.930927
xtal_49.cif,./Al13Sc3N16/__initial__/208/xtal_49.cif,65.73302,60.92537
xtal_5.cif,./Al13Sc3N16/__initial__/208/xtal_5.cif,-12.722745,27.692488
xtal_50.cif,./Al13Sc3N16/208/xtal_50.cif,-2.7591581,-40.15788
xtal_51.cif,./Al13Sc3N16/__initial__/208/xtal_51.cif,25.401875,32.737976
xtal_52.cif,./Al13Sc3N16/208/xtal_52.cif,-43.11513,-66.63798
xtal_53.cif,./Al13Sc3N16/__initial__/208/xtal_53.cif,68.53304,64.181145
xtal_54.cif,./Al13Sc3N16/208/xtal_54.cif,59.74,51.438065
xtal_55.cif,./Al13Sc3N16/208/xtal_55.cif,6.292211,-28.60328
xtal_56.cif,./Al13Sc3N16/208/xtal_56.cif,-48.795403,-41.00637
xtal_57.cif,./Al13Sc3N16/208/xtal_57.cif,-26.684252,-33.99487
xtal_58.cif,./Al13Sc3N16/208/xtal_58.cif,37.36849,20.485596
xtal_59.cif,./Al13Sc3N16/208/xtal_59.cif,20.351486,-2.2394216
xtal_6.cif,./Al13Sc3N16/208/xtal_6.cif,-18.294762,10.062027
xtal_60.cif,./Al13Sc3N16/208/xtal_60.cif,59.918312,62.960915
xtal_61.cif,./Al13Sc3N16/208/xtal_61.cif,-23.798723,-61.360985
xtal_62.cif,./Al13Sc3N16/__initial__/208/xtal_62.cif,43.896423,42.28423
xtal_63.cif,./Al13Sc3N16/__initial__/208/xtal_63.cif,44.247356,52.663303
xtal_64.cif,./Al13Sc3N16/208/xtal_64.cif,-1.7552252,21.14279
xtal_65.cif,./Al13Sc3N16/__initial__/208/xtal_65.cif,66.38042,65.7114
xtal_66.cif,./Al13Sc3N16/__initial__/208/xtal_66.cif,-40.756462,-29.59179
xtal_67.cif,./Al13Sc3N16/__initial__/208/xtal_67.cif,-13.652295,47.588825
xtal_68.cif,./Al13Sc3N16/208/xtal_68.cif,28.998743,3.9836435
xtal_69.cif,./Al13Sc3N16/208/xtal_69.cif,-57.890137,-31.931618
xtal_7.cif,./Al13Sc3N16/__initial__/208/xtal_7.cif,-16.83265,-40.936867
xtal_70.cif,./Al13Sc3N16/__initial__/208/xtal_70.cif,17.143938,-7.3265195
xtal_71.cif,./Al13Sc3N16/__initial__/208/xtal_71.cif,-11.303616,-22.695013
xtal_72.cif,./Al13Sc3N16/__initial__/208/xtal_72.cif,-83.29719,-29.397547
xtal_73.cif,./Al13Sc3N16/208/xtal_73.cif,32.714283,71.40281
xtal_74.cif,./Al13Sc3N16/208/xtal_74.cif,58.622883,54.288185
xtal_75.cif,./Al13Sc3N16/208/xtal_75.cif,12.547424,-12.160041
xtal_76.cif,./Al13Sc3N16/__initial__/208/xtal_76.cif,54.037277,48.920044
xtal_77.cif,./Al13Sc3N16/208/xtal_77.cif,-11.055952,-9.609714
xtal_78.cif,./Al13Sc3N16/208/xtal_78.cif,31.274107,-5.2203565
xtal_79.cif,./Al13Sc3N16/__initial__/208/xtal_79.cif,-48.012432,88.88565
xtal_8.cif,./Al13Sc3N16/208/xtal_8.cif,-10.454062,9.453535
xtal_80.cif,./Al13Sc3N16/208/xtal_80.cif,65.129196,60.56092
xtal_81.cif,./Al13Sc3N16/__initial__/208/xtal_81.cif,58.326046,53.142666
xtal_82.cif,./Al13Sc3N16/__initial__/208/xtal_82.cif,-37.064598,75.8543
xtal_83.cif,./Al13Sc3N16/__initial__/208/xtal_83.cif,-15.563328,46.375267
xtal_84.cif,./Al13Sc3N16/208/xtal_84.cif,-70.294754,-38.96847
xtal_85.cif,./Al13Sc3N16/__initial__/208/xtal_85.cif,60.073536,53.04676
xtal_86.cif,./Al13Sc3N16/208/xtal_86.cif,32.704613,71.36205
xtal_87.cif,./Al13Sc3N16/__initial__/208/xtal_87.cif,-18.801456,1.3089494
xtal_88.cif,./Al13Sc3N16/208/xtal_88.cif,5.434889,-32.230877
xtal_89.cif,./Al13Sc3N16/__initial__/208/xtal_89.cif,-16.62701,6.477349
xtal_9.cif,./Al13Sc3N16/__initial__/208/xtal_9.cif,-84.279625,-34.673237
xtal_90.cif,./Al13Sc3N16/__initial__/208/xtal_90.cif,36.066082,8.32911
xtal_91.cif,./Al13Sc3N16/__initial__/208/xtal_91.cif,57.28887,62.753292
xtal_92.cif,./Al13Sc3N16/__initial__/208/xtal_92.cif,5.12549,26.355946
xtal_93.cif,./Al13Sc3N16/208/xtal_93.cif,70.23435,64.96015
xtal_94.cif,./Al13Sc3N16/__initial__/208/xtal_94.cif,56.839855,51.308914
xtal_95.cif,./Al13Sc3N16/__initial__/208/xtal_95.cif,-17.303375,29.710606
xtal_96.cif,./Al13Sc3N16/208/xtal_96.cif,46.61321,43.03373
xtal_97.cif,./Al13Sc3N16/208/xtal_97.cif,-2.6792245,60.507244
xtal_98.cif,./Al13Sc3N16/__initial__/208/xtal_98.cif,7.5031543,-34.511944
xtal_99.cif,./Al13Sc3N16/__initial__/208/xtal_99.cif,-103.350365,-4.6981463
xtal_1.cif,./Al13Sc3N16/__initial__/211/xtal_1.cif,36.51409,33.067505
xtal_10.cif,./Al13Sc3N16/__initial__/211/xtal_10.cif,-16.23212,-32.072613
xtal_100.cif,./Al13Sc3N16/__initial__/211/xtal_100.cif,-52.537617,0.1765671
xtal_11.cif,./Al13Sc3N16/__initial__/211/xtal_11.cif,-28.905205,19.388018
xtal_12.cif,./Al13Sc3N16/__initial__/211/xtal_12.cif,41.207172,74.082664
xtal_13.cif,./Al13Sc3N16/211/xtal_13.cif,-2.2695358,2.5775216
xtal_14.cif,./Al13Sc3N16/__initial__/211/xtal_14.cif,-41.27483,-53.072666
xtal_15.cif,./Al13Sc3N16/211/xtal_15.cif,-16.217018,-31.516695
xtal_16.cif,./Al13Sc3N16/211/xtal_16.cif,-24.175549,60.5885
xtal_17.cif,./Al13Sc3N16/__initial__/211/xtal_17.cif,55.685574,47.82431
xtal_18.cif,./Al13Sc3N16/211/xtal_18.cif,-58.744743,6.888657
xtal_19.cif,./Al13Sc3N16/211/xtal_19.cif,-51.550877,-1.3970476
xtal_2.cif,./Al13Sc3N16/211/xtal_2.cif,-7.8778243,-45.904293
xtal_20.cif,./Al13Sc3N16/__initial__/211/xtal_20.cif,-9.0258665,-13.377646
xtal_21.cif,./Al13Sc3N16/__initial__/211/xtal_21.cif,-25.63469,15.959397
xtal_22.cif,./Al13Sc3N16/211/xtal_22.cif,-58.37832,6.617039
xtal_23.cif,./Al13Sc3N16/__initial__/211/xtal_23.cif,-90.774796,-18.77066
xtal_24.cif,./Al13Sc3N16/__initial__/211/xtal_24.cif,-55.303707,1.0287976
xtal_25.cif,./Al13Sc3N16/211/xtal_25.cif,-34.360474,94.184555
xtal_26.cif,./Al13Sc3N16/__initial__/211/xtal_26.cif,-26.85208,-34.45025
xtal_27.cif,./Al13Sc3N16/__initial__/211/xtal_27.cif,39.617985,67.19233
xtal_28.cif,./Al13Sc3N16/211/xtal_28.cif,31.643532,33.90855
xtal_29.cif,./Al13Sc3N16/211/xtal_29.cif,32.20823,33.149616
xtal_3.cif,./Al13Sc3N16/211/xtal_3.cif,-54.345577,2.3627923
xtal_30.cif,./Al13Sc3N16/__initial__/211/xtal_30.cif,-56.322758,-48.985306
xtal_31.cif,./Al13Sc3N16/211/xtal_31.cif,18.17304,-22.156397
xtal_32.cif,./Al13Sc3N16/211/xtal_32.cif,-9.049278,-16.325495
xtal_33.cif,./Al13Sc3N16/__initial__/211/xtal_33.cif,-101.675766,-17.95433
xtal_34.cif,./Al13Sc3N16/__initial__/211/xtal_34.cif,63.692326,51.00471
xtal_35.cif,./Al13Sc3N16/__initial__/211/xtal_35.cif,-25.528635,48.21773
xtal_36.cif,./Al13Sc3N16/211/xtal_36.cif,53.604702,35.775726
xtal_37.cif,./Al13Sc3N16/211/xtal_37.cif,14.33572,5.163942
xtal_38.cif,./Al13Sc3N16/__initial__/211/xtal_38.cif,8.40601,-27.292446
xtal_39.cif,./Al13Sc3N16/211/xtal_39.cif,-49.354774,-30.088293
xtal_4.cif,./Al13Sc3N16/__initial__/211/xtal_4.cif,29.08306,37.673557
xtal_40.cif,./Al13Sc3N16/__initial__/211/xtal_40.cif,-46.51983,-8.3348
xtal_41.cif,./Al13Sc3N16/211/xtal_41.cif,-28.875568,-71.23679
xtal_42.cif,./Al13Sc3N16/211/xtal_42.cif,-98.289246,-34.629887
xtal_43.cif,./Al13Sc3N16/__initial__/211/xtal_43.cif,-64.57324,-47.774044
xtal_44.cif,./Al13Sc3N16/__initial__/211/xtal_44.cif,-7.379591,-26.123024
xtal_45.cif,./Al13Sc3N16/__initial__/211/xtal_45.cif,39.079998,19.353104
xtal_46.cif,./Al13Sc3N16/211/xtal_46.cif,-35.47728,-78.62291
xtal_47.cif,./Al13Sc3N16/__initial__/211/xtal_47.cif,25.116053,11.113261
xtal_48.cif,./Al13Sc3N16/__initial__/211/xtal_48.cif,-68.58298,86.498184
xtal_49.cif,./Al13Sc3N16/__initial__/211/xtal_49.cif,-80.674835,-46.12627
xtal_5.cif,./Al13Sc3N16/211/xtal_5.cif,-95.85982,-25.716524
xtal_50.cif,./Al13Sc3N16/211/xtal_50.cif,57.480988,41.361034
xtal_51.cif,./Al13Sc3N16/__initial__/211/xtal_51.cif,13.1216345,92.10517
xtal_52.cif,./Al13Sc3N16/__initial__/211/xtal_52.cif,-71.199036,87.51172
xtal_53.cif,./Al13Sc3N16/211/xtal_53.cif,8.418283,-27.25287
xtal_54.cif,./Al13Sc3N16/211/xtal_54.cif,-38.78648,-30.745163
xtal_55.cif,./Al13Sc3N16/211/xtal_55.cif,-4.461187,-29.927008
xtal_56.cif,./Al13Sc3N16/211/xtal_56.cif,-56.7424,-41.334244
xtal_57.cif,./Al13Sc3N16/__initial__/211/xtal_57.cif,-18.515196,10.580412
xtal_58.cif,./Al13Sc3N16/__initial__/211/xtal_58.cif,24.630919,28.744143
xtal_59.cif,./Al13Sc3N16/__initial__/211/xtal_59.cif,-35.70848,94.75332
xtal_6.cif,./Al13Sc3N16/211/xtal_6.cif,-28.577951,63.50085
xtal_60.cif,./Al13Sc3N16/211/xtal_60.cif,30.724655,10.458312
xtal_61.cif,./Al13Sc3N16/__initial__/211/xtal_61.cif,-27.911066,18.974546
xtal_62.cif,./Al13Sc3N16/211/xtal_62.cif,12.852687,-18.810284
xtal_63.cif,./Al13Sc3N16/__initial__/211/xtal_63.cif,-53.146465,4.0394735
xtal_64.cif,./Al13Sc3N16/211/xtal_64.cif,58.55659,67.58019
xtal_65.cif,./Al13Sc3N16/211/xtal_65.cif,-0.01989984,-34.862785
xtal_66.cif,./Al13Sc3N16/211/xtal_66.cif,-56.772232,-41.33719
xtal_67.cif,./Al13Sc3N16/211/xtal_67.cif,-45.596344,-52.886642
xtal_68.cif,./Al13Sc3N16/__initial__/211/xtal_68.cif,20.585485,-0.40898836
xtal_69.cif,./Al13Sc3N16/211/xtal_69.cif,-18.28731,24.600298
xtal_7.cif,./Al13Sc3N16/__initial__/211/xtal_7.cif,13.249361,-18.733173
xtal_70.cif,./Al13Sc3N16/211/xtal_70.cif,-7.5081706,-26.810064
xtal_71.cif,./Al13Sc3N16/211/xtal_71.cif,-7.8800497,55.35584
xtal_72.cif,./Al13Sc3N16/211/xtal_72.cif,-52.198956,0.472549
xtal_73.cif,./Al13Sc3N16/211/xtal_73.cif,6.248065,80.10585
xtal_74.cif,./Al13Sc3N16/__initial__/211/xtal_74.cif,-27.478989,14.81353
xtal_75.cif,./Al13Sc3N16/211/xtal_75.cif,18.320848,-20.938719
xtal_76.cif,./Al13Sc3N16/211/xtal_76.cif,-73.045074,86.34929
xtal_77.cif,./Al13Sc3N16/__initial__/211/xtal_77.cif,-18.313515,-39.827488
xtal_78.cif,./Al13Sc3N16/211/xtal_78.cif,6.6838036,13.720746
xtal_79.cif,./Al13Sc3N16/211/xtal_79.cif,-8.9302,-14.541123
xtal_8.cif,./Al13Sc3N16/211/xtal_8.cif,-49.896614,9.185125
xtal_80.cif,./Al13Sc3N16/__initial__/211/xtal_80.cif,-15.586169,78.51493
xtal_81.cif,./Al13Sc3N16/__initial__/211/xtal_81.cif,-55.795544,4.826971
xtal_82.cif,./Al13Sc3N16/211/xtal_82.cif,-16.706472,-4.076191
xtal_83.cif,./Al13Sc3N16/__initial__/211/xtal_83.cif,-27.773031,60.57501
xtal_84.cif,./Al13Sc3N16/__initial__/211/xtal_84.cif,29.18744,-8.827954
xtal_85.cif,./Al13Sc3N16/__initial__/211/xtal_85.cif,-54.564598,8.850592
xtal_86.cif,./Al13Sc3N16/211/xtal_86.cif,-20.767166,18.843931
xtal_87.cif,./Al13Sc3N16/211/xtal_87.cif,-9.06117,-55.34603
xtal_88.cif,./Al13Sc3N16/__initial__/211/xtal_88.cif,-24.954126,-39.41159
xtal_89.cif,./Al13Sc3N16/__initial__/211/xtal_89.cif,-99.41076,4.5055947
xtal_9.cif,./Al13Sc3N16/211/xtal_9.cif,-58.845142,6.8209815
xtal_90.cif,./Al13Sc3N16/211/xtal_90.cif,-37.022163,-67.71856
xtal_91.cif,./Al13Sc3N16/211/xtal_91.cif,-44.722733,-64.55209
xtal_92.cif,./Al13Sc3N16/211/xtal_92.cif,29.848417,-8.481254
xtal_93.cif,./Al13Sc3N16/211/xtal_93.cif,-4.591203,-30.098856
xtal_94.cif,./Al13Sc3N16/__initial__/211/xtal_94.cif,-89.36631,-63.59588
xtal_95.cif,./Al13Sc3N16/__initial__/211/xtal_95.cif,-18.28583,24.531284
xtal_96.cif,./Al13Sc3N16/__initial__/211/xtal_96.cif,-54.16779,2.244149
xtal_97.cif,./Al13Sc3N16/__initial__/211/xtal_97.cif,42.97582,78.69983
xtal_98.cif,./Al13Sc3N16/__initial__/211/xtal_98.cif,-50.780743,-43.329323
xtal_99.cif,./Al13Sc3N16/__initial__/211/xtal_99.cif,-47.472404,-75.43039
xtal_1.cif,./Al13Sc3N16/__initial__/215/xtal_1.cif,-70.34532,-10.14414
xtal_10.cif,./Al13Sc3N16/__initial__/215/xtal_10.cif,-68.12126,79.7059
xtal_100.cif,./Al13Sc3N16/215/xtal_100.cif,62.95992,-83.44409
xtal_11.cif,./Al13Sc3N16/__initial__/215/xtal_11.cif,-75.45044,-8.688314
xtal_12.cif,./Al13Sc3N16/__initial__/215/xtal_12.cif,-65.89473,79.14824
xtal_13.cif,./Al13Sc3N16/__initial__/215/xtal_13.cif,-59.856304,90.048225
xtal_14.cif,./Al13Sc3N16/215/xtal_14.cif,52.827198,-42.22103
xtal_15.cif,./Al13Sc3N16/__initial__/215/xtal_15.cif,-46.23698,27.104378
xtal_16.cif,./Al13Sc3N16/__initial__/215/xtal_16.cif,45.8116,-51.351013
xtal_17.cif,./Al13Sc3N16/__initial__/215/xtal_17.cif,38.1119,-65.32794
xtal_18.cif,./Al13Sc3N16/215/xtal_18.cif,-15.344002,2.4933474
xtal_19.cif,./Al13Sc3N16/__initial__/215/xtal_19.cif,92.174126,-12.166249
xtal_2.cif,./Al13Sc3N16/__initial__/215/xtal_2.cif,-68.28799,78.91058
xtal_20.cif,./Al13Sc3N16/215/xtal_20.cif,-11.415934,91.84387
xtal_21.cif,./Al13Sc3N16/__initial__/215/xtal_21.cif,-36.5266,57.245647
xtal_22.cif,./Al13Sc3N16/215/xtal_22.cif,73.536896,54.53065
xtal_23.cif,./Al13Sc3N16/215/xtal_23.cif,65.29332,-78.53875
xtal_24.cif,./Al13Sc3N16/__initial__/215/xtal_24.cif,-47.416782,-29.819275
xtal_25.cif,./Al13Sc3N16/215/xtal_25.cif,26.117153,32.854153
xtal_26.cif,./Al13Sc3N16/215/xtal_26.cif,-78.89426,76.02612
xtal_27.cif,./Al13Sc3N16/__initial__/215/xtal_27.cif,-86.38108,-33.178566
xtal_28.cif,./Al13Sc3N16/215/xtal_28.cif,54.86162,-88.6406
xtal_29.cif,./Al13Sc3N16/__initial__/215/xtal_29.cif,70.14353,-87.87152
xtal_3.cif,./Al13Sc3N16/215/xtal_3.cif,-19.473984,57.20248
xtal_30.cif,./Al13Sc3N16/215/xtal_30.cif,20.672806,-63.574886
xtal_31.cif,./Al13Sc3N16/__initial__/215/xtal_31.cif,74.76465,60.832478
xtal_32.cif,./Al13Sc3N16/__initial__/215/xtal_32.cif,-25.381006,-66.280754
xtal_33.cif,./Al13Sc3N16/__initial__/215/xtal_33.cif,-36.325817,78.230934
xtal_34.cif,./Al13Sc3N16/215/xtal_34.cif,-67.2728,80.965485
xtal_35.cif,./Al13Sc3N16/__initial__/215/xtal_35.cif,67.444626,-75.96242
xtal_36.cif,./Al13Sc3N16/215/xtal_36.cif,57.43279,-75.54093
xtal_37.cif,./Al13Sc3N16/__initial__/215/xtal_37.cif,48.831055,-45.54548
xtal_38.cif,./Al13Sc3N16/215/xtal_38.cif,44.569645,-50.795563
xtal_39.cif,./Al13Sc3N16/215/xtal_39.cif,10.023308,-68.807724
xtal_4.cif,./Al13Sc3N16/__initial__/215/xtal_4.cif,43.238853,41.266834
xtal_40.cif,./Al13Sc3N16/215/xtal_40.cif,64.38741,-74.58942
xtal_41.cif,./Al13Sc3N16/215/xtal_41.cif,33.73599,-91.85566
xtal_42.cif,./Al13Sc3N16/__initial__/215/xtal_42.cif,-67.14232,79.4291
xtal_43.cif,./Al13Sc3N16/__initial__/215/xtal_43.cif,-23.29636,-54.856552
xtal_44.cif,./Al13Sc3N16/__initial__/215/xtal_44.cif,29.577934,-88.05619
xtal_45.cif,./Al13Sc3N16/215/xtal_45.cif,-59.872143,90.2956
xtal_46.cif,./Al13Sc3N16/__initial__/215/xtal_46.cif,-58.44527,1.895813
xtal_47.cif,./Al13Sc3N16/215/xtal_47.cif,41.968384,-66.56628
xtal_48.cif,./Al13Sc3N16/215/xtal_48.cif,-35.2951,66.08317
xtal_49.cif,./Al13Sc3N16/__initial__/215/xtal_49.cif,-68.55973,-43.038452
xtal_5.cif,./Al13Sc3N16/215/xtal_5.cif,44.1759,-84.17179
xtal_50.cif,./Al13Sc3N16/__initial__/215/xtal_50.cif,-10.194714,94.13843
xtal_51.cif,./Al13Sc3N16/__initial__/215/xtal_51.cif,85.6909,8.35227
xtal_52.cif,./Al13Sc3N16/215/xtal_52.cif,-77.31007,73.048874
xtal_53.cif,./Al13Sc3N16/__initial__/215/xtal_53.cif,-34.15348,53.559166
xtal_54.cif,./Al13Sc3N16/215/xtal_54.cif,-39.595882,89.71031
xtal_55.cif,./Al13Sc3N16/215/xtal_55.cif,-92.35634,-23.927658
xtal_56.cif,./Al13Sc3N16/215/xtal_56.cif,57.287014,-69.67934
xtal_57.cif,./Al13Sc3N16/215/xtal_57.cif,-41.332657,30.523842
xtal_58.cif,./Al13Sc3N16/__initial__/215/xtal_58.cif,40.123684,42.438652
xtal_59.cif,./Al13Sc3N16/215/xtal_59.cif,43.638622,-39.42782
xtal_6.cif,./Al13Sc3N16/__initial__/215/xtal_6.cif,52.8177,-69.828636
xtal_60.cif,./Al13Sc3N16/__initial__/215/xtal_60.cif,-34.14981,58.351696
xtal_61.cif,./Al13Sc3N16/215/xtal_61.cif,-66.154755,80.99166
xtal_62.cif,./Al13Sc3N16/215/xtal_62.cif,70.55577,-87.14565
xtal_63.cif,./Al13Sc3N16/215/xtal_63.cif,65.73352,-69.8912
xtal_64.cif,./Al13Sc3N16/215/xtal_64.cif,35.4254,-45.470142
xtal_65.cif,./Al13Sc3N16/__initial__/215/xtal_65.cif,-52.645,72.52112
xtal_66.cif,./Al13Sc3N16/__initial__/215/xtal_66.cif,65.14922,-73.17261
xtal_67.cif,./Al13Sc3N16/215/xtal_67.cif,12.029736,-76.866066
xtal_68.cif,./Al13Sc3N16/__initial__/215/xtal_68.cif,62.466015,-71.88192
xtal_69.cif,./Al13Sc3N16/215/xtal_69.cif,-60.263416,85.44207
xtal_7.cif,./Al13Sc3N16/215/xtal_7.cif,-57.69601,83.31414
xtal_70.cif,./Al13Sc3N16/215/xtal_70.cif,91.71951,30.215319
xtal_71.cif,./Al13Sc3N16/215/xtal_71.cif,40.927147,-45.470547
xtal_72.cif,./Al13Sc3N16/215/xtal_72.cif,-28.666813,-68.42503
xtal_73.cif,./Al13Sc3N16/215/xtal_73.cif,-64.5325,88.72957
xtal_74.cif,./Al13Sc3N16/215/xtal_74.cif,53.13331,-42.10795
xtal_75.cif,./Al13Sc3N16/__initial__/215/xtal_75.cif,-63.255722,-58.727524
xtal_76.cif,./Al13Sc3N16/__initial__/215/xtal_76.cif,88.65099,21.5623
xtal_77.cif,./Al13Sc3N16/__initial__/215/xtal_77.cif,-48.368294,88.05283
xtal_78.cif,./Al13Sc3N16/215/xtal_78.cif,-16.537724,48.374405
xtal_79.cif,./Al13Sc3N16/215/xtal_79.cif,70.30725,-82.96557
xtal_8.cif,./Al13Sc3N16/215/xtal_8.cif,-76.53553,74.89604
xtal_80.cif,./Al13Sc3N16/__initial__/215/xtal_80.cif,-27.041817,-35.825844
xtal_81.cif,./Al13Sc3N16/__initial__/215/xtal_81.cif,24.532333,-77.35379
xtal_82.cif,./Al13Sc3N16/215/xtal_82.cif,-64.3633,76.18696
xtal_83.cif,./Al13Sc3N16/__initial__/215/xtal_83.cif,59.17443,-75.54004
xtal_84.cif,./Al13Sc3N16/__initial__/215/xtal_84.cif,-78.21364,76.265594
xtal_85.cif,./Al13Sc3N16/215/xtal_85.cif,-7.4404974,-60.543606
xtal_86.cif,./Al13Sc3N16/__initial__/215/xtal_86.cif,-66.656746,83.16716
xtal_87.cif,./Al13Sc3N16/__initial__/215/xtal_87.cif,-31.890026,15.442735
xtal_88.cif,./Al13Sc3N16/__initial__/215/xtal_88.cif,41.96026,-66.395744
xtal_89.cif,./Al13Sc3N16/__initial__/215/xtal_89.cif,-102.064384,-11.008898
xtal_9.cif,./Al13Sc3N16/__initial__/215/xtal_9.cif,-46.19425,11.982038
xtal_90.cif,./Al13Sc3N16/__initial__/215/xtal_90.cif,43.024242,-60.240673
xtal_91.cif,./Al13Sc3N16/215/xtal_91.cif,-68.16352,79.08623
xtal_92.cif,./Al13Sc3N16/215/xtal_92.cif,78.37843,54.78716
xtal_93.cif,./Al13Sc3N16/__initial__/215/xtal_93.cif,93.47387,-2.930055
xtal_94.cif,./Al13Sc3N16/215/xtal_94.cif,50.11431,-85.6108
xtal_95.cif,./Al13Sc3N16/215/xtal_95.cif,-91.14123,-48.438076
xtal_96.cif,./Al13Sc3N16/__initial__/215/xtal_96.cif,-42.71147,-10.728605
xtal_97.cif,./Al13Sc3N16/215/xtal_97.cif,-64.63211,81.97714
xtal_98.cif,./Al13Sc3N16/215/xtal_98.cif,-38.827347,-7.904898
xtal_99.cif,./Al13Sc3N16/__initial__/215/xtal_99.cif,-89.261986,-10.75908
xtal_1.cif,./Al13Sc3N16/217/xtal_1.cif,-63.790306,88.52667
xtal_10.cif,./Al13Sc3N16/217/xtal_10.cif,42.669785,-57.592808
xtal_100.cif,./Al13Sc3N16/__initial__/217/xtal_100.cif,-10.72295,59.042698
xtal_11.cif,./Al13Sc3N16/__initial__/217/xtal_11.cif,-60.52149,81.515915
xtal_12.cif,./Al13Sc3N16/__initial__/217/xtal_12.cif,88.392914,25.797836
xtal_13.cif,./Al13Sc3N16/__initial__/217/xtal_13.cif,-22.985693,16.483755
xtal_14.cif,./Al13Sc3N16/__initial__/217/xtal_14.cif,42.45732,31.714708
xtal_15.cif,./Al13Sc3N16/217/xtal_15.cif,-74.154785,-32.06771
xtal_16.cif,./Al13Sc3N16/217/xtal_16.cif,-63.544037,88.17728
xtal_17.cif,./Al13Sc3N16/__initial__/217/xtal_17.cif,58.49375,71.16254
xtal_18.cif,./Al13Sc3N16/__initial__/217/xtal_18.cif,-72.73428,86.857124
xtal_19.cif,./Al13Sc3N16/__initial__/217/xtal_19.cif,-21.04583,25.772692
xtal_2.cif,./Al13Sc3N16/__initial__/217/xtal_2.cif,-73.66098,75.51909
xtal_20.cif,./Al13Sc3N16/217/xtal_20.cif,-11.872836,43.29803
xtal_21.cif,./Al13Sc3N16/__initial__/217/xtal_21.cif,-91.20113,-18.554182
xtal_22.cif,./Al13Sc3N16/__initial__/217/xtal_22.cif,-78.97623,76.42916
xtal_23.cif,./Al13Sc3N16/__initial__/217/xtal_23.cif,-20.510748,71.35862
xtal_24.cif,./Al13Sc3N16/217/xtal_24.cif,-69.05459,83.89516
xtal_25.cif,./Al13Sc3N16/217/xtal_25.cif,-62.944786,92.59666
xtal_26.cif,./Al13Sc3N16/__initial__/217/xtal_26.cif,-78.95893,76.31465
xtal_27.cif,./Al13Sc3N16/217/xtal_27.cif,52.516724,-46.369038
xtal_28.cif,./Al13Sc3N16/__initial__/217/xtal_28.cif,-58.010838,3.7395477
xtal_29.cif,./Al13Sc3N16/__initial__/217/xtal_29.cif,45.876198,-36.51017
xtal_3.cif,./Al13Sc3N16/217/xtal_3.cif,35.769287,-47.12791
xtal_30.cif,./Al13Sc3N16/217/xtal_30.cif,-68.885735,81.72843
xtal_31.cif,./Al13Sc3N16/217/xtal_31.cif,-68.32635,82.11051
xtal_32.cif,./Al13Sc3N16/217/xtal_32.cif,72.486206,66.34722
xtal_33.cif,./Al13Sc3N16/__initial__/217/xtal_33.cif,-24.460838,59.20439
xtal_34.cif,./Al13Sc3N16/__initial__/217/xtal_34.cif,29.920963,-45.099133
xtal_35.cif,./Al13Sc3N16/__initial__/217/xtal_35.cif,-55.356567,81.4066
xtal_36.cif,./Al13Sc3N16/217/xtal_36.cif,-37.84439,8.851972
xtal_37.cif,./Al13Sc3N16/217/xtal_37.cif,-30.346497,14.817383
xtal_38.cif,./Al13Sc3N16/__initial__/217/xtal_38.cif,-7.7618403,-47.3546
xtal_39.cif,./Al13Sc3N16/217/xtal_39.cif,-10.630516,-8.02896
xtal_4.cif,./Al13Sc3N16/217/xtal_4.cif,-6.086517,-11.919331
xtal_40.cif,./Al13Sc3N16/217/xtal_40.cif,-31.728706,24.860432
xtal_41.cif,./Al13Sc3N16/217/xtal_41.cif,-29.498222,51.473953
xtal_42.cif,./Al13Sc3N16/217/xtal_42.cif,9.157644,-62.11751
xtal_43.cif,./Al13Sc3N16/__initial__/217/xtal_43.cif,-32.328163,-38.02354
xtal_44.cif,./Al13Sc3N16/__initial__/217/xtal_44.cif,-73.22097,86.10071
xtal_45.cif,./Al13Sc3N16/217/xtal_45.cif,-37.075077,12.274481
xtal_46.cif,./Al13Sc3N16/__initial__/217/xtal_46.cif,-51.615246,84.34102
xtal_47.cif,./Al13Sc3N16/__initial__/217/xtal_47.cif,-31.276527,94.18012
xtal_48.cif,./Al13Sc3N16/__initial__/217/xtal_48.cif,-33.688507,-33.25717
xtal_49.cif,./Al13Sc3N16/217/xtal_49.cif,57.61366,74.58168
xtal_5.cif,./Al13Sc3N16/__initial__/217/xtal_5.cif,-74.22506,-30.3284
xtal_50.cif,./Al13Sc3N16/__initial__/217/xtal_50.cif,-66.37741,83.92449
xtal_51.cif,./Al13Sc3N16/__initial__/217/xtal_51.cif,-68.7157,86.36359
xtal_52.cif,./Al13Sc3N16/__initial__/217/xtal_52.cif,-19.33667,10.3695345
xtal_53.cif,./Al13Sc3N16/217/xtal_53.cif,-18.249477,-40.634514
xtal_54.cif,./Al13Sc3N16/__initial__/217/xtal_54.cif,-68.8481,81.766594
xtal_55.cif,./Al13Sc3N16/217/xtal_55.cif,-7.6078587,-41.129345
xtal_56.cif,./Al13Sc3N16/__initial__/217/xtal_56.cif,-81.916985,-35.262196
xtal_57.cif,./Al13Sc3N16/217/xtal_57.cif,-28.966255,19.3357
xtal_58.cif,./Al13Sc3N16/217/xtal_58.cif,-44.938663,-17.212914
xtal_59.cif,./Al13Sc3N16/217/xtal_59.cif,-41.18147,92.609665
xtal_6.cif,./Al13Sc3N16/217/xtal_6.cif,65.92158,-79.23002
xtal_60.cif,./Al13Sc3N16/217/xtal_60.cif,31.271778,94.30625
xtal_61.cif,./Al13Sc3N16/__initial__/217/xtal_61.cif,-55.02048,2.1021247
xtal_62.cif,./Al13Sc3N16/217/xtal_62.cif,-46.026093,-29.23041
xtal_63.cif,./Al13Sc3N16/__initial__/217/xtal_63.cif,96.37847,-12.714743
xtal_64.cif,./Al13Sc3N16/217/xtal_64.cif,-25.330856,-33.97919
xtal_65.cif,./Al13Sc3N16/__initial__/217/xtal_65.cif,-44.872505,-17.030142
xtal_66.cif,./Al13Sc3N16/__initial__/217/xtal_66.cif,49.864468,75.13936
xtal_67.cif,./Al13Sc3N16/__initial__/217/xtal_67.cif,-50.549156,-5.6756043
xtal_68.cif,./Al13Sc3N16/217/xtal_68.cif,-53.00024,-81.97739
xtal_69.cif,./Al13Sc3N16/__initial__/217/xtal_69.cif,-59.323654,81.30533
xtal_7.cif,./Al13Sc3N16/__initial__/217/xtal_7.cif,-24.619324,67.97349
xtal_70.cif,./Al13Sc3N16/__initial__/217/xtal_70.cif,-64.24554,83.132484
xtal_71.cif,./Al13Sc3N16/__initial__/217/xtal_71.cif,-107.961044,6.3031716
xtal_72.cif,./Al13Sc3N16/217/xtal_72.cif,-57.66864,75.20166
xtal_73.cif,./Al13Sc3N16/__initial__/217/xtal_73.cif,66.23282,28.990505
xtal_74.cif,./Al13Sc3N16/__initial__/217/xtal_74.cif,-55.821545,-42.944016
xtal_75.cif,./Al13Sc3N16/217/xtal_75.cif,96.84023,-19.194912
xtal_76.cif,./Al13Sc3N16/217/xtal_76.cif,20.692379,-2.1191633
xtal_77.cif,./Al13Sc3N16/__initial__/217/xtal_77.cif,-52.914467,-81.9328
xtal_78.cif,./Al13Sc3N16/__initial__/217/xtal_78.cif,17.948027,84.98675
xtal_79.cif,./Al13Sc3N16/217/xtal_79.cif,-27.023579,64.90258
xtal_8.cif,./Al13Sc3N16/__initial__/217/xtal_8.cif,72.48516,66.31443
xtal_80.cif,./Al13Sc3N16/217/xtal_80.cif,26.9185,30.246637
xtal_81.cif,./Al13Sc3N16/217/xtal_81.cif,-78.648186,76.30183
xtal_82.cif,./Al13Sc3N16/217/xtal_82.cif,0.22021651,90.78081
xtal_83.cif,./Al13Sc3N16/__initial__/217/xtal_83.cif,-96.866165,-37.37981
xtal_84.cif,./Al13Sc3N16/217/xtal_84.cif,13.510876,-30.165804
xtal_85.cif,./Al13Sc3N16/217/xtal_85.cif,-26.841125,59.64033
xtal_86.cif,./Al13Sc3N16/__initial__/217/xtal_86.cif,-45.667267,11.2674
xtal_87.cif,./Al13Sc3N16/__initial__/217/xtal_87.cif,-80.007614,76.71707
xtal_88.cif,./Al13Sc3N16/217/xtal_88.cif,58.47942,42.846653
xtal_89.cif,./Al13Sc3N16/__initial__/217/xtal_89.cif,-57.397232,3.0182538
xtal_9.cif,./Al13Sc3N16/__initial__/217/xtal_9.cif,-55.825127,-18.693293
xtal_90.cif,./Al13Sc3N16/217/xtal_90.cif,-8.814182,59.19222
xtal_91.cif,./Al13Sc3N16/__initial__/217/xtal_91.cif,-8.671814,7.3991284
xtal_92.cif,./Al13Sc3N16/217/xtal_92.cif,-68.27801,86.1061
xtal_93.cif,./Al13Sc3N16/217/xtal_93.cif,-33.228973,57.883255
xtal_94.cif,./Al13Sc3N16/217/xtal_94.cif,-9.302188,5.283681
xtal_95.cif,./Al13Sc3N16/217/xtal_95.cif,-68.35698,86.30221
xtal_96.cif,./Al13Sc3N16/217/xtal_96.cif,100.35074,-2.0835757
xtal_97.cif,./Al13Sc3N16/217/xtal_97.cif,82.06236,31.528788
xtal_98.cif,./Al13Sc3N16/217/xtal_98.cif,-25.956152,60.4704
xtal_99.cif,./Al13Sc3N16/217/xtal_99.cif,-64.34172,80.66766
xtal_1.cif,./Al13Sc3N16/__initial__/218/xtal_1.cif,-20.034515,60.07069
xtal_10.cif,./Al13Sc3N16/218/xtal_10.cif,-29.551933,-50.45042
xtal_100.cif,./Al13Sc3N16/__initial__/218/xtal_100.cif,8.266565,16.210182
xtal_11.cif,./Al13Sc3N16/__initial__/218/xtal_11.cif,-89.380714,-24.855553
xtal_12.cif,./Al13Sc3N16/218/xtal_12.cif,-51.000664,-56.994755
xtal_13.cif,./Al13Sc3N16/__initial__/218/xtal_13.cif,-49.03727,88.43456
xtal_14.cif,./Al13Sc3N16/__initial__/218/xtal_14.cif,-33.47321,81.32563
xtal_15.cif,./Al13Sc3N16/__initial__/218/xtal_15.cif,-41.624035,36.19408
xtal_16.cif,./Al13Sc3N16/218/xtal_16.cif,38.836952,-81.088936
xtal_17.cif,./Al13Sc3N16/218/xtal_17.cif,33.301605,12.278351
xtal_18.cif,./Al13Sc3N16/218/xtal_18.cif,-81.3542,-41.903404
xtal_19.cif,./Al13Sc3N16/218/xtal_19.cif,-12.125715,92.783066
xtal_2.cif,./Al13Sc3N16/__initial__/218/xtal_2.cif,-56.964157,82.3123
xtal_20.cif,./Al13Sc3N16/__initial__/218/xtal_20.cif,-42.821598,37.74443
xtal_21.cif,./Al13Sc3N16/__initial__/218/xtal_21.cif,-22.421593,16.476263
xtal_22.cif,./Al13Sc3N16/__initial__/218/xtal_22.cif,-74.06485,-6.2324185
xtal_23.cif,./Al13Sc3N16/218/xtal_23.cif,58.275867,39.571556
xtal_24.cif,./Al13Sc3N16/218/xtal_24.cif,85.223206,13.858236
xtal_25.cif,./Al13Sc3N16/218/xtal_25.cif,-17.907566,-30.525236
xtal_26.cif,./Al13Sc3N16/__initial__/218/xtal_26.cif,39.471485,-4.436526
xtal_27.cif,./Al13Sc3N16/__initial__/218/xtal_27.cif,-8.351378,33.74285
xtal_28.cif,./Al13Sc3N16/__initial__/218/xtal_28.cif,-71.34225,36.339493
xtal_29.cif,./Al13Sc3N16/218/xtal_29.cif,-13.945858,-77.33346
xtal_3.cif,./Al13Sc3N16/218/xtal_3.cif,-37.323875,93.33811
xtal_30.cif,./Al13Sc3N16/__initial__/218/xtal_30.cif,-25.804813,-35.20774
xtal_31.cif,./Al13Sc3N16/218/xtal_31.cif,-51.415855,13.664691
xtal_32.cif,./Al13Sc3N16/218/xtal_32.cif,34.83389,13.46162
xtal_33.cif,./Al13Sc3N16/__initial__/218/xtal_33.cif,-40.464367,35.557465
xtal_34.cif,./Al13Sc3N16/__initial__/218/xtal_34.cif,-26.162685,21.508606
xtal_35.cif,./Al13Sc3N16/218/xtal_35.cif,-56.444942,25.013899
xtal_36.cif,./Al13Sc3N16/218/xtal_36.cif,35.609467,40.18898
xtal_37.cif,./Al13Sc3N16/__initial__/218/xtal_37.cif,-79.09457,69.3414
xtal_38.cif,./Al13Sc3N16/218/xtal_38.cif,1.615048,-41.388412
xtal_39.cif,./Al13Sc3N16/__initial__/218/xtal_39.cif,-6.0149384,26.138313
xtal_4.cif,./Al13Sc3N16/218/xtal_4.cif,1.6994041,-4.8048096
xtal_40.cif,./Al13Sc3N16/218/xtal_40.cif,-47.125187,-65.61121
xtal_41.cif,./Al13Sc3N16/__initial__/218/xtal_41.cif,-59.117485,-25.458033
xtal_42.cif,./Al13Sc3N16/__initial__/218/xtal_42.cif,69.952705,-66.729744
xtal_43.cif,./Al13Sc3N16/218/xtal_43.cif,41.881306,15.636843
xtal_44.cif,./Al13Sc3N16/__initial__/218/xtal_44.cif,-19.509499,-61.493958
xtal_45.cif,./Al13Sc3N16/218/xtal_45.cif,-20.141914,60.170887
xtal_46.cif,./Al13Sc3N16/218/xtal_46.cif,-45.743748,24.278105
xtal_47.cif,./Al13Sc3N16/__initial__/218/xtal_47.cif,20.724913,77.7519
xtal_48.cif,./Al13Sc3N16/218/xtal_48.cif,-11.887944,6.389843
xtal_49.cif,./Al13Sc3N16/218/xtal_49.cif,43.30538,48.430107
xtal_5.cif,./Al13Sc3N16/218/xtal_5.cif,29.081835,68.068794
xtal_50.cif,./Al13Sc3N16/218/xtal_50.cif,-64.45866,80.80165
xtal_51.cif,./Al13Sc3N16/__initial__/218/xtal_51.cif,15.9863,5.369733
xtal_52.cif,./Al13Sc3N16/218/xtal_52.cif,75.38951,23.820507
xtal_53.cif,./Al13Sc3N16/218/xtal_53.cif,39.415646,-82.95004
xtal_54.cif,./Al13Sc3N16/218/xtal_54.cif,-21.468767,-60.86349
xtal_55.cif,./Al13Sc3N16/218/xtal_55.cif,92.06865,4.752212
xtal_56.cif,./Al13Sc3N16/__initial__/218/xtal_56.cif,70.833626,19.442581
xtal_57.cif,./Al13Sc3N16/__initial__/218/xtal_57.cif,-47.57138,82.57264
xtal_58.cif,./Al13Sc3N16/__initial__/218/xtal_58.cif,47.589157,16.904472
xtal_59.cif,./Al13Sc3N16/__initial__/218/xtal_59.cif,21.153337,30.708288
xtal_6.cif,./Al13Sc3N16/218/xtal_6.cif,36.78937,36.983826
xtal_60.cif,./Al13Sc3N16/__initial__/218/xtal_60.cif,39.885002,-25.58281
xtal_61.cif,./Al13Sc3N16/218/xtal_61.cif,21.279034,-22.77959
xtal_62.cif,./Al13Sc3N16/218/xtal_62.cif,39.11983,-4.458482
xtal_63.cif,./Al13Sc3N16/218/xtal_63.cif,45.699753,-59.69884
xtal_64.cif,./Al13Sc3N16/218/xtal_64.cif,-53.848312,7.7557597
xtal_65.cif,./Al13Sc3N16/218/xtal_65.cif,-76.71035,69.70749
xtal_66.cif,./Al13Sc3N16/218/xtal_66.cif,44.402218,-26.954676
xtal_67.cif,./Al13Sc3N16/__initial__/218/xtal_67.cif,64.59896,73.60026
xtal_68.cif,./Al13Sc3N16/218/xtal_68.cif,-34.985023,14.794389
xtal_69.cif,./Al13Sc3N16/__initial__/218/xtal_69.cif,75.69599,0.78253174
xtal_7.cif,./Al13Sc3N16/__initial__/218/xtal_7.cif,-50.53357,-42.89607
xtal_70.cif,./Al13Sc3N16/218/xtal_70.cif,58.49227,54.71606
xtal_71.cif,./Al13Sc3N16/218/xtal_71.cif,72.97461,59.752823
xtal_72.cif,./Al13Sc3N16/__initial__/218/xtal_72.cif,-47.72812,82.548294
xtal_73.cif,./Al13Sc3N16/__initial__/218/xtal_73.cif,59.290142,-20.120804
xtal_74.cif,./Al13Sc3N16/__initial__/218/xtal_74.cif,-60.529644,8.282564
xtal_75.cif,./Al13Sc3N16/__initial__/218/xtal_75.cif,-48.700695,-68.774864
xtal_76.cif,./Al13Sc3N16/218/xtal_76.cif,31.119715,90.61754
xtal_77.cif,./Al13Sc3N16/__initial__/218/xtal_77.cif,5.2958345,-56.50136
xtal_78.cif,./Al13Sc3N16/218/xtal_78.cif,-50.27724,-10.675891
xtal_79.cif,./Al13Sc3N16/__initial__/218/xtal_79.cif,52.92842,37.289604
xtal_8.cif,./Al13Sc3N16/__initial__/218/xtal_8.cif,14.434735,-28.770601
xtal_80.cif,./Al13Sc3N16/218/xtal_80.cif,43.11621,84.16271
xtal_81.cif,./Al13Sc3N16/218/xtal_81.cif,-38.689304,29.070545
xtal_82.cif,./Al13Sc3N16/__initial__/218/xtal_82.cif,-37.742344,77.598946
xtal_83.cif,./Al13Sc3N16/218/xtal_83.cif,-6.054146,61.11268
xtal_84.cif,./Al13Sc3N16/__initial__/218/xtal_84.cif,-16.280518,79.56015
xtal_85.cif,./Al13Sc3N16/218/xtal_85.cif,-15.6017685,46.142258
xtal_86.cif,./Al13Sc3N16/__initial__/218/xtal_86.cif,-79.144684,68.78317
xtal_87.cif,./Al13Sc3N16/__initial__/218/xtal_87.cif,26.565804,-10.421564
xtal_88.cif,./Al13Sc3N16/__initial__/218/xtal_88.cif,36.40634,93.22111
xtal_89.cif,./Al13Sc3N16/__initial__/218/xtal_89.cif,-56.321995,14.093706
xtal_9.cif,./Al13Sc3N16/__initial__/218/xtal_9.cif,-9.406797,-61.423206
xtal_90.cif,./Al13Sc3N16/__initial__/218/xtal_90.cif,-23.763855,94.01657
xtal_91.cif,./Al13Sc3N16/__initial__/218/xtal_91.cif,-55.19423,-2.0667622
xtal_92.cif,./Al13Sc3N16/218/xtal_92.cif,55.387024,-8.71531
xtal_93.cif,./Al13Sc3N16/218/xtal_93.cif,-46.451176,22.414036
xtal_94.cif,./Al13Sc3N16/__initial__/218/xtal_94.cif,-25.467096,62.471264
xtal_95.cif,./Al13Sc3N16/218/xtal_95.cif,17.075796,-19.737583
xtal_96.cif,./Al13Sc3N16/__initial__/218/xtal_96.cif,96.34172,-19.901484
xtal_97.cif,./Al13Sc3N16/__initial__/218/xtal_97.cif,-47.708626,87.64944
xtal_98.cif,./Al13Sc3N16/218/xtal_98.cif,-3.223237,-52.57085
xtal_99.cif,./Al13Sc3N16/218/xtal_99.cif,6.4534607,25.16632
xtal_1.cif,./Al13Sc3N16/221/xtal_1.cif,31.394001,22.78214
xtal_10.cif,./Al13Sc3N16/__initial__/221/xtal_10.cif,-73.28639,-31.542885
xtal_100.cif,./Al13Sc3N16/221/xtal_100.cif,-66.15032,79.5981
xtal_11.cif,./Al13Sc3N16/__initial__/221/xtal_11.cif,-34.702847,55.52519
xtal_12.cif,./Al13Sc3N16/221/xtal_12.cif,23.784449,10.768271
xtal_13.cif,./Al13Sc3N16/__initial__/221/xtal_13.cif,-17.985853,-65.87284
xtal_14.cif,./Al13Sc3N16/__initial__/221/xtal_14.cif,-3.057817,61.653034
xtal_15.cif,./Al13Sc3N16/221/xtal_15.cif,-49.89029,75.741974
xtal_16.cif,./Al13Sc3N16/221/xtal_16.cif,-2.907773,61.31149
xtal_17.cif,./Al13Sc3N16/__initial__/221/xtal_17.cif,-67.36549,78.3847
xtal_18.cif,./Al13Sc3N16/__initial__/221/xtal_18.cif,-34.70848,-34.702946
xtal_19.cif,./Al13Sc3N16/221/xtal_19.cif,-33.17073,54.561184
xtal_2.cif,./Al13Sc3N16/221/xtal_2.cif,-0.9295897,23.345411
xtal_20.cif,./Al13Sc3N16/__initial__/221/xtal_20.cif,10.971506,-27.796682
xtal_21.cif,./Al13Sc3N16/221/xtal_21.cif,-19.67914,57.891544
xtal_22.cif,./Al13Sc3N16/221/xtal_22.cif,-25.076633,-39.2562
xtal_23.cif,./Al13Sc3N16/221/xtal_23.cif,-4.1887445,-19.6646
xtal_24.cif,./Al13Sc3N16/__initial__/221/xtal_24.cif,-68.55173,76.03615
xtal_25.cif,./Al13Sc3N16/__initial__/221/xtal_25.cif,-67.638054,75.88782
xtal_26.cif,./Al13Sc3N16/__initial__/221/xtal_26.cif,-71.01856,-6.7682514
xtal_27.cif,./Al13Sc3N16/__initial__/221/xtal_27.cif,-66.82071,83.72166
xtal_28.cif,./Al13Sc3N16/221/xtal_28.cif,20.620024,-0.36973268
xtal_29.cif,./Al13Sc3N16/221/xtal_29.cif,-22.375103,52.898808
xtal_3.cif,./Al13Sc3N16/__initial__/221/xtal_3.cif,30.013693,8.282161
xtal_30.cif,./Al13Sc3N16/__initial__/221/xtal_30.cif,-23.192627,-76.68626
xtal_31.cif,./Al13Sc3N16/221/xtal_31.cif,-29.793478,50.78749
xtal_32.cif,./Al13Sc3N16/__initial__/221/xtal_32.cif,-36.395035,54.582714
xtal_33.cif,./Al13Sc3N16/221/xtal_33.cif,-27.582432,72.58159
xtal_34.cif,./Al13Sc3N16/221/xtal_34.cif,-56.069508,-10.907478
xtal_35.cif,./Al13Sc3N16/221/xtal_35.cif,18.452454,-6.5423594
xtal_36.cif,./Al13Sc3N16/__initial__/221/xtal_36.cif,-7.240128,-14.469019
xtal_37.cif,./Al13Sc3N16/221/xtal_37.cif,-56.307575,24.952936
xtal_38.cif,./Al13Sc3N16/__initial__/221/xtal_38.cif,-21.606981,83.79394
xtal_39.cif,./Al13Sc3N16/__initial__/221/xtal_39.cif,48.724815,67.4732
xtal_4.cif,./Al13Sc3N16/__initial__/221/xtal_4.cif,10.864661,-6.05067
xtal_40.cif,./Al13Sc3N16/__initial__/221/xtal_40.cif,38.56838,45.30686
xtal_41.cif,./Al13Sc3N16/221/xtal_41.cif,-11.823526,-44.514595
xtal_42.cif,./Al13Sc3N16/__initial__/221/xtal_42.cif,-21.357594,72.59449
xtal_43.cif,./Al13Sc3N16/__initial__/221/xtal_43.cif,-19.201553,20.123774
xtal_44.cif,./Al13Sc3N16/__initial__/221/xtal_44.cif,-92.52489,-10.250233
xtal_45.cif,./Al13Sc3N16/221/xtal_45.cif,-38.588116,90.58817
xtal_46.cif,./Al13Sc3N16/221/xtal_46.cif,-32.53743,59.52537
xtal_47.cif,./Al13Sc3N16/__initial__/221/xtal_47.cif,-58.309998,-7.49428
xtal_48.cif,./Al13Sc3N16/__initial__/221/xtal_48.cif,-56.60385,81.442055
xtal_49.cif,./Al13Sc3N16/__initial__/221/xtal_49.cif,41.683,28.23594
xtal_5.cif,./Al13Sc3N16/__initial__/221/xtal_5.cif,-43.69247,-50.120922
xtal_50.cif,./Al13Sc3N16/221/xtal_50.cif,19.296366,-19.023954
xtal_51.cif,./Al13Sc3N16/__initial__/221/xtal_51.cif,-67.03637,78.86702
xtal_52.cif,./Al13Sc3N16/221/xtal_52.cif,-84.83569,-34.535336
xtal_53.cif,./Al13Sc3N16/221/xtal_53.cif,-30.507458,59.10681
xtal_54.cif,./Al13Sc3N16/__initial__/221/xtal_54.cif,27.704485,92.23158
xtal_55.cif,./Al13Sc3N16/__initial__/221/xtal_55.cif,-89.93786,-53.123646
xtal_56.cif,./Al13Sc3N16/221/xtal_56.cif,-59.01848,85.926094
xtal_57.cif,./Al13Sc3N16/__initial__/221/xtal_57.cif,13.5314865,2.5487227
xtal_58.cif,./Al13Sc3N16/221/xtal_58.cif,-41.23338,31.391369
xtal_59.cif,./Al13Sc3N16/__initial__/221/xtal_59.cif,-59.076534,85.91191
xtal_6.cif,./Al13Sc3N16/__initial__/221/xtal_6.cif,33.32191,44.457428
xtal_60.cif,./Al13Sc3N16/__initial__/221/xtal_60.cif,-18.923931,19.54057
xtal_61.cif,./Al13Sc3N16/__initial__/221/xtal_61.cif,18.9705,22.42121
xtal_62.cif,./Al13Sc3N16/221/xtal_62.cif,5.006514,91.051636
xtal_63.cif,./Al13Sc3N16/__initial__/221/xtal_63.cif,-76.52511,76.080025
xtal_64.cif,./Al13Sc3N16/__initial__/221/xtal_64.cif,-28.259153,-65.87587
xtal_65.cif,./Al13Sc3N16/221/xtal_65.cif,-77.3849,75.72607
xtal_66.cif,./Al13Sc3N16/__initial__/221/xtal_66.cif,-16.33612,75.00694
xtal_67.cif,./Al13Sc3N16/__initial__/221/xtal_67.cif,-8.749457,-14.308515
xtal_68.cif,./Al13Sc3N16/221/xtal_68.cif,43.36824,22.390347
xtal_69.cif,./Al13Sc3N16/__initial__/221/xtal_69.cif,-84.39332,-20.416136
xtal_7.cif,./Al13Sc3N16/__initial__/221/xtal_7.cif,54.939922,48.503468
xtal_70.cif,./Al13Sc3N16/221/xtal_70.cif,-68.195496,77.06772
xtal_71.cif,./Al13Sc3N16/__initial__/221/xtal_71.cif,-6.427067,-28.271444
xtal_72.cif,./Al13Sc3N16/221/xtal_72.cif,-31.33611,55.42626
xtal_73.cif,./Al13Sc3N16/221/xtal_73.cif,-32.869473,56.024548
xtal_74.cif,./Al13Sc3N16/221/xtal_74.cif,-34.61118,59.237923
xtal_75.cif,./Al13Sc3N16/__initial__/221/xtal_75.cif,33.643284,30.738258
xtal_76.cif,./Al13Sc3N16/221/xtal_76.cif,-3.0161624,91.31673
xtal_77.cif,./Al13Sc3N16/__initial__/221/xtal_77.cif,-24.7434,18.746002
xtal_78.cif,./Al13Sc3N16/221/xtal_78.cif,69.79075,66.68203
xtal_79.cif,./Al13Sc3N16/221/xtal_79.cif,59.87167,55.425877
xtal_8.cif,./Al13Sc3N16/__initial__/221/xtal_8.cif,-86.79326,-10.050706
xtal_80.cif,./Al13Sc3N16/221/xtal_80.cif,-46.223534,-29.503601
xtal_81.cif,./Al13Sc3N16/221/xtal_81.cif,-14.894328,36.390297
xtal_82.cif,./Al13Sc3N16/__initial__/221/xtal_82.cif,-49.101173,-52.639843
xtal_83.cif,./Al13Sc3N16/221/xtal_83.cif,-64.65565,-47.817963
xtal_84.cif,./Al13Sc3N16/__initial__/221/xtal_84.cif,-33.771248,57.834568
xtal_85.cif,./Al13Sc3N16/221/xtal_85.cif,33.11702,35.246815
xtal_86.cif,./Al13Sc3N16/221/xtal_86.cif,17.179022,-23.49241
xtal_87.cif,./Al13Sc3N16/__initial__/221/xtal_87.cif,41.244244,75.68606
xtal_88.cif,./Al13Sc3N16/__initial__/221/xtal_88.cif,-10.105182,38.844643
xtal_89.cif,./Al13Sc3N16/__initial__/221/xtal_89.cif,4.0810924,-30.897667
xtal_9.cif,./Al13Sc3N16/221/xtal_9.cif,-45.39245,16.684988
xtal_90.cif,./Al13Sc3N16/221/xtal_90.cif,-27.973005,-51.49295
xtal_91.cif,./Al13Sc3N16/221/xtal_91.cif,-58.5069,-21.138863
xtal_92.cif,./Al13Sc3N16/221/xtal_92.cif,37.543827,32.069878
xtal_93.cif,./Al13Sc3N16/__initial__/221/xtal_93.cif,-21.039913,67.551125
xtal_94.cif,./Al13Sc3N16/221/xtal_94.cif,-73.74446,75.84126
xtal_95.cif,./Al13Sc3N16/221/xtal_95.cif,-76.78807,68.06458
xtal_96.cif,./Al13Sc3N16/221/xtal_96.cif,-10.193134,90.42426
xtal_97.cif,./Al13Sc3N16/221/xtal_97.cif,42.817467,51.308834
xtal_98.cif,./Al13Sc3N16/221/xtal_98.cif,7.9083395,81.73214
xtal_99.cif,./Al13Sc3N16/221/xtal_99.cif,-24.94158,17.388514
xtal_1.cif,./Al13Sc3N16/222/xtal_1.cif,-45.698635,10.452007
xtal_10.cif,./Al13Sc3N16/__initial__/222/xtal_10.cif,-29.247643,68.18459
xtal_100.cif,./Al13Sc3N16/222/xtal_100.cif,-4.924975,-21.264746
xtal_11.cif,./Al13Sc3N16/__initial__/222/xtal_11.cif,-39.674156,-28.806355
xtal_12.cif,./Al13Sc3N16/222/xtal_12.cif,-48.719948,-70.82844
xtal_13.cif,./Al13Sc3N16/__initial__/222/xtal_13.cif,-65.40395,-41.286198
xtal_14.cif,./Al13Sc3N16/__initial__/222/xtal_14.cif,-29.334068,62.96271
xtal_15.cif,./Al13Sc3N16/222/xtal_15.cif,-26.262903,62.032707
xtal_16.cif,./Al13Sc3N16/222/xtal_16.cif,-21.392166,60.701694
xtal_17.cif,./Al13Sc3N16/222/xtal_17.cif,-30.133696,63.3581
xtal_18.cif,./Al13Sc3N16/__initial__/222/xtal_18.cif,-29.331629,62.849857
xtal_19.cif,./Al13Sc3N16/__initial__/222/xtal_19.cif,39.42259,13.636285
xtal_2.cif,./Al13Sc3N16/__initial__/222/xtal_2.cif,-23.8572,20.917625
xtal_20.cif,./Al13Sc3N16/__initial__/222/xtal_20.cif,-40.68769,92.64677
xtal_21.cif,./Al13Sc3N16/__initial__/222/xtal_21.cif,2.1224997,-40.603065
xtal_22.cif,./Al13Sc3N16/__initial__/222/xtal_22.cif,-43.226856,92.55967
xtal_23.cif,./Al13Sc3N16/222/xtal_23.cif,-28.992188,63.443962
xtal_24.cif,./Al13Sc3N16/222/xtal_24.cif,-32.87003,94.20915
xtal_25.cif,./Al13Sc3N16/__initial__/222/xtal_25.cif,-90.61643,-3.945859
xtal_26.cif,./Al13Sc3N16/222/xtal_26.cif,25.7711,8.952755
xtal_27.cif,./Al13Sc3N16/222/xtal_27.cif,20.41286,-22.22431
xtal_28.cif,./Al13Sc3N16/222/xtal_28.cif,31.874735,34.351368
xtal_29.cif,./Al13Sc3N16/__initial__/222/xtal_29.cif,-22.930315,57.404427
xtal_3.cif,./Al13Sc3N16/__initial__/222/xtal_3.cif,-9.083929,3.755489
xtal_30.cif,./Al13Sc3N16/222/xtal_30.cif,-31.083395,93.95186
xtal_31.cif,./Al13Sc3N16/222/xtal_31.cif,-20.163454,26.806652
xtal_32.cif,./Al13Sc3N16/222/xtal_32.cif,-43.39932,-50.513554
xtal_33.cif,./Al13Sc3N16/222/xtal_33.cif,38.411285,89.513
xtal_34.cif,./Al13Sc3N16/__initial__/222/xtal_34.cif,44.277416,75.61665
xtal_35.cif,./Al13Sc3N16/222/xtal_35.cif,-27.022459,58.900627
xtal_36.cif,./Al13Sc3N16/__initial__/222/xtal_36.cif,-27.940504,60.474384
xtal_37.cif,./Al13Sc3N16/__initial__/222/xtal_37.cif,11.521182,-19.919098
xtal_38.cif,./Al13Sc3N16/222/xtal_38.cif,-7.9872265,33.534798
xtal_39.cif,./Al13Sc3N16/222/xtal_39.cif,41.93869,45.050255
xtal_4.cif,./Al13Sc3N16/__initial__/222/xtal_4.cif,-28.149422,17.994572
xtal_40.cif,./Al13Sc3N16/222/xtal_40.cif,-29.635765,63.253746
xtal_41.cif,./Al13Sc3N16/__initial__/222/xtal_41.cif,-54.477356,-42.44475
xtal_42.cif,./Al13Sc3N16/222/xtal_42.cif,-54.600266,-42.492012
xtal_43.cif,./Al13Sc3N16/222/xtal_43.cif,-64.67758,-42.320404
xtal_44.cif,./Al13Sc3N16/__initial__/222/xtal_44.cif,22.641684,8.191344
xtal_45.cif,./Al13Sc3N16/__initial__/222/xtal_45.cif,-41.55564,94.10321
xtal_46.cif,./Al13Sc3N16/222/xtal_46.cif,41.741566,19.982718
xtal_47.cif,./Al13Sc3N16/__initial__/222/xtal_47.cif,45.97432,28.186544
xtal_48.cif,./Al13Sc3N16/222/xtal_48.cif,-61.0137,80.555115
xtal_49.cif,./Al13Sc3N16/__initial__/222/xtal_49.cif,-28.133059,16.937395
xtal_5.cif,./Al13Sc3N16/__initial__/222/xtal_5.cif,-70.01428,-37.762127
xtal_50.cif,./Al13Sc3N16/222/xtal_50.cif,-26.781057,59.355255
xtal_51.cif,./Al13Sc3N16/222/xtal_51.cif,-32.691826,-39.334454
xtal_52.cif,./Al13Sc3N16/222/xtal_52.cif,-8.810581,-14.310573
xtal_53.cif,./Al13Sc3N16/__initial__/222/xtal_53.cif,27.279737,86.843124
xtal_54.cif,./Al13Sc3N16/222/xtal_54.cif,29.176065,37.247726
xtal_55.cif,./Al13Sc3N16/222/xtal_55.cif,-21.35485,60.358273
xtal_56.cif,./Al13Sc3N16/__initial__/222/xtal_56.cif,42.68293,18.647161
xtal_57.cif,./Al13Sc3N16/222/xtal_57.cif,-30.74838,62.77123
xtal_58.cif,./Al13Sc3N16/__initial__/222/xtal_58.cif,46.122234,83.95798
xtal_59.cif,./Al13Sc3N16/__initial__/222/xtal_59.cif,-5.5926886,-51.077164
xtal_6.cif,./Al13Sc3N16/__initial__/222/xtal_6.cif,-68.214714,86.20054
xtal_60.cif,./Al13Sc3N16/__initial__/222/xtal_60.cif,-102.26744,-28.223156
xtal_61.cif,./Al13Sc3N16/__initial__/222/xtal_61.cif,-22.652767,53.75003
xtal_62.cif,./Al13Sc3N16/__initial__/222/xtal_62.cif,-16.493837,-4.244266
xtal_63.cif,./Al13Sc3N16/222/xtal_63.cif,-20.380087,-48.05758
xtal_64.cif,./Al13Sc3N16/__initial__/222/xtal_64.cif,-59.936974,80.36053
xtal_65.cif,./Al13Sc3N16/__initial__/222/xtal_65.cif,-34.566532,94.24712
xtal_66.cif,./Al13Sc3N16/222/xtal_66.cif,-23.143972,52.411358
xtal_67.cif,./Al13Sc3N16/222/xtal_67.cif,-75.93437,-39.47747
xtal_68.cif,./Al13Sc3N16/__initial__/222/xtal_68.cif,25.585545,8.783916
xtal_69.cif,./Al13Sc3N16/222/xtal_69.cif,-31.123022,63.060696
xtal_7.cif,./Al13Sc3N16/__initial__/222/xtal_7.cif,-57.869553,-46.690845
xtal_70.cif,./Al13Sc3N16/__initial__/222/xtal_70.cif,20.82302,20.987211
xtal_71.cif,./Al13Sc3N16/__initial__/222/xtal_71.cif,-61.032524,80.423195
xtal_72.cif,./Al13Sc3N16/222/xtal_72.cif,49.84548,35.518955
xtal_73.cif,./Al13Sc3N16/__initial__/222/xtal_73.cif,-35.11126,94.436806
xtal_74.cif,./Al13Sc3N16/__initial__/222/xtal_74.cif,-71.01661,87.60369
xtal_75.cif,./Al13Sc3N16/222/xtal_75.cif,-31.160707,94.30875
xtal_76.cif,./Al13Sc3N16/__initial__/222/xtal_76.cif,-5.211602,-21.365154
xtal_77.cif,./Al13Sc3N16/__initial__/222/xtal_77.cif,-31.61427,93.595474
xtal_78.cif,./Al13Sc3N16/222/xtal_78.cif,47.55907,24.480782
xtal_79.cif,./Al13Sc3N16/222/xtal_79.cif,-29.247442,68.12158
xtal_8.cif,./Al13Sc3N16/__initial__/222/xtal_8.cif,-42.68582,-26.462456
xtal_80.cif,./Al13Sc3N16/222/xtal_80.cif,-6.692767,-46.353348
xtal_81.cif,./Al13Sc3N16/__initial__/222/xtal_81.cif,6.091897,80.23381
xtal_82.cif,./Al13Sc3N16/__initial__/222/xtal_82.cif,33.984932,2.1918507
xtal_83.cif,./Al13Sc3N16/222/xtal_83.cif,-28.404314,63.82969
xtal_84.cif,./Al13Sc3N16/222/xtal_84.cif,-45.437157,-68.95586
xtal_85.cif,./Al13Sc3N16/222/xtal_85.cif,-9.38089,-46.31585
xtal_86.cif,./Al13Sc3N16/222/xtal_86.cif,-4.8487034,-21.547443
xtal_87.cif,./Al13Sc3N16/__initial__/222/xtal_87.cif,1.7495414,91.13034
xtal_88.cif,./Al13Sc3N16/222/xtal_88.cif,-26.61262,58.693073
xtal_89.cif,./Al13Sc3N16/__initial__/222/xtal_89.cif,7.217361,86.475945
xtal_9.cif,./Al13Sc3N16/222/xtal_9.cif,24.522135,8.007637
xtal_90.cif,./Al13Sc3N16/__initial__/222/xtal_90.cif,54.35787,39.53221
xtal_91.cif,./Al13Sc3N16/222/xtal_91.cif,32.13695,33.030247
xtal_92.cif,./Al13Sc3N16/222/xtal_92.cif,23.26673,10.328655
xtal_93.cif,./Al13Sc3N16/__initial__/222/xtal_93.cif,-17.324833,18.641977
xtal_94.cif,./Al13Sc3N16/222/xtal_94.cif,-42.138737,94.21834
xtal_95.cif,./Al13Sc3N16/__initial__/222/xtal_95.cif,-34.552505,94.25964
xtal_96.cif,./Al13Sc3N16/__initial__/222/xtal_96.cif,7.8787174,-27.578552
xtal_97.cif,./Al13Sc3N16/222/xtal_97.cif,-23.619747,20.990767
xtal_98.cif,./Al13Sc3N16/222/xtal_98.cif,-39.619648,92.28422
xtal_99.cif,./Al13Sc3N16/222/xtal_99.cif,-74.75588,-31.548536
xtal_1.cif,./Al13Sc3N16/__initial__/223/xtal_1.cif,65.74851,64.24952
xtal_10.cif,./Al13Sc3N16/__initial__/223/xtal_10.cif,22.968462,13.83097
xtal_100.cif,./Al13Sc3N16/__initial__/223/xtal_100.cif,-13.122747,7.708866
xtal_11.cif,./Al13Sc3N16/223/xtal_11.cif,19.264732,-18.738737
xtal_12.cif,./Al13Sc3N16/__initial__/223/xtal_12.cif,6.1302238,25.648455
xtal_13.cif,./Al13Sc3N16/223/xtal_13.cif,32.115578,34.825535
xtal_14.cif,./Al13Sc3N16/223/xtal_14.cif,35.928894,41.98521
xtal_15.cif,./Al13Sc3N16/223/xtal_15.cif,12.570811,-19.204588
xtal_16.cif,./Al13Sc3N16/__initial__/223/xtal_16.cif,-54.99248,2.1665606
xtal_17.cif,./Al13Sc3N16/223/xtal_17.cif,44.89844,42.36786
xtal_18.cif,./Al13Sc3N16/223/xtal_18.cif,-4.1338816,29.72615
xtal_19.cif,./Al13Sc3N16/__initial__/223/xtal_19.cif,11.586806,-23.809406
xtal_2.cif,./Al13Sc3N16/__initial__/223/xtal_2.cif,-23.1138,59.541565
xtal_20.cif,./Al13Sc3N16/__initial__/223/xtal_20.cif,-37.900295,-33.0378
xtal_21.cif,./Al13Sc3N16/__initial__/223/xtal_21.cif,-25.744598,37.469955
xtal_22.cif,./Al13Sc3N16/__initial__/223/xtal_22.cif,-90.74373,-4.0563726
xtal_23.cif,./Al13Sc3N16/__initial__/223/xtal_23.cif,-21.96803,33.585865
xtal_24.cif,./Al13Sc3N16/__initial__/223/xtal_24.cif,5.7806296,-16.072447
xtal_25.cif,./Al13Sc3N16/__initial__/223/xtal_25.cif,-61.68571,-39.54376
xtal_26.cif,./Al13Sc3N16/223/xtal_26.cif,19.398825,-16.446497
xtal_27.cif,./Al13Sc3N16/223/xtal_27.cif,17.164127,-19.65947
xtal_28.cif,./Al13Sc3N16/223/xtal_28.cif,42.400394,20.944849
xtal_29.cif,./Al13Sc3N16/223/xtal_29.cif,5.774202,-34.548077
xtal_3.cif,./Al13Sc3N16/223/xtal_3.cif,41.953587,43.67243
xtal_30.cif,./Al13Sc3N16/__initial__/223/xtal_30.cif,18.15103,-23.426033
xtal_31.cif,./Al13Sc3N16/__initial__/223/xtal_31.cif,48.57054,22.739359
xtal_32.cif,./Al13Sc3N16/223/xtal_32.cif,-26.294514,-34.409405
xtal_33.cif,./Al13Sc3N16/223/xtal_33.cif,25.844257,-10.7487755
xtal_34.cif,./Al13Sc3N16/223/xtal_34.cif,-17.731508,20.88327
xtal_35.cif,./Al13Sc3N16/223/xtal_35.cif,-5.1358294,-37.23352
xtal_36.cif,./Al13Sc3N16/__initial__/223/xtal_36.cif,60.23402,54.578594
xtal_37.cif,./Al13Sc3N16/__initial__/223/xtal_37.cif,34.565037,8.645716
xtal_38.cif,./Al13Sc3N16/223/xtal_38.cif,-16.505152,20.101183
xtal_39.cif,./Al13Sc3N16/__initial__/223/xtal_39.cif,-57.771,14.151518
xtal_4.cif,./Al13Sc3N16/223/xtal_4.cif,46.078728,28.83823
xtal_40.cif,./Al13Sc3N16/223/xtal_40.cif,58.33859,54.69169
xtal_41.cif,./Al13Sc3N16/__initial__/223/xtal_41.cif,-4.00771,29.534838
xtal_42.cif,./Al13Sc3N16/__initial__/223/xtal_42.cif,-18.709032,-28.172935
xtal_43.cif,./Al13Sc3N16/223/xtal_43.cif,-54.58077,14.364122
xtal_44.cif,./Al13Sc3N16/__initial__/223/xtal_44.cif,-55.950165,25.910418
xtal_45.cif,./Al13Sc3N16/223/xtal_45.cif,43.362827,53.309486
xtal_46.cif,./Al13Sc3N16/223/xtal_46.cif,17.543398,-22.064205
xtal_47.cif,./Al13Sc3N16/__initial__/223/xtal_47.cif,-79.68439,-39.38663
xtal_48.cif,./Al13Sc3N16/__initial__/223/xtal_48.cif,-17.93806,-30.185963
xtal_49.cif,./Al13Sc3N16/__initial__/223/xtal_49.cif,-106.25298,4.290282
xtal_5.cif,./Al13Sc3N16/__initial__/223/xtal_5.cif,-82.51286,68.68547
xtal_50.cif,./Al13Sc3N16/__initial__/223/xtal_50.cif,27.484257,-12.630531
xtal_51.cif,./Al13Sc3N16/223/xtal_51.cif,18.344572,-12.770897
xtal_52.cif,./Al13Sc3N16/__initial__/223/xtal_52.cif,1.5041295,-28.042963
xtal_53.cif,./Al13Sc3N16/__initial__/223/xtal_53.cif,39.469387,13.545541
xtal_54.cif,./Al13Sc3N16/223/xtal_54.cif,43.803104,15.9097
xtal_55.cif,./Al13Sc3N16/__initial__/223/xtal_55.cif,-15.5098095,-40.521603
xtal_56.cif,./Al13Sc3N16/__initial__/223/xtal_56.cif,-105.40916,-3.984112
xtal_57.cif,./Al13Sc3N16/__initial__/223/xtal_57.cif,-104.99759,-13.070007
xtal_58.cif,./Al13Sc3N16/223/xtal_58.cif,5.26442,-29.100973
xtal_59.cif,./Al13Sc3N16/223/xtal_59.cif,-32.79737,81.53821
xtal_6.cif,./Al13Sc3N16/223/xtal_6.cif,11.046366,77.43999
xtal_60.cif,./Al13Sc3N16/223/xtal_60.cif,-79.505226,-40.359352
xtal_61.cif,./Al13Sc3N16/__initial__/223/xtal_61.cif,-21.735804,16.89259
xtal_62.cif,./Al13Sc3N16/__initial__/223/xtal_62.cif,72.33255,64.50453
xtal_63.cif,./Al13Sc3N16/223/xtal_63.cif,43.16392,26.390394
xtal_64.cif,./Al13Sc3N16/__initial__/223/xtal_64.cif,43.430126,41.500725
xtal_65.cif,./Al13Sc3N16/__initial__/223/xtal_65.cif,70.29112,66.903885
xtal_66.cif,./Al13Sc3N16/223/xtal_66.cif,-12.181122,92.75663
xtal_67.cif,./Al13Sc3N16/223/xtal_67.cif,1.6463655,-40.627934
xtal_68.cif,./Al13Sc3N16/223/xtal_68.cif,-31.520147,13.96769
xtal_69.cif,./Al13Sc3N16/__initial__/223/xtal_69.cif,-51.668262,-43.05192
xtal_7.cif,./Al13Sc3N16/223/xtal_7.cif,-37.92926,-12.926967
xtal_70.cif,./Al13Sc3N16/223/xtal_70.cif,32.292896,11.000496
xtal_71.cif,./Al13Sc3N16/223/xtal_71.cif,-5.937868,-38.52978
xtal_72.cif,./Al13Sc3N16/223/xtal_72.cif,44.409744,58.655403
xtal_73.cif,./Al13Sc3N16/223/xtal_73.cif,-7.591887,-25.672544
xtal_74.cif,./Al13Sc3N16/223/xtal_74.cif,-5.9812975,-15.75269
xtal_75.cif,./Al13Sc3N16/223/xtal_75.cif,22.478794,8.04714
xtal_76.cif,./Al13Sc3N16/223/xtal_76.cif,-25.791878,16.480017
xtal_77.cif,./Al13Sc3N16/223/xtal_77.cif,17.022324,-25.360306
xtal_78.cif,./Al13Sc3N16/__initial__/223/xtal_78.cif,37.889683,72.813385
xtal_79.cif,./Al13Sc3N16/__initial__/223/xtal_79.cif,-23.624973,94.03937
xtal_8.cif,./Al13Sc3N16/223/xtal_8.cif,-47.379883,-67.960754
xtal_80.cif,./Al13Sc3N16/223/xtal_80.cif,-10.852164,39.243675
xtal_81.cif,./Al13Sc3N16/__initial__/223/xtal_81.cif,43.112946,51.392567
xtal_82.cif,./Al13Sc3N16/__initial__/223/xtal_82.cif,45.433846,42.647945
xtal_83.cif,./Al13Sc3N16/__initial__/223/xtal_83.cif,20.148008,-22.251905
xtal_84.cif,./Al13Sc3N16/__initial__/223/xtal_84.cif,-55.504395,-1.4992514
xtal_85.cif,./Al13Sc3N16/__initial__/223/xtal_85.cif,-36.398655,-71.718895
xtal_86.cif,./Al13Sc3N16/223/xtal_86.cif,-14.473393,28.824467
xtal_87.cif,./Al13Sc3N16/223/xtal_87.cif,-51.766857,13.058637
xtal_88.cif,./Al13Sc3N16/__initial__/223/xtal_88.cif,-63.190105,-79.84861
xtal_89.cif,./Al13Sc3N16/__initial__/223/xtal_89.cif,-44.459423,27.795128
xtal_9.cif,./Al13Sc3N16/223/xtal_9.cif,-10.628941,22.32439
xtal_90.cif,./Al13Sc3N16/__initial__/223/xtal_90.cif,8.267043,-17.01366
xtal_91.cif,./Al13Sc3N16/223/xtal_91.cif,-9.583804,-46.89344
xtal_92.cif,./Al13Sc3N16/__initial__/223/xtal_92.cif,55.891212,42.46483
xtal_93.cif,./Al13Sc3N16/__initial__/223/xtal_93.cif,-25.704073,17.88473
xtal_94.cif,./Al13Sc3N16/223/xtal_94.cif,31.970396,11.213206
xtal_95.cif,./Al13Sc3N16/223/xtal_95.cif,34.055073,33.501484
xtal_96.cif,./Al13Sc3N16/__initial__/223/xtal_96.cif,24.973028,11.46449
xtal_97.cif,./Al13Sc3N16/__initial__/223/xtal_97.cif,-27.577698,18.507982
xtal_98.cif,./Al13Sc3N16/223/xtal_98.cif,-15.77609,46.958515
xtal_99.cif,./Al13Sc3N16/223/xtal_99.cif,-56.52193,11.565802
xtal_1.cif,./Al13Sc3N16/224/xtal_1.cif,23.581419,28.608664
xtal_10.cif,./Al13Sc3N16/__initial__/224/xtal_10.cif,-61.164116,-26.10985
xtal_100.cif,./Al13Sc3N16/224/xtal_100.cif,25.741201,10.108564
xtal_11.cif,./Al13Sc3N16/224/xtal_11.cif,53.041836,44.95975
xtal_12.cif,./Al13Sc3N16/__initial__/224/xtal_12.cif,-18.727472,-39.324123
xtal_13.cif,./Al13Sc3N16/__initial__/224/xtal_13.cif,-21.415874,54.132107
xtal_14.cif,./Al13Sc3N16/__initial__/224/xtal_14.cif,-12.910195,21.703009
xtal_15.cif,./Al13Sc3N16/224/xtal_15.cif,-13.31315,-44.25995
xtal_16.cif,./Al13Sc3N16/224/xtal_16.cif,31.075232,36.036423
xtal_17.cif,./Al13Sc3N16/224/xtal_17.cif,-15.071554,0.5613168
xtal_18.cif,./Al13Sc3N16/224/xtal_18.cif,34.766796,7.761719
xtal_19.cif,./Al13Sc3N16/__initial__/224/xtal_19.cif,-33.512424,26.727123
xtal_2.cif,./Al13Sc3N16/__initial__/224/xtal_2.cif,-10.111781,91.1035
xtal_20.cif,./Al13Sc3N16/__initial__/224/xtal_20.cif,51.36127,78.651405
xtal_21.cif,./Al13Sc3N16/224/xtal_21.cif,-11.084873,4.718264
xtal_22.cif,./Al13Sc3N16/224/xtal_22.cif,-10.704373,30.73155
xtal_23.cif,./Al13Sc3N16/__initial__/224/xtal_23.cif,28.216553,-9.262968
xtal_24.cif,./Al13Sc3N16/224/xtal_24.cif,-22.383724,39.75199
xtal_25.cif,./Al13Sc3N16/__initial__/224/xtal_25.cif,-57.344753,0.16177523
xtal_26.cif,./Al13Sc3N16/__initial__/224/xtal_26.cif,-6.606892,-50.2856
xtal_27.cif,./Al13Sc3N16/224/xtal_27.cif,-2.448364,6.516633
xtal_28.cif,./Al13Sc3N16/__initial__/224/xtal_28.cif,-16.37428,18.499287
xtal_29.cif,./Al13Sc3N16/__initial__/224/xtal_29.cif,-36.33201,81.7794
xtal_3.cif,./Al13Sc3N16/224/xtal_3.cif,7.6060095,-12.157741
xtal_30.cif,./Al13Sc3N16/224/xtal_30.cif,-4.9782753,-29.275183
xtal_31.cif,./Al13Sc3N16/224/xtal_31.cif,52.207253,67.05298
xtal_32.cif,./Al13Sc3N16/__initial__/224/xtal_32.cif,-26.301908,57.394
xtal_33.cif,./Al13Sc3N16/__initial__/224/xtal_33.cif,-60.835365,-9.084694
xtal_34.cif,./Al13Sc3N16/224/xtal_34.cif,-55.280888,-50.825115
xtal_35.cif,./Al13Sc3N16/224/xtal_35.cif,12.505943,-18.617193
xtal_36.cif,./Al13Sc3N16/__initial__/224/xtal_36.cif,-25.124716,61.0954
xtal_37.cif,./Al13Sc3N16/__initial__/224/xtal_37.cif,29.288734,11.927706
xtal_38.cif,./Al13Sc3N16/__initial__/224/xtal_38.cif,29.531471,73.77073
xtal_39.cif,./Al13Sc3N16/__initial__/224/xtal_39.cif,-99.162224,-18.24072
xtal_4.cif,./Al13Sc3N16/__initial__/224/xtal_4.cif,48.8812,76.71968
xtal_40.cif,./Al13Sc3N16/__initial__/224/xtal_40.cif,-71.723526,72.22072
xtal_41.cif,./Al13Sc3N16/224/xtal_41.cif,26.398916,-10.523428
xtal_42.cif,./Al13Sc3N16/224/xtal_42.cif,43.844013,68.383514
xtal_43.cif,./Al13Sc3N16/224/xtal_43.cif,61.56604,53.68994
xtal_44.cif,./Al13Sc3N16/__initial__/224/xtal_44.cif,31.433697,27.55793
xtal_45.cif,./Al13Sc3N16/__initial__/224/xtal_45.cif,-63.17111,92.17648
xtal_46.cif,./Al13Sc3N16/__initial__/224/xtal_46.cif,-18.347403,24.519512
xtal_47.cif,./Al13Sc3N16/__initial__/224/xtal_47.cif,-61.82092,-9.939161
xtal_48.cif,./Al13Sc3N16/__initial__/224/xtal_48.cif,-59.24685,6.739848
xtal_49.cif,./Al13Sc3N16/224/xtal_49.cif,35.4656,40.34052
xtal_5.cif,./Al13Sc3N16/224/xtal_5.cif,1.873157,-40.845448
xtal_50.cif,./Al13Sc3N16/224/xtal_50.cif,6.6759315,80.08307
xtal_51.cif,./Al13Sc3N16/__initial__/224/xtal_51.cif,-8.645717,40.650414
xtal_52.cif,./Al13Sc3N16/__initial__/224/xtal_52.cif,-64.37508,91.409645
xtal_53.cif,./Al13Sc3N16/224/xtal_53.cif,5.122625,26.38491
xtal_54.cif,./Al13Sc3N16/__initial__/224/xtal_54.cif,29.34872,74.508484
xtal_55.cif,./Al13Sc3N16/224/xtal_55.cif,-53.90968,-30.8214
xtal_56.cif,./Al13Sc3N16/__initial__/224/xtal_56.cif,-47.66575,7.3462696
xtal_57.cif,./Al13Sc3N16/__initial__/224/xtal_57.cif,-31.820536,-48.90921
xtal_58.cif,./Al13Sc3N16/__initial__/224/xtal_58.cif,-44.062786,5.9575996
xtal_59.cif,./Al13Sc3N16/224/xtal_59.cif,30.083738,89.04337
xtal_6.cif,./Al13Sc3N16/224/xtal_6.cif,31.548475,31.80573
xtal_60.cif,./Al13Sc3N16/__initial__/224/xtal_60.cif,-48.395676,7.2944555
xtal_61.cif,./Al13Sc3N16/224/xtal_61.cif,47.31727,44.285534
xtal_62.cif,./Al13Sc3N16/224/xtal_62.cif,65.95674,66.43466
xtal_63.cif,./Al13Sc3N16/224/xtal_63.cif,-71.06303,-17.75907
xtal_64.cif,./Al13Sc3N16/224/xtal_64.cif,-43.63563,-15.0444565
xtal_65.cif,./Al13Sc3N16/224/xtal_65.cif,-15.665787,16.734476
xtal_66.cif,./Al13Sc3N16/224/xtal_66.cif,-24.376328,42.55646
xtal_67.cif,./Al13Sc3N16/__initial__/224/xtal_67.cif,-67.35265,-38.417603
xtal_68.cif,./Al13Sc3N16/224/xtal_68.cif,16.823904,-23.299522
xtal_69.cif,./Al13Sc3N16/__initial__/224/xtal_69.cif,-23.378925,65.01559
xtal_7.cif,./Al13Sc3N16/224/xtal_7.cif,-22.891405,35.074284
xtal_70.cif,./Al13Sc3N16/224/xtal_70.cif,-31.686806,82.37537
xtal_71.cif,./Al13Sc3N16/224/xtal_71.cif,33.164658,22.064913
xtal_72.cif,./Al13Sc3N16/__initial__/224/xtal_72.cif,-58.33443,8.958236
xtal_73.cif,./Al13Sc3N16/224/xtal_73.cif,0.5216951,-14.072319
xtal_74.cif,./Al13Sc3N16/224/xtal_74.cif,-49.153374,6.908405
xtal_75.cif,./Al13Sc3N16/__initial__/224/xtal_75.cif,-78.28739,76.16507
xtal_76.cif,./Al13Sc3N16/224/xtal_76.cif,47.581055,24.554293
xtal_77.cif,./Al13Sc3N16/__initial__/224/xtal_77.cif,-59.95695,-25.244713
xtal_78.cif,./Al13Sc3N16/224/xtal_78.cif,-48.40434,91.81229
xtal_79.cif,./Al13Sc3N16/__initial__/224/xtal_79.cif,-25.048958,18.121931
xtal_8.cif,./Al13Sc3N16/224/xtal_8.cif,-26.241516,-33.178223
xtal_80.cif,./Al13Sc3N16/__initial__/224/xtal_80.cif,-26.077978,22.367334
xtal_81.cif,./Al13Sc3N16/__initial__/224/xtal_81.cif,-38.987938,-42.26437
xtal_82.cif,./Al13Sc3N16/224/xtal_82.cif,36.950603,61.627678
xtal_83.cif,./Al13Sc3N16/__initial__/224/xtal_83.cif,-36.868927,32.109703
xtal_84.cif,./Al13Sc3N16/__initial__/224/xtal_84.cif,41.49388,45.50437
xtal_85.cif,./Al13Sc3N16/224/xtal_85.cif,-21.234562,60.417515
xtal_86.cif,./Al13Sc3N16/__initial__/224/xtal_86.cif,13.072557,68.56626
xtal_87.cif,./Al13Sc3N16/224/xtal_87.cif,28.837992,9.3643675
xtal_88.cif,./Al13Sc3N16/224/xtal_88.cif,-19.01998,-27.678373
xtal_89.cif,./Al13Sc3N16/224/xtal_89.cif,-6.6933055,-50.28953
xtal_9.cif,./Al13Sc3N16/224/xtal_9.cif,-55.28545,75.83938
xtal_90.cif,./Al13Sc3N16/224/xtal_90.cif,-41.5983,90.25345
xtal_91.cif,./Al13Sc3N16/__initial__/224/xtal_91.cif,-24.084084,69.69947
xtal_92.cif,./Al13Sc3N16/__initial__/224/xtal_92.cif,-31.06757,93.300964
xtal_93.cif,./Al13Sc3N16/__initial__/224/xtal_93.cif,-37.354675,35.50569
xtal_94.cif,./Al13Sc3N16/__initial__/224/xtal_94.cif,-55.82312,-18.455137
xtal_95.cif,./Al13Sc3N16/__initial__/224/xtal_95.cif,-49.805378,9.823785
xtal_96.cif,./Al13Sc3N16/__initial__/224/xtal_96.cif,-26.948496,64.96113
xtal_97.cif,./Al13Sc3N16/__initial__/224/xtal_97.cif,16.269363,-20.682049
xtal_98.cif,./Al13Sc3N16/224/xtal_98.cif,-11.721689,-7.34415
xtal_99.cif,./Al13Sc3N16/224/xtal_99.cif,-15.706614,-25.413477
xtal_1.cif,./Al13Sc3N16/__initial__/229/xtal_1.cif,-26.709332,17.380455
xtal_10.cif,./Al13Sc3N16/229/xtal_10.cif,63.34085,53.292717
xtal_100.cif,./Al13Sc3N16/__initial__/229/xtal_100.cif,-30.93926,93.24896
xtal_11.cif,./Al13Sc3N16/229/xtal_11.cif,-32.32575,-36.268364
xtal_12.cif,./Al13Sc3N16/__initial__/229/xtal_12.cif,-61.083557,-9.271558
xtal_13.cif,./Al13Sc3N16/__initial__/229/xtal_13.cif,58.749302,66.61697
xtal_14.cif,./Al13Sc3N16/__initial__/229/xtal_14.cif,-89.25572,-63.468163
xtal_15.cif,./Al13Sc3N16/__initial__/229/xtal_15.cif,-49.88019,-75.33038
xtal_16.cif,./Al13Sc3N16/229/xtal_16.cif,7.8434715,-11.929284
xtal_17.cif,./Al13Sc3N16/__initial__/229/xtal_17.cif,51.08142,33.966534
xtal_18.cif,./Al13Sc3N16/__initial__/229/xtal_18.cif,43.63244,53.643417
xtal_19.cif,./Al13Sc3N16/__initial__/229/xtal_19.cif,-34.65419,94.25478
xtal_2.cif,./Al13Sc3N16/229/xtal_2.cif,-21.660318,60.261654
xtal_20.cif,./Al13Sc3N16/__initial__/229/xtal_20.cif,-8.895167,-54.772133
xtal_21.cif,./Al13Sc3N16/229/xtal_21.cif,9.790452,-16.367117
xtal_22.cif,./Al13Sc3N16/__initial__/229/xtal_22.cif,-81.79589,-39.68615
xtal_23.cif,./Al13Sc3N16/229/xtal_23.cif,-36.894314,-67.9464
xtal_24.cif,./Al13Sc3N16/229/xtal_24.cif,-26.883438,59.18974
xtal_25.cif,./Al13Sc3N16/__initial__/229/xtal_25.cif,-90.59489,-19.060232
xtal_26.cif,./Al13Sc3N16/229/xtal_26.cif,-89.11825,-52.651928
xtal_27.cif,./Al13Sc3N16/229/xtal_27.cif,-46.76067,-8.444883
xtal_28.cif,./Al13Sc3N16/229/xtal_28.cif,-29.851381,61.984882
xtal_29.cif,./Al13Sc3N16/__initial__/229/xtal_29.cif,3.4106572,-11.421071
xtal_3.cif,./Al13Sc3N16/229/xtal_3.cif,61.45019,53.175167
xtal_30.cif,./Al13Sc3N16/__initial__/229/xtal_30.cif,-10.752419,-58.961445
xtal_31.cif,./Al13Sc3N16/__initial__/229/xtal_31.cif,-60.989967,80.59924
xtal_32.cif,./Al13Sc3N16/__initial__/229/xtal_32.cif,-48.387466,91.81731
xtal_33.cif,./Al13Sc3N16/229/xtal_33.cif,50.617496,80.47033
xtal_34.cif,./Al13Sc3N16/229/xtal_34.cif,13.368806,-18.095873
xtal_35.cif,./Al13Sc3N16/__initial__/229/xtal_35.cif,45.956093,43.07569
xtal_36.cif,./Al13Sc3N16/229/xtal_36.cif,21.043207,-3.31671
xtal_37.cif,./Al13Sc3N16/229/xtal_37.cif,14.819033,-26.460352
xtal_38.cif,./Al13Sc3N16/229/xtal_38.cif,-65.85888,83.508026
xtal_39.cif,./Al13Sc3N16/__initial__/229/xtal_39.cif,48.57906,34.161743
xtal_4.cif,./Al13Sc3N16/229/xtal_4.cif,1.3072597,-12.1807375
xtal_40.cif,./Al13Sc3N16/__initial__/229/xtal_40.cif,36.025883,43.761555
xtal_41.cif,./Al13Sc3N16/__initial__/229/xtal_41.cif,-39.045193,-30.751234
xtal_42.cif,./Al13Sc3N16/229/xtal_42.cif,57.55095,42.326653
xtal_43.cif,./Al13Sc3N16/229/xtal_43.cif,-41.490135,92.850044
xtal_44.cif,./Al13Sc3N16/229/xtal_44.cif,-26.397251,58.935905
xtal_45.cif,./Al13Sc3N16/__initial__/229/xtal_45.cif,-21.5251,60.944077
xtal_46.cif,./Al13Sc3N16/__initial__/229/xtal_46.cif,-26.460876,-34.06177
xtal_47.cif,./Al13Sc3N16/__initial__/229/xtal_47.cif,62.529778,55.274204
xtal_48.cif,./Al13Sc3N16/__initial__/229/xtal_48.cif,-24.710531,73.52766
xtal_49.cif,./Al13Sc3N16/229/xtal_49.cif,-33.645435,93.64475
xtal_5.cif,./Al13Sc3N16/229/xtal_5.cif,50.11516,33.737015
xtal_50.cif,./Al13Sc3N16/__initial__/229/xtal_50.cif,-27.410984,57.976784
xtal_51.cif,./Al13Sc3N16/__initial__/229/xtal_51.cif,42.368816,19.007639
xtal_52.cif,./Al13Sc3N16/__initial__/229/xtal_52.cif,-21.677914,57.79322
xtal_53.cif,./Al13Sc3N16/229/xtal_53.cif,33.824425,89.330826
xtal_54.cif,./Al13Sc3N16/229/xtal_54.cif,49.324352,78.359665
xtal_55.cif,./Al13Sc3N16/__initial__/229/xtal_55.cif,28.823116,15.373408
xtal_56.cif,./Al13Sc3N16/229/xtal_56.cif,19.176245,18.114185
xtal_57.cif,./Al13Sc3N16/229/xtal_57.cif,31.669651,11.250158
xtal_58.cif,./Al13Sc3N16/229/xtal_58.cif,-43.28199,92.75568
xtal_59.cif,./Al13Sc3N16/229/xtal_59.cif,-89.52171,-63.580536
xtal_6.cif,./Al13Sc3N16/229/xtal_6.cif,-36.209435,-29.411064
xtal_60.cif,./Al13Sc3N16/229/xtal_60.cif,54.43423,37.823925
xtal_61.cif,./Al13Sc3N16/229/xtal_61.cif,-35.532063,-78.40195
xtal_62.cif,./Al13Sc3N16/229/xtal_62.cif,-45.90971,-66.0126
xtal_63.cif,./Al13Sc3N16/229/xtal_63.cif,32.172474,32.652725
xtal_64.cif,./Al13Sc3N16/229/xtal_64.cif,19.005505,18.295725
xtal_65.cif,./Al13Sc3N16/229/xtal_65.cif,41.70678,19.732006
xtal_66.cif,./Al13Sc3N16/__initial__/229/xtal_66.cif,7.1772346,86.33741
xtal_67.cif,./Al13Sc3N16/229/xtal_67.cif,52.624252,79.93095
xtal_68.cif,./Al13Sc3N16/__initial__/229/xtal_68.cif,-39.163094,11.50585
xtal_69.cif,./Al13Sc3N16/229/xtal_69.cif,34.32679,2.5073602
xtal_7.cif,./Al13Sc3N16/__initial__/229/xtal_7.cif,-26.269445,61.984787
xtal_70.cif,./Al13Sc3N16/229/xtal_70.cif,51.167606,79.86799
xtal_71.cif,./Al13Sc3N16/__initial__/229/xtal_71.cif,-69.78532,85.78714
xtal_72.cif,./Al13Sc3N16/__initial__/229/xtal_72.cif,-72.73939,86.86358
xtal_73.cif,./Al13Sc3N16/__initial__/229/xtal_73.cif,11.46717,-15.397781
xtal_74.cif,./Al13Sc3N16/__initial__/229/xtal_74.cif,65.94227,56.412083
xtal_75.cif,./Al13Sc3N16/__initial__/229/xtal_75.cif,34.22734,7.926306
xtal_76.cif,./Al13Sc3N16/229/xtal_76.cif,36.000763,43.58501
xtal_77.cif,./Al13Sc3N16/229/xtal_77.cif,19.241655,-2.2864785
xtal_78.cif,./Al13Sc3N16/229/xtal_78.cif,-27.29525,60.791214
xtal_79.cif,./Al13Sc3N16/229/xtal_79.cif,-57.52701,-81.01045
xtal_8.cif,./Al13Sc3N16/229/xtal_8.cif,-32.78575,-38.946068
xtal_80.cif,./Al13Sc3N16/__initial__/229/xtal_80.cif,-48.781883,-66.16534
xtal_81.cif,./Al13Sc3N16/__initial__/229/xtal_81.cif,-41.025906,92.67931
xtal_82.cif,./Al13Sc3N16/__initial__/229/xtal_82.cif,-51.44418,-1.4420372
xtal_83.cif,./Al13Sc3N16/__initial__/229/xtal_83.cif,-24.468054,-61.346977
xtal_84.cif,./Al13Sc3N16/__initial__/229/xtal_84.cif,30.504913,9.593375
xtal_85.cif,./Al13Sc3N16/__initial__/229/xtal_85.cif,-30.323107,63.416218
xtal_86.cif,./Al13Sc3N16/__initial__/229/xtal_86.cif,-5.413408,-15.891813
xtal_87.cif,./Al13Sc3N16/__initial__/229/xtal_87.cif,-14.3298,-23.892017
xtal_88.cif,./Al13Sc3N16/229/xtal_88.cif,-72.5204,-10.386238
xtal_89.cif,./Al13Sc3N16/229/xtal_89.cif,-21.261414,56.852123
xtal_9.cif,./Al13Sc3N16/__initial__/229/xtal_9.cif,-30.294767,59.992622
xtal_90.cif,./Al13Sc3N16/__initial__/229/xtal_90.cif,-27.356792,20.535856
xtal_91.cif,./Al13Sc3N16/__initial__/229/xtal_91.cif,33.310654,34.44514
xtal_92.cif,./Al13Sc3N16/229/xtal_92.cif,-38.733486,11.273872
xtal_93.cif,./Al13Sc3N16/__initial__/229/xtal_93.cif,22.426834,-18.778893
xtal_94.cif,./Al13Sc3N16/229/xtal_94.cif,-19.488134,-61.33538
xtal_95.cif,./Al13Sc3N16/__initial__/229/xtal_95.cif,-37.73009,9.15432
xtal_96.cif,./Al13Sc3N16/229/xtal_96.cif,31.908527,34.591415
xtal_97.cif,./Al13Sc3N16/229/xtal_97.cif,-26.148075,60.849052
xtal_98.cif,./Al13Sc3N16/__initial__/229/xtal_98.cif,-41.141457,94.701065
xtal_99.cif,./Al13Sc3N16/229/xtal_99.cif,-32.834488,93.80015
